992 , 150 , 10 , 78760 , ILS
      11 ,       74 ,       22 ,      112 ,       10 ,       67 ,       73 ,       14 ,      100 ,       13 ,       91 ,       12 ,      118 ,      114 ,      105 ,       33 ,      120 ,       58 ,       87 ,       90 ,      138 ,       82 ,       50 ,      125 ,      109 ,       88 ,       94 ,       54 ,      133 ,      103 ,       79 ,       35 ,       52 ,       31 ,       19 ,      134 ,      131 ,      127 ,      144 ,      128 ,       16 ,        9 ,       20 ,       76 ,      102 ,       37 ,       48 ,       28 ,       95 ,      106 ,       85 ,      107 ,      119 ,      132 ,      135 ,       56 ,        6 ,       97 ,       41 ,       49 ,       62 ,       36 ,       29 ,       66 ,      122 ,      143 ,       65 ,      126 ,       80 ,       63 ,      116 ,      141 ,       99 ,       24 ,       46 ,       30 ,        8 ,      123 ,       26 ,      124 ,       96 ,       83 ,       64 ,      117 ,       53 ,      104 ,       98 ,       78 ,      101 ,        7 ,      108 ,      136 ,      139 ,        2 ,       84 ,       18 ,       47 ,       57 ,       61 ,      142 ,      111 ,      146 ,       92 ,       34 ,       59 ,      130 ,       40 ,       72 ,       25 ,       45 ,       51 ,       39 ,       93 ,       68 ,      145 ,        0 ,       44 ,       81 ,       89 ,       70 ,       42 ,      121 ,       60 ,      149 ,      113 ,       15 ,      115 ,        5 ,      147 ,       86 ,      129 ,       17 ,       71 ,       21 ,       75 ,       27 ,      140 ,       55 ,       43 ,       32 ,       77 ,        1 ,        3 ,        4 ,      137 ,       38 ,       23 ,      148 ,      110 ,       69 , 
      74 ,       22 ,       10 ,       11 ,       14 ,      112 ,       67 ,       12 ,      100 ,       73 ,      118 ,      105 ,       91 ,       13 ,       58 ,       33 ,      120 ,       87 ,      114 ,       90 ,       50 ,      109 ,       94 ,       82 ,      138 ,      103 ,      125 ,      133 ,       52 ,       31 ,       88 ,      134 ,       19 ,       54 ,       35 ,       79 ,       16 ,      127 ,       20 ,      131 ,      128 ,      144 ,      102 ,       28 ,        9 ,       48 ,       76 ,       37 ,       95 ,      107 ,       85 ,      106 ,      132 ,      119 ,      135 ,        6 ,       41 ,       49 ,       36 ,       62 ,       56 ,       66 ,       97 ,      122 ,       65 ,      143 ,      126 ,       29 ,       63 ,       80 ,      116 ,      141 ,       46 ,       30 ,       99 ,      123 ,       24 ,       96 ,        8 ,      124 ,       53 ,      117 ,      104 ,        7 ,       78 ,       98 ,       26 ,       64 ,       83 ,      139 ,      101 ,       18 ,      136 ,       84 ,      108 ,        2 ,      111 ,       34 ,       59 ,       47 ,       57 ,       61 ,       72 ,      142 ,      146 ,       92 ,      130 ,       51 ,       40 ,       25 ,       45 ,       39 ,        0 ,       44 ,       93 ,       81 ,       68 ,      145 ,       89 ,      121 ,       70 ,      149 ,       15 ,      113 ,       42 ,       86 ,       60 ,      147 ,       17 ,        5 ,      115 ,       75 ,      129 ,       71 ,       21 ,      140 ,       77 ,       27 ,        1 ,        4 ,        3 ,       43 ,       55 ,       38 ,      137 ,       32 ,      110 ,       23 ,      148 ,       69 , 
      74 ,       22 ,       14 ,       67 ,      112 ,       10 ,      118 ,      105 ,       11 ,       73 ,       12 ,       91 ,      100 ,       13 ,       87 ,       90 ,       33 ,      120 ,      114 ,       58 ,       50 ,      138 ,      109 ,       94 ,      133 ,       82 ,       31 ,       52 ,       88 ,      125 ,      103 ,      134 ,       79 ,       35 ,       54 ,       19 ,       16 ,      127 ,      102 ,       28 ,       20 ,      144 ,      128 ,      131 ,       48 ,        9 ,       76 ,       85 ,       95 ,      106 ,      107 ,       37 ,      119 ,        6 ,      132 ,       36 ,       62 ,      135 ,       41 ,       66 ,       49 ,       97 ,      126 ,       56 ,      143 ,      122 ,       65 ,       63 ,       80 ,       29 ,      141 ,       46 ,      123 ,      116 ,       99 ,       30 ,       24 ,       53 ,      104 ,      117 ,      124 ,       96 ,       78 ,       98 ,        8 ,       83 ,       26 ,        7 ,      101 ,       84 ,       64 ,      139 ,       18 ,        2 ,      108 ,      136 ,       57 ,       59 ,       47 ,      142 ,      111 ,       92 ,       34 ,      146 ,       61 ,       72 ,      130 ,       51 ,       40 ,       39 ,       25 ,        0 ,       45 ,       44 ,       93 ,      145 ,      121 ,       81 ,       68 ,       70 ,       89 ,       15 ,       60 ,      149 ,       17 ,      147 ,        5 ,      115 ,       86 ,       71 ,      129 ,       75 ,       77 ,      113 ,       21 ,      140 ,       42 ,        4 ,       43 ,       38 ,      137 ,        1 ,        3 ,       23 ,      148 ,      110 ,       27 ,       55 ,       32 ,       69 , 
      22 ,       74 ,       67 ,       14 ,      118 ,       10 ,      112 ,      105 ,       12 ,       13 ,       11 ,      100 ,       33 ,       90 ,       91 ,       73 ,       50 ,       87 ,      114 ,       58 ,       94 ,      120 ,      133 ,       82 ,      138 ,      109 ,       52 ,       88 ,      103 ,      134 ,       35 ,       31 ,      125 ,      127 ,       79 ,       54 ,       20 ,      102 ,       19 ,       16 ,       28 ,      144 ,      128 ,       76 ,       48 ,      131 ,        9 ,       37 ,       85 ,       95 ,      106 ,      119 ,      107 ,      135 ,        6 ,      132 ,       66 ,       41 ,       49 ,       97 ,       36 ,       62 ,      143 ,      126 ,       80 ,       65 ,       56 ,       29 ,       46 ,       63 ,      123 ,      122 ,      141 ,       24 ,       53 ,      117 ,      116 ,      124 ,       99 ,       30 ,        8 ,       96 ,       98 ,      104 ,       83 ,       78 ,       26 ,      139 ,      101 ,       64 ,       84 ,        7 ,       18 ,        2 ,      108 ,       57 ,      136 ,       47 ,       59 ,      142 ,       92 ,      111 ,       61 ,       34 ,       40 ,      146 ,       72 ,      130 ,       45 ,       25 ,       51 ,       93 ,       39 ,       81 ,      121 ,       68 ,       70 ,        0 ,       44 ,      145 ,       15 ,       86 ,       17 ,       60 ,       89 ,      149 ,      147 ,        5 ,       77 ,      113 ,       71 ,      115 ,       21 ,      140 ,        4 ,       75 ,      129 ,       43 ,      137 ,        3 ,       38 ,       42 ,        1 ,       27 ,       32 ,       23 ,       55 ,      110 ,      148 ,       69 , 
      67 ,      118 ,       22 ,       74 ,      112 ,       10 ,       14 ,      105 ,      100 ,       33 ,       12 ,       73 ,       90 ,       13 ,       11 ,       87 ,       50 ,       91 ,      114 ,       58 ,      120 ,       94 ,      109 ,      138 ,      133 ,       82 ,       52 ,       88 ,      125 ,      103 ,       35 ,       31 ,       20 ,      134 ,      127 ,       79 ,       28 ,       16 ,      102 ,       19 ,       54 ,      131 ,      144 ,       37 ,      128 ,       95 ,        9 ,       76 ,      119 ,       48 ,        6 ,       85 ,      106 ,      135 ,      132 ,      107 ,       66 ,       62 ,       41 ,       49 ,       36 ,      143 ,       65 ,       97 ,       46 ,       63 ,      126 ,       80 ,      122 ,       29 ,       53 ,      117 ,       56 ,      123 ,      116 ,      141 ,       24 ,      124 ,       30 ,       99 ,       83 ,        8 ,       98 ,       96 ,       26 ,      104 ,      139 ,       78 ,      101 ,       64 ,       84 ,       57 ,       18 ,        7 ,      108 ,        2 ,       47 ,      136 ,       59 ,       61 ,      142 ,       92 ,      146 ,       34 ,      111 ,       45 ,       40 ,      130 ,       25 ,       72 ,       51 ,       93 ,       70 ,      121 ,        0 ,       39 ,      145 ,       15 ,       81 ,       68 ,       89 ,       86 ,       44 ,      149 ,       17 ,      147 ,       60 ,      115 ,      113 ,        5 ,        4 ,       71 ,       77 ,      140 ,      129 ,       21 ,        3 ,      137 ,       75 ,       42 ,        1 ,       43 ,       38 ,      110 ,       23 ,      148 ,       27 ,       55 ,       69 ,       32 , 
      67 ,       22 ,       74 ,       10 ,      118 ,       14 ,       33 ,      112 ,      105 ,      100 ,       12 ,       73 ,       50 ,       90 ,       11 ,       58 ,       87 ,       13 ,      109 ,       94 ,       91 ,      138 ,      133 ,      120 ,      114 ,       88 ,      125 ,      103 ,       52 ,       35 ,       82 ,       20 ,       31 ,      127 ,       16 ,       79 ,      102 ,      134 ,       28 ,      144 ,       19 ,       54 ,      131 ,       37 ,      128 ,        9 ,       76 ,       95 ,       48 ,      119 ,       85 ,        6 ,      106 ,       66 ,       41 ,      135 ,       49 ,      107 ,      132 ,       62 ,      143 ,       36 ,       46 ,       65 ,       97 ,      126 ,       80 ,      122 ,       63 ,      117 ,      123 ,       29 ,       53 ,      116 ,       56 ,      124 ,       24 ,      141 ,       98 ,       30 ,       96 ,       99 ,        8 ,       83 ,       26 ,       64 ,      104 ,      139 ,       84 ,      101 ,      108 ,        2 ,       78 ,       57 ,        7 ,       18 ,       59 ,       92 ,      136 ,       47 ,       34 ,      146 ,       45 ,       61 ,      142 ,       40 ,      111 ,       72 ,      130 ,       93 ,       51 ,       25 ,        0 ,       70 ,       15 ,       39 ,      145 ,      121 ,       44 ,       68 ,       81 ,       86 ,       17 ,       89 ,      147 ,      149 ,       60 ,      115 ,        5 ,      113 ,        4 ,       77 ,        3 ,       71 ,      137 ,      140 ,       21 ,      129 ,       38 ,       75 ,      110 ,        1 ,       42 ,       43 ,       69 ,      148 ,       27 ,       23 ,       32 ,       55 , 
      67 ,       22 ,      118 ,       74 ,       33 ,      105 ,       10 ,      100 ,      112 ,       14 ,       50 ,       73 ,       58 ,       90 ,       12 ,       87 ,       11 ,       94 ,       13 ,      109 ,      138 ,      114 ,      133 ,       91 ,       52 ,       88 ,      125 ,       20 ,      120 ,      103 ,      127 ,       35 ,       16 ,       82 ,       31 ,       79 ,      102 ,       54 ,       19 ,       28 ,      128 ,       37 ,      134 ,      131 ,      144 ,       76 ,       95 ,       48 ,        9 ,      119 ,        6 ,       66 ,       62 ,       85 ,      106 ,       49 ,      132 ,       41 ,      107 ,      135 ,       46 ,       36 ,      126 ,      143 ,       65 ,       63 ,       80 ,       97 ,      117 ,      122 ,       29 ,       56 ,       53 ,      116 ,      123 ,      124 ,       98 ,       30 ,       96 ,       24 ,        8 ,       99 ,      141 ,      139 ,       26 ,       83 ,      104 ,      101 ,       64 ,      108 ,       57 ,       78 ,       59 ,       84 ,        2 ,        7 ,       47 ,       18 ,       45 ,       61 ,      146 ,      136 ,       92 ,       72 ,      111 ,       34 ,      130 ,       40 ,       70 ,      142 ,       93 ,       39 ,       25 ,      145 ,        0 ,       51 ,       15 ,       86 ,       17 ,      121 ,       44 ,       68 ,      147 ,       81 ,       89 ,       60 ,      149 ,      113 ,        3 ,      115 ,        4 ,      137 ,        5 ,       77 ,       21 ,       71 ,      129 ,       38 ,      140 ,       42 ,      148 ,       75 ,        1 ,       43 ,      110 ,       27 ,       69 ,       23 ,       55 ,       32 , 
      67 ,       22 ,      118 ,       33 ,       10 ,      100 ,      105 ,       74 ,       14 ,       50 ,       73 ,      112 ,       87 ,       90 ,       58 ,       13 ,       11 ,      138 ,      114 ,       12 ,      109 ,       94 ,       91 ,       52 ,       88 ,      120 ,      133 ,      125 ,      127 ,       20 ,      103 ,       82 ,       35 ,       16 ,      102 ,       31 ,       19 ,       79 ,       28 ,       54 ,      128 ,      134 ,       76 ,       48 ,       37 ,      131 ,       95 ,        9 ,        6 ,      144 ,      119 ,       85 ,       62 ,      106 ,       49 ,      107 ,       41 ,       36 ,       66 ,      132 ,      126 ,      135 ,       46 ,       65 ,      143 ,       80 ,       63 ,       29 ,      117 ,       97 ,      122 ,      123 ,       53 ,       56 ,      124 ,       96 ,      116 ,        8 ,       30 ,       99 ,       98 ,      141 ,       24 ,       83 ,      101 ,      104 ,      108 ,       64 ,       26 ,      139 ,       57 ,       84 ,        2 ,        7 ,       78 ,       45 ,      146 ,       59 ,       18 ,       92 ,       47 ,       72 ,      130 ,      136 ,       61 ,       40 ,      111 ,       34 ,       70 ,       25 ,      145 ,      142 ,       39 ,       93 ,       51 ,        0 ,       44 ,       17 ,       15 ,       86 ,       68 ,      121 ,      147 ,       89 ,       60 ,       81 ,      149 ,        4 ,        3 ,      115 ,      113 ,        5 ,      137 ,      129 ,       77 ,       21 ,       71 ,       38 ,       42 ,      140 ,      148 ,       75 ,      110 ,        1 ,       43 ,       32 ,       27 ,       55 ,       69 ,       23 , 
     118 ,       67 ,       22 ,       74 ,       33 ,       14 ,      100 ,       10 ,      105 ,       50 ,       90 ,      112 ,       58 ,       73 ,       87 ,       13 ,       11 ,       12 ,       91 ,      109 ,      138 ,      114 ,       88 ,       94 ,       52 ,      120 ,      133 ,      125 ,      103 ,       20 ,      127 ,       82 ,       19 ,       31 ,       35 ,       28 ,       16 ,      128 ,      102 ,       48 ,       54 ,       79 ,       95 ,       76 ,        9 ,        6 ,      134 ,      131 ,      119 ,      144 ,       37 ,       62 ,      107 ,       85 ,      106 ,       49 ,      132 ,      135 ,       41 ,       36 ,      143 ,      126 ,       46 ,       66 ,       65 ,      117 ,       80 ,       97 ,       63 ,       29 ,       53 ,       96 ,      122 ,      123 ,      116 ,       56 ,       98 ,       99 ,      124 ,       24 ,        8 ,      141 ,      108 ,       30 ,      101 ,      139 ,       64 ,       83 ,       84 ,      104 ,       26 ,      146 ,       57 ,       78 ,        7 ,       18 ,        2 ,       47 ,       45 ,      130 ,       61 ,       40 ,      136 ,       59 ,       92 ,      111 ,       72 ,       34 ,       25 ,      145 ,       70 ,      142 ,       39 ,       51 ,        0 ,       17 ,       15 ,       93 ,      147 ,       44 ,       60 ,       68 ,      121 ,       89 ,      149 ,       86 ,       81 ,        5 ,        4 ,      115 ,      113 ,      137 ,        3 ,      129 ,       38 ,       71 ,       21 ,       42 ,      148 ,       77 ,      140 ,       75 ,      110 ,       27 ,       69 ,       32 ,        1 ,       43 ,       23 ,       55 , 
     118 ,       22 ,       67 ,      100 ,       74 ,       10 ,       33 ,       14 ,       50 ,      105 ,       90 ,       58 ,       73 ,      112 ,       12 ,       13 ,       11 ,      109 ,       87 ,      138 ,      114 ,       88 ,       91 ,      133 ,       94 ,       52 ,      120 ,      103 ,       82 ,      125 ,       35 ,      127 ,       20 ,       19 ,       31 ,      128 ,       54 ,      102 ,        6 ,       28 ,       95 ,       76 ,       79 ,       16 ,       48 ,      119 ,        9 ,       37 ,      131 ,      107 ,      134 ,      144 ,      106 ,       62 ,       85 ,       41 ,      135 ,      126 ,      132 ,       36 ,       49 ,       65 ,      143 ,       66 ,      117 ,       80 ,       29 ,       46 ,       97 ,       63 ,      122 ,      123 ,       96 ,       99 ,       53 ,       56 ,      124 ,       98 ,      116 ,       30 ,      141 ,       24 ,       64 ,      139 ,        8 ,       84 ,      104 ,       26 ,      108 ,      101 ,       83 ,        7 ,        2 ,       78 ,       47 ,       57 ,      146 ,       18 ,       45 ,       40 ,      130 ,       61 ,      136 ,       72 ,       34 ,      111 ,       92 ,       25 ,       59 ,      145 ,       39 ,       70 ,       51 ,        0 ,       17 ,      142 ,       60 ,       68 ,       44 ,       93 ,       15 ,      149 ,      147 ,      121 ,        5 ,      115 ,      113 ,       89 ,       81 ,       86 ,        4 ,      137 ,       71 ,       21 ,      129 ,        3 ,       77 ,       38 ,      148 ,      140 ,       75 ,       42 ,      110 ,       27 ,       69 ,        1 ,       23 ,       43 ,       32 ,       55 , 
