905 , 150 , 10 , 69617 , ILS
     149 ,       14 ,      124 ,       51 ,       39 ,       70 ,       30 ,       57 ,       76 ,      139 ,      120 ,       68 ,      100 ,       81 ,       58 ,       43 ,       93 ,       75 ,       40 ,       25 ,      105 ,      101 ,      114 ,       59 ,       74 ,      111 ,      119 ,       38 ,       99 ,       42 ,       64 ,       33 ,       67 ,        1 ,       12 ,       66 ,       53 ,      137 ,       15 ,       46 ,       94 ,       78 ,       69 ,      135 ,       21 ,       50 ,      107 ,       17 ,       26 ,       86 ,      123 ,       24 ,      146 ,      126 ,      136 ,       49 ,      118 ,       28 ,      109 ,       45 ,        5 ,      121 ,       95 ,       35 ,      131 ,      140 ,      125 ,       63 ,       41 ,       82 ,      115 ,       79 ,      147 ,       23 ,        4 ,       71 ,       48 ,       22 ,       89 ,       65 ,       47 ,      128 ,       92 ,       90 ,      116 ,      134 ,       80 ,       87 ,      103 ,      106 ,       11 ,       31 ,       34 ,       20 ,       52 ,      132 ,        6 ,      113 ,      127 ,      110 ,       55 ,      104 ,      133 ,      130 ,        9 ,      141 ,       88 ,       61 ,       19 ,        7 ,        2 ,      144 ,       27 ,       96 ,       85 ,       32 ,      129 ,       83 ,       54 ,      142 ,       77 ,        0 ,      145 ,       98 ,       60 ,      122 ,       56 ,       44 ,      102 ,       29 ,      143 ,       16 ,       97 ,       37 ,        3 ,        8 ,      148 ,      138 ,       18 ,       84 ,       13 ,       62 ,       91 ,      117 ,       36 ,       73 ,       72 ,      108 ,       10 ,      112 , 
     149 ,       14 ,      124 ,       51 ,       70 ,       30 ,       57 ,       39 ,       76 ,      139 ,      120 ,       68 ,      100 ,       81 ,       93 ,       58 ,       43 ,       25 ,       40 ,       75 ,      114 ,       59 ,       74 ,      105 ,      101 ,      111 ,      119 ,       38 ,       64 ,       99 ,       42 ,        1 ,       67 ,       33 ,       12 ,      137 ,       66 ,       53 ,       15 ,       94 ,       46 ,      135 ,       21 ,       69 ,       50 ,       17 ,       26 ,       78 ,      107 ,      123 ,       24 ,       86 ,      136 ,      146 ,      118 ,       49 ,      126 ,       28 ,       45 ,        5 ,      109 ,       35 ,      121 ,       95 ,      140 ,      125 ,       63 ,      131 ,      115 ,       79 ,       82 ,       41 ,       23 ,        4 ,       71 ,      147 ,       48 ,       65 ,       22 ,       89 ,       92 ,       47 ,      116 ,      128 ,       80 ,       90 ,      134 ,       87 ,      103 ,      106 ,       11 ,       31 ,       34 ,       20 ,       52 ,      113 ,        6 ,      132 ,      127 ,      110 ,       55 ,      104 ,      130 ,      133 ,       88 ,        9 ,      141 ,       61 ,       19 ,        7 ,       27 ,      144 ,        2 ,       32 ,      129 ,       96 ,       83 ,       85 ,      142 ,       77 ,        0 ,       98 ,       54 ,      145 ,      122 ,       60 ,       56 ,      102 ,      143 ,       29 ,       16 ,       44 ,        3 ,        8 ,       97 ,       37 ,       18 ,      148 ,       84 ,       13 ,       91 ,      117 ,      138 ,       36 ,       73 ,       62 ,       10 ,       72 ,      108 ,      112 , 
      14 ,       51 ,       70 ,      149 ,      124 ,       39 ,       57 ,       30 ,      139 ,       68 ,      120 ,       76 ,       93 ,       58 ,       81 ,      100 ,       40 ,       43 ,       75 ,       25 ,      114 ,       74 ,       59 ,      101 ,      105 ,      111 ,      119 ,       99 ,       64 ,       42 ,       38 ,        1 ,       33 ,      137 ,       67 ,       12 ,       53 ,       15 ,       66 ,       46 ,       94 ,      135 ,       21 ,       17 ,       69 ,       26 ,       78 ,       50 ,      107 ,       86 ,      123 ,       24 ,      146 ,      118 ,      136 ,       28 ,       49 ,       45 ,      126 ,       35 ,        5 ,      109 ,      140 ,      125 ,       95 ,      121 ,       63 ,      131 ,      115 ,       79 ,       41 ,       23 ,       82 ,       71 ,        4 ,       48 ,      147 ,       22 ,       65 ,       89 ,       47 ,      116 ,       80 ,      128 ,       92 ,       87 ,      134 ,       90 ,      106 ,       31 ,       34 ,      103 ,       11 ,       20 ,       52 ,      132 ,        6 ,      113 ,      127 ,      104 ,      110 ,      130 ,       55 ,       88 ,      133 ,        9 ,      141 ,       61 ,       19 ,       27 ,        7 ,      144 ,        2 ,       96 ,       32 ,      129 ,       83 ,       77 ,       85 ,      142 ,        0 ,       98 ,       54 ,      145 ,      122 ,       60 ,       56 ,      102 ,      143 ,       29 ,       44 ,       16 ,        3 ,       97 ,       18 ,        8 ,       37 ,      148 ,       84 ,      117 ,       13 ,      138 ,       91 ,       36 ,       62 ,       73 ,       10 ,      108 ,       72 ,      112 , 
      70 ,       51 ,      149 ,       14 ,      124 ,       30 ,       39 ,       57 ,       68 ,      139 ,      120 ,       76 ,       93 ,       58 ,       81 ,       43 ,       40 ,       25 ,       75 ,      100 ,       74 ,       59 ,      114 ,      101 ,      105 ,      111 ,       99 ,      119 ,       64 ,       42 ,        1 ,       38 ,      137 ,       12 ,       33 ,       53 ,       67 ,       15 ,       46 ,       94 ,       66 ,      135 ,       69 ,       17 ,       21 ,       26 ,      107 ,       78 ,       50 ,      123 ,       86 ,      118 ,      136 ,       24 ,       49 ,      146 ,       28 ,       45 ,      126 ,      109 ,       35 ,      140 ,        5 ,       95 ,      125 ,      131 ,      121 ,       63 ,       79 ,      115 ,       23 ,       41 ,       71 ,        4 ,       82 ,      147 ,       48 ,       22 ,       89 ,       65 ,      116 ,       80 ,      128 ,       47 ,       92 ,      134 ,       87 ,       90 ,       34 ,      103 ,      106 ,       11 ,       31 ,       20 ,       52 ,      132 ,      113 ,      127 ,        6 ,      130 ,      110 ,       55 ,      104 ,      133 ,      141 ,        9 ,       88 ,       19 ,        7 ,       61 ,       27 ,      144 ,       96 ,        2 ,      129 ,       32 ,       77 ,       85 ,       83 ,      142 ,        0 ,       98 ,      122 ,      145 ,       54 ,       60 ,       56 ,      102 ,       29 ,       16 ,      143 ,       44 ,        3 ,       97 ,       37 ,       18 ,        8 ,      148 ,      117 ,       84 ,      138 ,       13 ,       91 ,       73 ,       36 ,       10 ,       62 ,      108 ,       72 ,      112 , 
      70 ,      149 ,       14 ,       51 ,      124 ,       30 ,       68 ,       39 ,      120 ,      139 ,       76 ,       57 ,       93 ,       58 ,       81 ,       25 ,       40 ,      100 ,       75 ,       43 ,       74 ,      101 ,      114 ,       59 ,      105 ,      111 ,       64 ,       99 ,        1 ,      119 ,       42 ,       38 ,      137 ,       12 ,       33 ,       67 ,       53 ,       94 ,       15 ,       46 ,       69 ,       17 ,       66 ,      135 ,      107 ,       21 ,       50 ,       26 ,       86 ,      123 ,       78 ,      118 ,       24 ,      146 ,       28 ,      136 ,       45 ,       49 ,       35 ,      126 ,      109 ,        5 ,      140 ,      125 ,      121 ,       63 ,       95 ,      131 ,       79 ,      115 ,       71 ,       23 ,       82 ,       41 ,        4 ,       48 ,       22 ,      147 ,       65 ,       89 ,       80 ,      116 ,       47 ,      134 ,      128 ,       92 ,       87 ,       90 ,      103 ,       11 ,       31 ,       34 ,      106 ,       20 ,      132 ,      127 ,      113 ,        6 ,       52 ,      110 ,      130 ,      104 ,      141 ,       55 ,       88 ,      133 ,        9 ,       19 ,        7 ,       61 ,       96 ,       27 ,        2 ,      144 ,      129 ,       77 ,       32 ,       85 ,      142 ,        0 ,       83 ,       98 ,       54 ,      145 ,      122 ,       60 ,       56 ,      102 ,      143 ,       29 ,       16 ,        3 ,       44 ,       37 ,       97 ,       18 ,        8 ,      148 ,      117 ,       84 ,      138 ,       73 ,       91 ,       10 ,       62 ,       13 ,       36 ,      108 ,       72 ,      112 , 
      14 ,      149 ,       70 ,      124 ,       51 ,       30 ,       39 ,       68 ,      120 ,       57 ,       76 ,       93 ,      139 ,       58 ,       40 ,       81 ,       25 ,       43 ,      100 ,       75 ,      101 ,      114 ,       74 ,       59 ,      111 ,      105 ,       99 ,       64 ,      119 ,       38 ,        1 ,      137 ,       42 ,       12 ,       53 ,       33 ,       67 ,       46 ,       15 ,       94 ,       69 ,       66 ,       17 ,      135 ,       50 ,      107 ,       21 ,       26 ,      123 ,       86 ,      118 ,       78 ,       28 ,       24 ,       45 ,      136 ,      146 ,       49 ,      109 ,      126 ,      140 ,        5 ,       35 ,      121 ,       63 ,      125 ,       79 ,      115 ,       71 ,       95 ,       23 ,      131 ,        4 ,       41 ,       22 ,       82 ,       48 ,       65 ,      147 ,       80 ,       89 ,      134 ,       47 ,      116 ,       87 ,       92 ,      128 ,      103 ,       11 ,       34 ,       90 ,       20 ,      132 ,       31 ,      127 ,      106 ,        6 ,      113 ,       52 ,      110 ,      130 ,      104 ,       88 ,       55 ,      141 ,        9 ,      133 ,       19 ,        7 ,       96 ,       61 ,       27 ,        2 ,       77 ,      144 ,      129 ,      142 ,       32 ,       85 ,       83 ,       98 ,        0 ,      145 ,       54 ,      122 ,       60 ,      143 ,       56 ,       29 ,      102 ,       16 ,        3 ,       44 ,       37 ,       97 ,        8 ,       18 ,      148 ,       84 ,      117 ,      138 ,       73 ,       91 ,       62 ,       10 ,       36 ,       13 ,      108 ,       72 ,      112 , 
      14 ,       70 ,      149 ,      124 ,       51 ,       30 ,       68 ,      120 ,       39 ,       57 ,       93 ,       76 ,      139 ,       40 ,       58 ,       25 ,       81 ,      100 ,      101 ,       75 ,       59 ,      114 ,       74 ,       43 ,      105 ,       99 ,      111 ,      119 ,       38 ,        1 ,       64 ,       42 ,      137 ,       12 ,       67 ,       53 ,       46 ,       33 ,       69 ,       94 ,       15 ,       66 ,       17 ,       50 ,      135 ,       21 ,      107 ,      123 ,       26 ,       86 ,      118 ,       78 ,       45 ,       24 ,       28 ,      146 ,      136 ,       49 ,      126 ,      109 ,        5 ,      140 ,      125 ,       35 ,       63 ,       79 ,      121 ,       71 ,      115 ,       95 ,      131 ,       41 ,       23 ,        4 ,       22 ,       65 ,       48 ,       82 ,       80 ,      147 ,       89 ,      134 ,       47 ,       92 ,      116 ,       87 ,      103 ,      128 ,       34 ,       90 ,       11 ,       20 ,      132 ,      106 ,        6 ,       52 ,      127 ,       31 ,      113 ,      110 ,      104 ,       55 ,      130 ,       88 ,        7 ,       27 ,       96 ,      133 ,        9 ,       61 ,       19 ,      129 ,       77 ,        2 ,      144 ,       32 ,      141 ,       85 ,      142 ,       60 ,        0 ,       98 ,      122 ,       54 ,       83 ,      145 ,       29 ,      143 ,       56 ,       16 ,      102 ,        3 ,       37 ,       44 ,       97 ,       18 ,      148 ,        8 ,      138 ,      117 ,       84 ,       73 ,       91 ,       62 ,       36 ,       10 ,       13 ,       72 ,      108 ,      112 , 
      14 ,       70 ,      149 ,      124 ,       30 ,       51 ,       68 ,       39 ,      120 ,       57 ,       93 ,      139 ,       58 ,       76 ,       40 ,       81 ,       25 ,       75 ,      100 ,      101 ,       59 ,       74 ,       43 ,      105 ,      114 ,      111 ,       99 ,       38 ,        1 ,      119 ,      137 ,       12 ,       64 ,       42 ,       67 ,       53 ,       94 ,       33 ,       46 ,       69 ,       15 ,       66 ,       17 ,       50 ,      107 ,      135 ,       21 ,       26 ,      123 ,      118 ,       78 ,       45 ,       86 ,       28 ,       24 ,      146 ,      136 ,      126 ,       49 ,      109 ,      140 ,        5 ,       35 ,      125 ,       79 ,       63 ,      121 ,       71 ,       95 ,      131 ,       23 ,      115 ,       41 ,        4 ,       22 ,       65 ,       82 ,      147 ,       48 ,       80 ,      134 ,       89 ,      116 ,       87 ,       92 ,       47 ,      128 ,       34 ,       90 ,      103 ,       11 ,       20 ,      106 ,        6 ,       52 ,      132 ,      127 ,      110 ,       31 ,      113 ,      104 ,       55 ,        7 ,      130 ,       88 ,      133 ,        9 ,       27 ,       19 ,       96 ,       77 ,       61 ,        2 ,      129 ,      144 ,      141 ,      142 ,       85 ,       32 ,       60 ,       98 ,        0 ,       54 ,      122 ,       29 ,      145 ,       83 ,      143 ,      102 ,       16 ,       56 ,        3 ,       37 ,       44 ,      148 ,       18 ,      138 ,       97 ,        8 ,       73 ,       84 ,       62 ,      117 ,       91 ,       10 ,       36 ,       72 ,      108 ,       13 ,      112 , 
      14 ,       70 ,      149 ,       51 ,       30 ,      124 ,       68 ,       39 ,      120 ,       57 ,      139 ,       93 ,       76 ,       58 ,       25 ,       81 ,       75 ,       40 ,       59 ,      100 ,       74 ,      101 ,      105 ,       43 ,      114 ,      111 ,       38 ,      119 ,       99 ,      137 ,        1 ,       64 ,       42 ,       12 ,       94 ,       67 ,       46 ,       53 ,       33 ,       15 ,       17 ,       50 ,       69 ,       66 ,      135 ,       21 ,      123 ,      107 ,       26 ,       45 ,      118 ,       28 ,       86 ,      146 ,       78 ,       24 ,      136 ,      126 ,       49 ,      109 ,        5 ,       35 ,      140 ,      125 ,       79 ,       71 ,       63 ,      121 ,      131 ,       95 ,       41 ,       23 ,       22 ,        4 ,      115 ,       65 ,       82 ,      147 ,       48 ,      134 ,       80 ,       87 ,      116 ,       47 ,       92 ,       89 ,      128 ,       90 ,      103 ,       34 ,      106 ,        6 ,       11 ,       20 ,       52 ,      132 ,      110 ,      127 ,       31 ,      104 ,      113 ,       55 ,      130 ,        7 ,      133 ,       88 ,       27 ,       19 ,        9 ,       96 ,       61 ,        2 ,       77 ,      144 ,      129 ,      141 ,       85 ,       60 ,      142 ,       32 ,       54 ,       98 ,        0 ,       29 ,       83 ,      122 ,      102 ,      143 ,       16 ,      145 ,        3 ,       56 ,       37 ,       18 ,      117 ,      148 ,       73 ,        8 ,       91 ,       62 ,       36 ,       84 ,       97 ,      138 ,       10 ,      108 ,       72 ,       44 ,       13 ,      112 , 
      14 ,       70 ,       51 ,       30 ,      149 ,      124 ,      120 ,       68 ,       39 ,       93 ,       57 ,      139 ,       76 ,       25 ,       81 ,       40 ,       58 ,       75 ,       74 ,       59 ,      105 ,      100 ,      101 ,       99 ,      111 ,      119 ,       43 ,       12 ,       38 ,        1 ,       53 ,      114 ,       42 ,       64 ,       67 ,       46 ,       94 ,       33 ,       15 ,       17 ,      137 ,       66 ,       50 ,       69 ,      135 ,       45 ,      107 ,      123 ,       21 ,       26 ,      118 ,       86 ,       28 ,      146 ,      136 ,       78 ,       24 ,      126 ,       49 ,        5 ,      109 ,       35 ,       79 ,      125 ,      140 ,       71 ,      121 ,       95 ,       63 ,      131 ,       23 ,       41 ,       22 ,        4 ,      115 ,       65 ,       82 ,       48 ,      147 ,       80 ,      116 ,      134 ,       92 ,       87 ,       89 ,       47 ,      128 ,       34 ,       90 ,      103 ,        6 ,       20 ,      106 ,       11 ,      132 ,       52 ,      110 ,      127 ,      113 ,       55 ,       31 ,        7 ,      104 ,      130 ,      133 ,       88 ,       19 ,       27 ,       96 ,       61 ,        9 ,       77 ,      144 ,        2 ,      141 ,      129 ,       85 ,       60 ,       54 ,      142 ,       32 ,       29 ,       98 ,        0 ,       83 ,      122 ,      102 ,      143 ,       16 ,      145 ,        3 ,       18 ,       56 ,       37 ,      117 ,       73 ,      148 ,       91 ,        8 ,       62 ,       36 ,       84 ,       97 ,      138 ,       10 ,      108 ,       72 ,       44 ,       13 ,      112 , 
