1394 , 200 , 10 , 78013 , ILST
      70 ,       19 ,       71 ,       67 ,       87 ,       13 ,       80 ,      134 ,      149 ,      126 ,       77 ,      152 ,      109 ,      178 ,       39 ,       31 ,      141 ,       88 ,       42 ,       68 ,       84 ,      147 ,      159 ,      188 ,      108 ,        8 ,      191 ,       72 ,      155 ,      101 ,       69 ,      175 ,      103 ,       73 ,      167 ,       25 ,      120 ,      156 ,      124 ,      148 ,      105 ,      138 ,      115 ,      137 ,      114 ,       38 ,       50 ,        2 ,      182 ,       46 ,      145 ,      153 ,       89 ,       64 ,       75 ,       26 ,       98 ,       18 ,      196 ,       54 ,       94 ,      110 ,       41 ,      154 ,      199 ,      129 ,      165 ,       85 ,      192 ,       53 ,      164 ,       86 ,      194 ,      127 ,        1 ,       91 ,      106 ,        5 ,        9 ,      133 ,       65 ,       33 ,      107 ,       28 ,        3 ,      118 ,       11 ,      169 ,      184 ,       82 ,       57 ,      187 ,       29 ,       93 ,       61 ,       51 ,       23 ,      112 ,        0 ,       81 ,       59 ,       76 ,       96 ,      157 ,      151 ,       52 ,       35 ,      121 ,       17 ,       56 ,       37 ,       97 ,       47 ,      189 ,      102 ,      162 ,      146 ,       20 ,       62 ,       49 ,      125 ,      166 ,       43 ,       16 ,       58 ,       60 ,       21 ,       78 ,      181 ,       83 ,       90 ,      113 ,      179 ,      100 ,       95 ,      150 ,      190 ,       44 ,       12 ,      132 ,      136 ,       55 ,       40 ,       66 ,       79 ,      158 ,        4 ,      198 ,      197 ,      119 ,       27 ,      140 ,      139 ,      195 ,        7 ,       22 ,        6 ,      104 ,      186 ,      160 ,       34 ,      176 ,      163 ,      172 ,      143 ,      193 ,      142 ,       32 ,      180 ,       24 ,      122 ,       30 ,      161 ,      173 ,       92 ,       36 ,      177 ,      135 ,      185 ,      171 ,      116 ,      170 ,       10 ,       48 ,      131 ,       74 ,       63 ,       45 ,       14 ,      128 ,      144 ,       99 ,      123 ,      183 ,      168 ,      117 ,      174 ,      111 ,      130 ,       15 , 
      70 ,       67 ,       19 ,       71 ,       13 ,      134 ,      126 ,       87 ,       80 ,      109 ,      149 ,       77 ,      141 ,      152 ,       42 ,      178 ,       39 ,       88 ,      159 ,       84 ,      147 ,       31 ,       68 ,      108 ,      191 ,      188 ,      155 ,       72 ,        8 ,       73 ,      101 ,       69 ,      175 ,      103 ,       25 ,      167 ,      124 ,      156 ,      105 ,      148 ,      120 ,      114 ,       50 ,       38 ,      137 ,      138 ,      145 ,      153 ,      182 ,        2 ,      115 ,       46 ,       75 ,       26 ,       98 ,       64 ,      196 ,       89 ,       54 ,       94 ,       18 ,      110 ,      154 ,       41 ,       85 ,       53 ,      199 ,      165 ,      164 ,      129 ,       86 ,      194 ,      106 ,      192 ,      127 ,        1 ,       91 ,       65 ,        9 ,      107 ,        5 ,       33 ,      133 ,        3 ,      184 ,       11 ,      118 ,      187 ,       28 ,      169 ,       57 ,       82 ,       51 ,      112 ,       29 ,       61 ,       93 ,       81 ,       76 ,       96 ,      151 ,        0 ,       23 ,       59 ,      157 ,       52 ,       17 ,      121 ,       97 ,       47 ,      189 ,      102 ,       35 ,       56 ,       20 ,       37 ,       62 ,       49 ,      162 ,      146 ,      125 ,       43 ,      166 ,       16 ,       21 ,       58 ,       83 ,       60 ,      113 ,       78 ,      181 ,      100 ,      179 ,       95 ,       90 ,       44 ,       12 ,       55 ,      132 ,      150 ,      136 ,      158 ,       40 ,       79 ,       66 ,      197 ,      198 ,      190 ,      139 ,        4 ,       27 ,      119 ,      140 ,      195 ,       22 ,        7 ,        6 ,       34 ,      186 ,      160 ,      176 ,      104 ,      172 ,       92 ,       32 ,      173 ,      193 ,      143 ,      177 ,       24 ,      142 ,      163 ,      161 ,      185 ,      180 ,      122 ,      135 ,       30 ,       36 ,      170 ,       48 ,      171 ,      116 ,      168 ,       74 ,       45 ,       14 ,       63 ,      131 ,      128 ,      144 ,       10 ,      123 ,       99 ,       15 ,      130 ,      174 ,      117 ,      183 ,      111 , 
      67 ,       13 ,       70 ,       87 ,       71 ,       80 ,       19 ,      126 ,      134 ,      141 ,       42 ,      178 ,      109 ,       77 ,      149 ,       84 ,      152 ,       39 ,       31 ,       88 ,      159 ,      147 ,       68 ,      191 ,      155 ,        8 ,      108 ,       72 ,      175 ,       73 ,      188 ,      101 ,       69 ,      103 ,      105 ,      156 ,       25 ,      167 ,      114 ,       38 ,      137 ,      148 ,      124 ,      145 ,      120 ,      153 ,       50 ,      182 ,       75 ,      138 ,        2 ,       98 ,      115 ,      196 ,       54 ,       89 ,       46 ,       94 ,       26 ,       64 ,      110 ,      154 ,       41 ,       18 ,      165 ,      164 ,       85 ,       53 ,      199 ,      192 ,       86 ,      129 ,      194 ,      106 ,        9 ,      127 ,       65 ,        1 ,      107 ,        5 ,      184 ,       33 ,       91 ,       11 ,        3 ,       28 ,      118 ,      133 ,      187 ,       82 ,      112 ,      169 ,       51 ,       29 ,       61 ,       57 ,       96 ,       93 ,      151 ,       81 ,       23 ,       59 ,      157 ,       17 ,       76 ,       97 ,      121 ,        0 ,       47 ,      102 ,       56 ,       52 ,       35 ,      189 ,       62 ,       20 ,       37 ,       49 ,      162 ,      146 ,      166 ,      125 ,       58 ,       83 ,       60 ,       43 ,      181 ,       16 ,       78 ,       95 ,       21 ,       44 ,      113 ,      100 ,       90 ,      132 ,      179 ,      150 ,       55 ,       12 ,       40 ,      136 ,      197 ,      198 ,       79 ,      158 ,       27 ,       66 ,      139 ,      119 ,      190 ,        4 ,        6 ,      140 ,      195 ,        7 ,       22 ,       34 ,      186 ,      172 ,      104 ,      160 ,      176 ,       32 ,      193 ,      143 ,      177 ,      173 ,       24 ,       92 ,      142 ,      163 ,      122 ,      185 ,      161 ,      180 ,       48 ,      135 ,       30 ,      171 ,       36 ,      170 ,      116 ,      168 ,       63 ,       45 ,       74 ,       14 ,      131 ,      123 ,       10 ,      128 ,       99 ,      130 ,       15 ,      111 ,      174 ,      183 ,      144 ,      117 , 
      70 ,       67 ,       19 ,       80 ,       71 ,      134 ,       13 ,      141 ,       87 ,      178 ,       77 ,      126 ,       84 ,      149 ,       42 ,      109 ,       39 ,       88 ,       31 ,      152 ,      159 ,      147 ,      191 ,      155 ,       68 ,       72 ,        8 ,      108 ,      188 ,      175 ,       73 ,       69 ,      103 ,      101 ,      105 ,      114 ,      167 ,       38 ,       25 ,      148 ,      156 ,      145 ,      120 ,      153 ,      137 ,      124 ,       50 ,      182 ,      138 ,      115 ,       98 ,       54 ,       75 ,      196 ,       46 ,        2 ,       89 ,       94 ,       64 ,      110 ,       41 ,       26 ,      154 ,       85 ,      199 ,      164 ,       86 ,      129 ,       18 ,      165 ,      192 ,       53 ,      127 ,      106 ,        9 ,       65 ,        5 ,      194 ,       33 ,      184 ,        3 ,       28 ,        1 ,       11 ,      107 ,      133 ,      187 ,       91 ,      118 ,      112 ,      169 ,       57 ,       61 ,       51 ,       82 ,       93 ,      151 ,       81 ,       29 ,       96 ,      157 ,       97 ,      121 ,       23 ,       76 ,       17 ,       59 ,       56 ,        0 ,      189 ,       47 ,       35 ,      102 ,       52 ,       49 ,      162 ,       62 ,       20 ,       37 ,      166 ,       58 ,      146 ,       83 ,      125 ,       43 ,       60 ,       95 ,      181 ,      113 ,       44 ,       16 ,       90 ,       78 ,      132 ,       21 ,      179 ,       40 ,      100 ,      150 ,       55 ,       12 ,      136 ,      158 ,      198 ,      190 ,       79 ,       66 ,      197 ,      119 ,       27 ,      139 ,        6 ,      140 ,        4 ,        7 ,      195 ,      172 ,       22 ,      186 ,       34 ,      104 ,       32 ,      143 ,      193 ,      176 ,      177 ,      160 ,       24 ,       92 ,      173 ,      142 ,      122 ,      163 ,      135 ,      161 ,      185 ,       48 ,      171 ,       30 ,      180 ,       63 ,      170 ,       74 ,      168 ,       36 ,       45 ,      116 ,       14 ,      123 ,       10 ,      131 ,      128 ,      130 ,      174 ,       99 ,      183 ,       15 ,      144 ,      111 ,      117 , 
      70 ,       19 ,       67 ,       80 ,       71 ,      134 ,      141 ,       87 ,       13 ,      178 ,      149 ,       77 ,      109 ,      126 ,       88 ,       42 ,       84 ,       39 ,       31 ,      159 ,      155 ,      152 ,      191 ,      147 ,      108 ,        8 ,       68 ,       69 ,      188 ,       72 ,       73 ,      103 ,      175 ,      105 ,      114 ,      101 ,      148 ,      167 ,       25 ,      145 ,       38 ,      120 ,      156 ,       50 ,      153 ,      182 ,      124 ,      138 ,      115 ,       54 ,      137 ,       46 ,       75 ,       98 ,       89 ,       64 ,      196 ,       41 ,        2 ,       94 ,       26 ,      154 ,       85 ,      110 ,      199 ,      164 ,      129 ,       18 ,       86 ,      165 ,        9 ,       53 ,      192 ,        5 ,      127 ,       65 ,      184 ,      106 ,      194 ,       11 ,       33 ,        3 ,      107 ,      187 ,        1 ,       28 ,      118 ,      133 ,      169 ,       91 ,       57 ,      112 ,       51 ,       81 ,       93 ,       82 ,       61 ,      157 ,      151 ,       97 ,       23 ,      121 ,       96 ,       17 ,       29 ,       76 ,       47 ,       35 ,       59 ,        0 ,       49 ,       56 ,      162 ,       20 ,      189 ,       52 ,      102 ,      166 ,       62 ,       58 ,       37 ,       83 ,       43 ,       95 ,      146 ,       44 ,       60 ,       16 ,      125 ,       90 ,      132 ,      181 ,       21 ,      113 ,      150 ,       40 ,       78 ,      136 ,      179 ,       12 ,      198 ,      100 ,      158 ,       55 ,      119 ,      197 ,       66 ,       27 ,       79 ,      190 ,      140 ,        4 ,        6 ,       22 ,        7 ,      139 ,      172 ,      195 ,      143 ,       34 ,      104 ,      186 ,       32 ,      176 ,      193 ,      177 ,      160 ,       24 ,      142 ,      135 ,      173 ,       92 ,      122 ,       48 ,      163 ,       30 ,      161 ,       63 ,      180 ,      185 ,      171 ,      170 ,       74 ,      168 ,      116 ,       36 ,      131 ,       45 ,       14 ,      123 ,       10 ,       99 ,      174 ,      183 ,      128 ,       15 ,      130 ,      117 ,      144 ,      111 , 
      19 ,       70 ,       67 ,       71 ,       87 ,      141 ,       13 ,      178 ,       80 ,      149 ,       77 ,      134 ,      126 ,       42 ,      109 ,       84 ,       88 ,      159 ,       31 ,       39 ,        8 ,      155 ,      191 ,      152 ,       69 ,      147 ,      108 ,       68 ,      103 ,      188 ,       72 ,       73 ,      114 ,      167 ,      101 ,      105 ,      175 ,      145 ,      120 ,       50 ,      148 ,       38 ,       25 ,      153 ,      138 ,       54 ,      115 ,      182 ,      156 ,      124 ,       46 ,      137 ,       75 ,       89 ,       98 ,        2 ,       41 ,       64 ,       94 ,      196 ,      110 ,       26 ,       85 ,      154 ,      199 ,      165 ,      129 ,       18 ,      164 ,       53 ,        9 ,       86 ,        5 ,      127 ,       65 ,      192 ,      194 ,       11 ,      106 ,      184 ,       33 ,      187 ,        1 ,        3 ,       28 ,      118 ,      107 ,       91 ,      112 ,      133 ,       57 ,       82 ,      169 ,       61 ,       51 ,      157 ,       81 ,      121 ,       97 ,      151 ,       93 ,       96 ,       17 ,       47 ,       76 ,       59 ,       35 ,       29 ,       23 ,      162 ,       20 ,       49 ,        0 ,      102 ,       56 ,       62 ,      166 ,       37 ,       52 ,      189 ,       43 ,       58 ,       60 ,      146 ,       95 ,       83 ,       16 ,       90 ,       44 ,      132 ,       21 ,      125 ,      113 ,      150 ,      136 ,      181 ,       78 ,       40 ,      198 ,      100 ,      179 ,       12 ,      158 ,       55 ,       66 ,      197 ,       79 ,      119 ,       27 ,      190 ,      140 ,        6 ,      172 ,        4 ,       22 ,        7 ,      139 ,      186 ,      195 ,      176 ,      104 ,      143 ,      177 ,       34 ,      193 ,       32 ,      160 ,       92 ,      173 ,      135 ,       24 ,      142 ,      122 ,      161 ,      163 ,      185 ,      180 ,       48 ,       30 ,       63 ,      171 ,      116 ,      170 ,       74 ,       36 ,      168 ,       14 ,      131 ,      123 ,      183 ,       10 ,       45 ,       99 ,      130 ,       15 ,      174 ,      128 ,      117 ,      144 ,      111 , 
      70 ,       19 ,       71 ,       67 ,       13 ,       87 ,       77 ,      141 ,      149 ,       80 ,      178 ,      134 ,      109 ,       84 ,       42 ,       88 ,      126 ,        8 ,      155 ,       39 ,      159 ,       69 ,      147 ,       31 ,      152 ,      108 ,      191 ,       68 ,      114 ,      103 ,      188 ,      105 ,       72 ,       73 ,      101 ,      145 ,      120 ,      167 ,      175 ,       50 ,       25 ,       54 ,      138 ,      148 ,      156 ,      115 ,      182 ,       38 ,      153 ,      124 ,      137 ,       89 ,       46 ,       75 ,        2 ,       41 ,       98 ,      110 ,       64 ,      196 ,       26 ,       94 ,      199 ,       85 ,      154 ,      164 ,      165 ,       86 ,        5 ,       18 ,      129 ,        9 ,       53 ,      192 ,       65 ,       11 ,      106 ,      127 ,       33 ,      184 ,      187 ,      194 ,       28 ,      107 ,        3 ,      118 ,        1 ,       57 ,      133 ,      112 ,       91 ,       82 ,       51 ,      121 ,       97 ,      157 ,       93 ,       61 ,      169 ,       59 ,       76 ,       81 ,       17 ,       96 ,      151 ,       35 ,       47 ,       20 ,       29 ,       49 ,      162 ,       23 ,        0 ,      102 ,       56 ,       62 ,       43 ,       37 ,      166 ,      189 ,       58 ,       60 ,       52 ,      146 ,       95 ,       44 ,       83 ,       16 ,      113 ,       90 ,      150 ,      125 ,       78 ,       21 ,      181 ,      132 ,      100 ,      136 ,       12 ,       55 ,      198 ,       40 ,      197 ,      158 ,      179 ,      140 ,       79 ,       66 ,      119 ,      172 ,        6 ,      190 ,       27 ,       22 ,      186 ,      139 ,        4 ,        7 ,      143 ,      176 ,      104 ,       34 ,      195 ,       32 ,      160 ,      135 ,      173 ,      177 ,       92 ,      193 ,      163 ,       24 ,      185 ,       48 ,      142 ,      161 ,      122 ,      180 ,      171 ,      116 ,       30 ,       63 ,      168 ,      170 ,      123 ,       36 ,       74 ,       10 ,       45 ,       99 ,       14 ,      131 ,      183 ,      174 ,      130 ,      111 ,       15 ,      128 ,      117 ,      144 , 
      70 ,       19 ,       67 ,       71 ,       77 ,      149 ,      141 ,      178 ,       13 ,       87 ,      109 ,       84 ,       80 ,       42 ,        8 ,       39 ,      134 ,       88 ,      155 ,      147 ,      126 ,      159 ,       69 ,      152 ,       31 ,      103 ,      191 ,      108 ,      188 ,       68 ,      145 ,      105 ,      114 ,       72 ,      120 ,       73 ,      167 ,      101 ,       25 ,      148 ,      156 ,      115 ,      175 ,       50 ,       54 ,      138 ,      182 ,       89 ,      137 ,       38 ,        2 ,      124 ,      153 ,      110 ,       75 ,       41 ,      196 ,       46 ,      199 ,       98 ,       85 ,       94 ,       64 ,      164 ,       26 ,      154 ,      165 ,       86 ,       18 ,        9 ,       65 ,        5 ,      106 ,      129 ,       33 ,       53 ,      192 ,      184 ,      107 ,       11 ,      127 ,       28 ,      187 ,        3 ,      194 ,      133 ,      118 ,       82 ,       91 ,        1 ,       57 ,      112 ,       51 ,       97 ,       93 ,      157 ,      121 ,       76 ,       81 ,       61 ,      169 ,       35 ,      151 ,       96 ,       59 ,       17 ,       29 ,      162 ,       20 ,       23 ,      102 ,       47 ,       49 ,       56 ,      166 ,        0 ,       58 ,       62 ,       43 ,      146 ,       83 ,       95 ,       37 ,       52 ,      189 ,       60 ,       16 ,      113 ,      125 ,       44 ,      150 ,       78 ,       90 ,      181 ,       21 ,      132 ,       12 ,      100 ,      136 ,      197 ,      179 ,      158 ,      198 ,       40 ,       66 ,       55 ,      119 ,      140 ,      172 ,       79 ,       22 ,      190 ,        6 ,       27 ,      143 ,      139 ,      186 ,       34 ,        4 ,        7 ,       32 ,      195 ,      173 ,      160 ,      177 ,      176 ,      104 ,      163 ,       24 ,       92 ,      135 ,      142 ,      122 ,      193 ,       48 ,      171 ,      161 ,      185 ,      116 ,      180 ,       63 ,       30 ,       36 ,       74 ,       10 ,      123 ,       99 ,      170 ,       45 ,      168 ,       14 ,      183 ,      174 ,      131 ,      111 ,      130 ,      117 ,      128 ,       15 ,      144 , 
      70 ,       19 ,       67 ,       71 ,      141 ,       87 ,      178 ,       77 ,      149 ,      109 ,       84 ,       13 ,      134 ,       80 ,      155 ,        8 ,       39 ,       42 ,       88 ,      126 ,      152 ,      147 ,       69 ,      159 ,      103 ,       31 ,      191 ,      188 ,      145 ,      108 ,       68 ,      105 ,       73 ,      167 ,      120 ,      101 ,       72 ,      114 ,      175 ,      148 ,       25 ,       50 ,      138 ,      156 ,       38 ,      182 ,       89 ,      115 ,      137 ,      153 ,      124 ,       54 ,        2 ,       75 ,       46 ,      199 ,       98 ,      110 ,       41 ,      196 ,       64 ,       85 ,       94 ,       26 ,      164 ,      165 ,      154 ,       18 ,        9 ,        5 ,       86 ,      106 ,      192 ,       53 ,       65 ,       11 ,      127 ,      129 ,       33 ,      107 ,      187 ,      184 ,       28 ,      194 ,       82 ,        3 ,      133 ,      118 ,       51 ,       57 ,       93 ,        1 ,      112 ,       91 ,       97 ,      121 ,      169 ,      157 ,       61 ,       81 ,       76 ,       17 ,       35 ,       29 ,      151 ,       59 ,       96 ,      102 ,       20 ,       49 ,       47 ,      162 ,       23 ,      166 ,       56 ,       62 ,       43 ,       83 ,        0 ,       95 ,       58 ,       52 ,       60 ,      189 ,       37 ,      146 ,       44 ,       78 ,      150 ,       16 ,      125 ,       21 ,      113 ,      181 ,       12 ,      197 ,       90 ,      158 ,      132 ,      198 ,      100 ,       66 ,      179 ,      140 ,      172 ,      136 ,       40 ,        6 ,       55 ,      119 ,       79 ,      139 ,       22 ,       34 ,      190 ,      186 ,      143 ,       27 ,      195 ,      160 ,        4 ,        7 ,      104 ,      176 ,      177 ,      163 ,      173 ,       32 ,      135 ,       24 ,       92 ,      193 ,      122 ,      142 ,      161 ,      180 ,      116 ,      171 ,      185 ,       48 ,       30 ,      123 ,       63 ,       74 ,       10 ,       36 ,      170 ,       45 ,       14 ,       99 ,      131 ,      174 ,      168 ,      183 ,      111 ,      130 ,      117 ,      128 ,      144 ,       15 , 
      19 ,       70 ,       67 ,       77 ,      178 ,       71 ,      141 ,       84 ,       87 ,       13 ,       80 ,      109 ,      149 ,       39 ,      134 ,        8 ,       42 ,      155 ,       88 ,      152 ,      126 ,      159 ,      103 ,      147 ,      188 ,      191 ,       69 ,      145 ,       31 ,      167 ,       73 ,      120 ,       68 ,      105 ,      108 ,      101 ,      148 ,       25 ,      175 ,       72 ,      156 ,      138 ,       38 ,       50 ,      114 ,      115 ,      137 ,      153 ,       89 ,        2 ,      182 ,       54 ,      199 ,      124 ,       75 ,       46 ,       98 ,      196 ,       41 ,       94 ,      110 ,       26 ,       64 ,      154 ,      165 ,       85 ,      164 ,       18 ,       86 ,        5 ,       53 ,      192 ,        9 ,      106 ,       65 ,       33 ,       11 ,      184 ,      107 ,       82 ,      127 ,       28 ,      129 ,      187 ,      133 ,        3 ,      194 ,       51 ,      118 ,       91 ,       57 ,       97 ,        1 ,       93 ,      112 ,       61 ,       81 ,       76 ,      157 ,       17 ,      169 ,       59 ,       35 ,      121 ,       20 ,       29 ,       96 ,       23 ,      151 ,      102 ,       49 ,       56 ,       62 ,       43 ,      166 ,       95 ,       47 ,      162 ,       52 ,        0 ,       37 ,       83 ,       60 ,       58 ,       78 ,      125 ,      146 ,      189 ,       44 ,       16 ,       12 ,       21 ,      150 ,      158 ,      197 ,      113 ,      198 ,      132 ,      181 ,       66 ,      179 ,       90 ,      140 ,      136 ,        6 ,      100 ,      172 ,       55 ,       79 ,      119 ,       40 ,      139 ,       22 ,       27 ,       34 ,      195 ,      186 ,      190 ,        4 ,      143 ,      160 ,        7 ,      163 ,      176 ,      177 ,      104 ,       92 ,      193 ,      173 ,       32 ,      161 ,       24 ,      135 ,      142 ,      122 ,       48 ,      116 ,      171 ,      180 ,       74 ,      123 ,      185 ,       10 ,       63 ,       30 ,      170 ,       99 ,       14 ,       36 ,       45 ,      111 ,      174 ,      168 ,      131 ,      183 ,      130 ,      117 ,      144 ,      128 ,       15 , 
