1275 , 200 , 10 , 58432 , IGT
     104 ,       36 ,       21 ,      150 ,       69 ,      189 ,        4 ,      170 ,      128 ,      172 ,      102 ,       37 ,       98 ,      181 ,       25 ,       42 ,      146 ,       15 ,      168 ,      152 ,       10 ,       84 ,      119 ,        9 ,      154 ,      157 ,       39 ,       49 ,       43 ,       76 ,      148 ,       99 ,      139 ,       87 ,       33 ,      113 ,       19 ,       67 ,      137 ,       53 ,      108 ,      107 ,      193 ,       23 ,       11 ,        7 ,       77 ,       27 ,      100 ,       55 ,      112 ,      111 ,       54 ,        5 ,      110 ,       83 ,      182 ,       61 ,      166 ,       30 ,       28 ,       74 ,      190 ,      186 ,      135 ,      106 ,      126 ,      144 ,      188 ,      122 ,       32 ,      197 ,       14 ,      145 ,       22 ,      155 ,       91 ,      103 ,      127 ,      175 ,      140 ,       56 ,      194 ,       59 ,      164 ,      158 ,       94 ,       78 ,       72 ,      101 ,      130 ,      131 ,      133 ,        6 ,       88 ,      195 ,      185 ,      198 ,      171 ,        8 ,      147 ,      173 ,      179 ,       86 ,      129 ,       90 ,       73 ,       38 ,      184 ,       12 ,      191 ,       20 ,       79 ,       46 ,      159 ,      134 ,      187 ,      199 ,      163 ,       92 ,      178 ,       48 ,       96 ,      136 ,       82 ,       97 ,      125 ,       58 ,       80 ,      118 ,      174 ,       85 ,       60 ,       51 ,       26 ,      180 ,      196 ,       68 ,       89 ,       18 ,       65 ,      169 ,      153 ,       13 ,       45 ,       81 ,      149 ,       17 ,       16 ,      177 ,      109 ,       24 ,      121 ,       64 ,      192 ,       70 ,        1 ,       66 ,      138 ,       95 ,       63 ,      142 ,       34 ,      160 ,      132 ,       47 ,      151 ,       93 ,       52 ,      162 ,      156 ,      115 ,      120 ,      117 ,      114 ,       71 ,        3 ,      183 ,      141 ,       75 ,      124 ,       40 ,      167 ,       31 ,       50 ,      161 ,        2 ,       62 ,       29 ,       44 ,       35 ,      116 ,      123 ,      143 ,       57 ,      165 ,      105 ,      176 ,       41 ,        0 , 
      21 ,       36 ,      104 ,       69 ,      150 ,        4 ,      128 ,      189 ,      172 ,      170 ,       37 ,       98 ,      181 ,       25 ,      102 ,      146 ,       15 ,      168 ,       10 ,       42 ,      152 ,        9 ,      119 ,       84 ,      154 ,       39 ,       49 ,       43 ,      148 ,      157 ,       76 ,       87 ,      139 ,       99 ,      113 ,       67 ,       33 ,       19 ,      137 ,       53 ,      108 ,      107 ,       11 ,      193 ,       23 ,       27 ,        7 ,       77 ,      100 ,      112 ,      111 ,       55 ,      110 ,       54 ,        5 ,       83 ,       61 ,      182 ,      166 ,       30 ,      190 ,       28 ,      186 ,      106 ,      135 ,      144 ,       74 ,      126 ,      122 ,      188 ,       14 ,       32 ,      197 ,       22 ,      145 ,      155 ,       91 ,      103 ,      140 ,       56 ,      127 ,      175 ,       59 ,      194 ,       94 ,       78 ,       72 ,      164 ,      158 ,      131 ,      101 ,      130 ,      133 ,        6 ,      185 ,       88 ,      171 ,      195 ,      198 ,      147 ,        8 ,      179 ,      173 ,       86 ,      129 ,       90 ,       73 ,      184 ,       38 ,       12 ,      191 ,       20 ,       46 ,      159 ,       79 ,      187 ,      163 ,      134 ,       92 ,      199 ,       96 ,      136 ,       48 ,      178 ,       82 ,      125 ,       80 ,       97 ,       58 ,      118 ,       60 ,      174 ,       51 ,       85 ,       26 ,      180 ,       68 ,       89 ,       65 ,       18 ,      196 ,       13 ,      169 ,      153 ,       81 ,       45 ,      149 ,      177 ,       17 ,      109 ,       24 ,       16 ,      192 ,      121 ,       64 ,       66 ,      138 ,       70 ,        1 ,       63 ,       34 ,      142 ,       95 ,       47 ,      160 ,      151 ,      132 ,      162 ,       52 ,       93 ,      115 ,      120 ,      156 ,      117 ,       71 ,      114 ,      141 ,        3 ,      183 ,       75 ,      124 ,       40 ,       50 ,      167 ,        2 ,       31 ,      161 ,       29 ,       62 ,       35 ,      123 ,       44 ,      116 ,      165 ,      105 ,      143 ,       57 ,      176 ,        0 ,       41 , 
      21 ,       36 ,       69 ,      104 ,      150 ,        4 ,      172 ,      128 ,       37 ,      189 ,       98 ,      181 ,      170 ,       25 ,      102 ,       15 ,      146 ,      168 ,       10 ,       42 ,      152 ,        9 ,      119 ,      154 ,       84 ,       49 ,       39 ,       43 ,      157 ,       76 ,      148 ,       99 ,      113 ,       67 ,      139 ,       87 ,       19 ,      137 ,       33 ,       53 ,      107 ,      108 ,       11 ,      193 ,        7 ,       77 ,       23 ,      112 ,      111 ,       27 ,      100 ,       55 ,       54 ,        5 ,       83 ,      110 ,      166 ,       61 ,      182 ,      190 ,       30 ,       28 ,      135 ,      186 ,      106 ,      144 ,       74 ,      122 ,      126 ,       14 ,      188 ,       22 ,      197 ,       32 ,      145 ,      155 ,       91 ,      103 ,       56 ,      140 ,       59 ,      127 ,      194 ,      175 ,       72 ,       94 ,      158 ,      164 ,       78 ,      130 ,      131 ,      101 ,      133 ,        6 ,      171 ,       88 ,      185 ,      195 ,      147 ,      179 ,        8 ,      198 ,      173 ,       86 ,      129 ,       90 ,       73 ,      184 ,       12 ,       38 ,      191 ,       46 ,       20 ,      159 ,      163 ,      187 ,       92 ,      134 ,       79 ,      199 ,       48 ,       96 ,       82 ,      136 ,      125 ,      178 ,       97 ,       80 ,      118 ,       58 ,       60 ,      174 ,       51 ,      180 ,       85 ,       68 ,       89 ,       18 ,       65 ,       26 ,       13 ,      169 ,       81 ,      196 ,       45 ,      153 ,      177 ,      149 ,       17 ,      109 ,       16 ,       24 ,      192 ,       66 ,      138 ,       70 ,        1 ,      121 ,       63 ,       64 ,       95 ,      142 ,      160 ,       34 ,       47 ,      132 ,      151 ,      162 ,       52 ,       93 ,      120 ,      115 ,       71 ,      117 ,      141 ,        3 ,      156 ,      114 ,       75 ,      124 ,       50 ,      183 ,       40 ,      167 ,      161 ,       31 ,        2 ,       35 ,       62 ,      123 ,       29 ,       44 ,      105 ,      165 ,      116 ,       57 ,      143 ,       41 ,      176 ,        0 , 
      21 ,       36 ,       69 ,      104 ,      150 ,        4 ,       37 ,      172 ,      128 ,      189 ,       98 ,       25 ,      181 ,      102 ,      170 ,       15 ,       10 ,      168 ,      146 ,      152 ,       42 ,        9 ,       84 ,      119 ,      154 ,       49 ,      157 ,       39 ,      148 ,       43 ,       76 ,      113 ,       67 ,       99 ,       19 ,       87 ,      137 ,       53 ,      107 ,      139 ,       33 ,      193 ,        7 ,      108 ,       11 ,      112 ,       23 ,       77 ,      100 ,      111 ,       27 ,        5 ,       55 ,       83 ,      110 ,      166 ,       54 ,      182 ,      190 ,       61 ,       30 ,       28 ,      186 ,      135 ,      144 ,      106 ,       74 ,      122 ,      188 ,       14 ,      126 ,      197 ,       22 ,       32 ,      145 ,      155 ,       91 ,      140 ,      103 ,       56 ,       59 ,      127 ,      175 ,      194 ,       72 ,       94 ,      158 ,       78 ,      131 ,      101 ,      130 ,      164 ,        6 ,      133 ,       88 ,      171 ,      185 ,      147 ,      195 ,      198 ,      179 ,      173 ,        8 ,      129 ,       90 ,       73 ,       86 ,      184 ,      191 ,       12 ,       38 ,       46 ,       20 ,      159 ,      163 ,      187 ,       79 ,       92 ,      134 ,      199 ,       48 ,      136 ,       96 ,      125 ,       82 ,      178 ,       97 ,       80 ,       60 ,       58 ,      118 ,      174 ,       51 ,      180 ,       85 ,       89 ,       68 ,       18 ,       65 ,       26 ,       81 ,       13 ,      196 ,      169 ,       45 ,      149 ,      153 ,      109 ,      177 ,       16 ,       17 ,       66 ,      138 ,       24 ,      192 ,       70 ,        1 ,       63 ,       64 ,      121 ,      142 ,       34 ,      160 ,      132 ,       95 ,      151 ,       47 ,      162 ,       52 ,       93 ,       71 ,      115 ,      120 ,      141 ,      156 ,      114 ,        3 ,      117 ,      124 ,       75 ,      183 ,       40 ,       50 ,      167 ,        2 ,      161 ,       31 ,       62 ,       35 ,      123 ,       44 ,      105 ,       29 ,       57 ,      143 ,      165 ,      116 ,        0 ,       41 ,      176 , 
      21 ,       36 ,       69 ,      104 ,        4 ,      172 ,      150 ,       37 ,      128 ,       25 ,       98 ,      189 ,      181 ,      102 ,      170 ,      168 ,       10 ,       15 ,      152 ,       42 ,      146 ,        9 ,      154 ,      119 ,       84 ,       49 ,      157 ,       43 ,       39 ,      113 ,      148 ,       76 ,       99 ,       87 ,       67 ,       19 ,      137 ,      139 ,      107 ,       53 ,        7 ,       33 ,      193 ,       11 ,      108 ,       23 ,       77 ,      112 ,      100 ,       27 ,      111 ,       83 ,        5 ,      166 ,      110 ,       55 ,       54 ,      190 ,       30 ,      182 ,       28 ,       61 ,      144 ,      186 ,      135 ,       74 ,      106 ,       14 ,      122 ,      188 ,      126 ,      197 ,      145 ,       22 ,       32 ,      140 ,      155 ,       91 ,       56 ,      103 ,       59 ,      127 ,      175 ,      194 ,      158 ,       72 ,       94 ,      131 ,       78 ,      101 ,        6 ,      164 ,      130 ,      171 ,      185 ,      133 ,       88 ,      195 ,      147 ,      198 ,      179 ,      129 ,      173 ,        8 ,       90 ,       73 ,       86 ,      184 ,      191 ,       46 ,       20 ,       38 ,       12 ,      163 ,      159 ,       92 ,      187 ,      199 ,       79 ,      136 ,      134 ,       48 ,       96 ,      125 ,       82 ,       97 ,       80 ,      178 ,       60 ,      174 ,       58 ,      118 ,       51 ,      180 ,       89 ,       68 ,       85 ,       18 ,       65 ,       81 ,       26 ,      169 ,      196 ,       13 ,      153 ,       45 ,      109 ,      177 ,      149 ,       17 ,       16 ,      138 ,       66 ,      192 ,       24 ,       70 ,        1 ,       63 ,      142 ,       64 ,      160 ,      121 ,       34 ,       95 ,      132 ,      151 ,      162 ,       47 ,       93 ,       52 ,       71 ,      115 ,      141 ,      120 ,        3 ,      156 ,      117 ,      114 ,      124 ,       40 ,      183 ,       75 ,      167 ,       50 ,       31 ,        2 ,      161 ,       62 ,      123 ,       35 ,      105 ,       44 ,      143 ,       57 ,       29 ,        0 ,      165 ,      116 ,       41 ,      176 , 
      21 ,       36 ,       69 ,      104 ,      172 ,        4 ,      150 ,       37 ,       25 ,       98 ,      128 ,      189 ,      102 ,      181 ,      168 ,       10 ,      170 ,       15 ,      152 ,       42 ,      154 ,        9 ,      146 ,       49 ,      119 ,       84 ,      157 ,       43 ,       39 ,      148 ,       76 ,       87 ,      113 ,       19 ,       99 ,       67 ,      107 ,       53 ,      137 ,      139 ,        7 ,       11 ,      193 ,       33 ,       77 ,       23 ,      108 ,      112 ,       27 ,      100 ,       83 ,        5 ,      111 ,      110 ,      166 ,       55 ,      182 ,      190 ,       54 ,      186 ,       28 ,      144 ,      106 ,      135 ,       74 ,       61 ,       14 ,       30 ,      188 ,      122 ,      126 ,      145 ,       22 ,      197 ,       32 ,      155 ,      140 ,       56 ,       91 ,      103 ,      158 ,       59 ,      127 ,      175 ,       72 ,      194 ,       94 ,       78 ,      131 ,      164 ,      130 ,      101 ,        6 ,      133 ,      171 ,      185 ,      195 ,      147 ,      198 ,       88 ,      173 ,      129 ,      179 ,        8 ,       90 ,       73 ,       86 ,      184 ,       20 ,       38 ,      191 ,       92 ,       46 ,       12 ,      159 ,      163 ,      199 ,      187 ,       79 ,       48 ,      134 ,      136 ,       82 ,      125 ,       96 ,       97 ,       80 ,       60 ,      178 ,      118 ,      174 ,       58 ,       51 ,      180 ,       89 ,       85 ,       68 ,       65 ,       18 ,      169 ,       26 ,      196 ,       81 ,       13 ,      153 ,       45 ,      177 ,      149 ,      109 ,       17 ,      138 ,      192 ,       16 ,       24 ,       70 ,       66 ,      142 ,        1 ,       64 ,       63 ,      160 ,      121 ,       34 ,      151 ,      132 ,      162 ,       95 ,       93 ,       47 ,      115 ,       52 ,      141 ,        3 ,       71 ,      156 ,      120 ,      117 ,      124 ,       40 ,      114 ,       75 ,      183 ,       31 ,      167 ,       50 ,        2 ,      161 ,       62 ,      165 ,      143 ,      105 ,       35 ,       44 ,       57 ,      123 ,      176 ,        0 ,       29 ,      116 ,       41 , 
      36 ,      104 ,       21 ,       69 ,      172 ,      150 ,        4 ,       25 ,       98 ,       37 ,      189 ,      181 ,      128 ,      102 ,       10 ,      168 ,      152 ,       15 ,      170 ,       42 ,        9 ,      146 ,      154 ,       49 ,      119 ,       43 ,       84 ,      148 ,      157 ,       76 ,      113 ,       39 ,       19 ,       87 ,      107 ,       99 ,      137 ,       67 ,      139 ,       53 ,        7 ,      193 ,       33 ,       11 ,       77 ,       23 ,      108 ,      112 ,       83 ,       27 ,      100 ,      111 ,      110 ,      166 ,       55 ,        5 ,      190 ,      182 ,       54 ,       28 ,      186 ,      144 ,       74 ,      135 ,      106 ,       61 ,       14 ,       30 ,      188 ,      126 ,      122 ,       22 ,      145 ,      197 ,       32 ,      155 ,       91 ,      103 ,      140 ,       56 ,       59 ,      158 ,       72 ,      194 ,      175 ,      127 ,       78 ,       94 ,      164 ,      131 ,      130 ,        6 ,      101 ,      185 ,      133 ,      147 ,      171 ,      198 ,       88 ,      195 ,      173 ,      129 ,        8 ,      179 ,       73 ,       90 ,      184 ,       86 ,       20 ,       92 ,       46 ,       12 ,       38 ,      191 ,      159 ,      187 ,      163 ,      199 ,       48 ,       79 ,      136 ,       82 ,      134 ,      125 ,       96 ,       80 ,      178 ,       97 ,      174 ,       60 ,       58 ,      118 ,       51 ,       89 ,      180 ,       65 ,       85 ,       68 ,       26 ,       18 ,      196 ,      169 ,       81 ,       13 ,      153 ,       45 ,      177 ,      149 ,      138 ,       17 ,      192 ,      109 ,       70 ,       16 ,       24 ,       66 ,      142 ,        1 ,       63 ,      160 ,       64 ,      151 ,       34 ,      121 ,      162 ,       95 ,      132 ,       47 ,      115 ,      141 ,       93 ,       52 ,       71 ,      120 ,      117 ,        3 ,      156 ,      114 ,      124 ,       40 ,       75 ,      183 ,       31 ,      167 ,       50 ,        2 ,      165 ,      143 ,      161 ,       62 ,       35 ,      176 ,      105 ,        0 ,       44 ,       57 ,      123 ,       41 ,      116 ,       29 , 
      36 ,       21 ,      104 ,       69 ,      150 ,      172 ,        4 ,       25 ,      189 ,       37 ,       98 ,      181 ,      128 ,       10 ,      102 ,      168 ,      170 ,       42 ,        9 ,       15 ,      152 ,      154 ,      146 ,      119 ,       49 ,       43 ,      148 ,       84 ,      113 ,      157 ,       76 ,       39 ,       87 ,       99 ,       19 ,      107 ,      137 ,      139 ,       53 ,        7 ,      193 ,       67 ,       11 ,       33 ,       77 ,      112 ,       23 ,       83 ,      108 ,       27 ,      100 ,      111 ,      166 ,       55 ,      110 ,      190 ,        5 ,      182 ,       54 ,       28 ,      186 ,      144 ,      135 ,       74 ,       61 ,      106 ,       14 ,      188 ,       30 ,      126 ,       22 ,      122 ,       32 ,      155 ,      197 ,      145 ,       91 ,      103 ,       56 ,       59 ,      140 ,      158 ,       72 ,      194 ,      175 ,       78 ,      127 ,      131 ,      164 ,       94 ,      130 ,        6 ,      185 ,      101 ,      147 ,      133 ,       88 ,      198 ,      171 ,      129 ,      195 ,      173 ,       73 ,        8 ,      179 ,       90 ,       20 ,      184 ,       86 ,       46 ,       92 ,      159 ,       12 ,       38 ,      191 ,      199 ,      163 ,       48 ,      187 ,       82 ,       79 ,       96 ,      136 ,      134 ,      125 ,       97 ,       80 ,      178 ,      174 ,       60 ,       51 ,      118 ,       58 ,       65 ,       89 ,      180 ,       26 ,       68 ,       18 ,      169 ,       85 ,      196 ,       13 ,      153 ,       81 ,       45 ,      177 ,      149 ,       17 ,      138 ,       70 ,      192 ,      109 ,       16 ,       24 ,       66 ,      142 ,       63 ,        1 ,      160 ,       34 ,      121 ,       64 ,      151 ,      162 ,       47 ,      132 ,       95 ,       93 ,      115 ,      141 ,       52 ,       71 ,        3 ,      117 ,      114 ,      120 ,      156 ,      124 ,       75 ,       40 ,       31 ,      183 ,       50 ,      165 ,      167 ,      161 ,        2 ,       35 ,      143 ,       62 ,        0 ,      105 ,      176 ,       44 ,       57 ,       41 ,      123 ,      116 ,       29 , 
      36 ,       21 ,      104 ,       69 ,      172 ,       25 ,      150 ,        4 ,       37 ,      189 ,       98 ,      128 ,      181 ,      168 ,       10 ,      102 ,       42 ,       15 ,      170 ,      154 ,      146 ,        9 ,      152 ,      119 ,      148 ,       49 ,       43 ,      113 ,       84 ,      157 ,       87 ,       76 ,       39 ,       19 ,       99 ,      137 ,      107 ,      139 ,       53 ,       67 ,       11 ,        7 ,       33 ,      112 ,      193 ,       77 ,       23 ,       83 ,      108 ,      111 ,      100 ,      166 ,       27 ,       55 ,      190 ,      110 ,      182 ,       28 ,        5 ,       54 ,      135 ,       74 ,      144 ,       61 ,      186 ,      106 ,       14 ,      188 ,      126 ,       30 ,       22 ,      122 ,       32 ,      145 ,      155 ,      197 ,      103 ,       56 ,       91 ,      140 ,       59 ,      158 ,      175 ,       72 ,      194 ,      127 ,       78 ,      131 ,      130 ,        6 ,       94 ,      185 ,      164 ,      147 ,      133 ,      101 ,      171 ,       88 ,      195 ,      198 ,      129 ,      173 ,       73 ,      179 ,        8 ,       90 ,       20 ,      184 ,       92 ,       46 ,       86 ,       38 ,      159 ,       12 ,      191 ,      199 ,       48 ,      163 ,       79 ,       82 ,      136 ,      187 ,       96 ,      134 ,       97 ,      178 ,      174 ,      125 ,       80 ,      118 ,       58 ,       51 ,       60 ,       65 ,       89 ,      180 ,       68 ,       26 ,       18 ,       85 ,      196 ,      153 ,      169 ,       81 ,       13 ,      177 ,      149 ,       45 ,      138 ,       70 ,       17 ,      192 ,      109 ,       24 ,       16 ,      142 ,       63 ,       66 ,       34 ,      160 ,        1 ,      151 ,      121 ,       64 ,      162 ,       95 ,      132 ,       47 ,      141 ,       93 ,      115 ,       71 ,       52 ,        3 ,      117 ,      120 ,      114 ,      124 ,      156 ,       75 ,       31 ,       50 ,       40 ,      183 ,      165 ,      167 ,      161 ,      143 ,        2 ,        0 ,       62 ,      176 ,       35 ,       44 ,      105 ,       57 ,      123 ,       41 ,      116 ,       29 , 
      21 ,       36 ,      104 ,      172 ,       69 ,        4 ,      150 ,       25 ,       37 ,      189 ,      128 ,       98 ,      168 ,      181 ,       10 ,       42 ,      146 ,       15 ,      102 ,      170 ,        9 ,      154 ,      119 ,      152 ,      148 ,       49 ,       43 ,      113 ,      157 ,       87 ,       84 ,       39 ,       76 ,       19 ,       99 ,      137 ,      107 ,       67 ,       53 ,       11 ,      139 ,        7 ,       33 ,      193 ,      112 ,       77 ,       23 ,       83 ,      108 ,      166 ,      111 ,       27 ,      100 ,      110 ,      190 ,       28 ,       55 ,      182 ,       54 ,       74 ,        5 ,      135 ,       61 ,      186 ,       14 ,      106 ,      144 ,      188 ,      126 ,       22 ,       30 ,       32 ,      145 ,      122 ,      155 ,      197 ,       56 ,      103 ,       91 ,       59 ,      140 ,      158 ,      194 ,       72 ,      175 ,      127 ,      131 ,       78 ,        6 ,      185 ,       94 ,      164 ,      130 ,      133 ,      147 ,       88 ,      101 ,      198 ,      171 ,      129 ,      195 ,      173 ,       73 ,        8 ,      179 ,       90 ,      184 ,       92 ,       20 ,       46 ,      159 ,       86 ,       38 ,       12 ,      191 ,      199 ,       48 ,      163 ,      136 ,       79 ,       82 ,       96 ,       97 ,      187 ,      178 ,      134 ,       58 ,       51 ,      174 ,       80 ,      125 ,      118 ,       60 ,       65 ,       89 ,       26 ,       68 ,      180 ,      196 ,       85 ,      169 ,       81 ,       13 ,       18 ,      153 ,      149 ,      177 ,       45 ,      138 ,      192 ,      109 ,       70 ,       17 ,       24 ,      142 ,       16 ,       66 ,        1 ,       63 ,      160 ,       34 ,      151 ,      162 ,       95 ,       47 ,      132 ,      121 ,       64 ,      141 ,      115 ,       93 ,       52 ,       71 ,        3 ,      117 ,      114 ,      120 ,      156 ,       75 ,      124 ,       40 ,       31 ,       50 ,      165 ,      167 ,      183 ,        2 ,      161 ,        0 ,      143 ,      176 ,       62 ,       44 ,       35 ,       41 ,      123 ,       57 ,      105 ,      116 ,       29 , 
