125 , 100 , 10 , 40251 , ILST
      37 ,       38 ,       58 ,       45 ,       98 ,       65 ,       94 ,       40 ,       67 ,       93 ,        7 ,       44 ,       79 ,       32 ,       20 ,       76 ,       22 ,       19 ,       55 ,        5 ,       75 ,        9 ,       35 ,       34 ,       73 ,       16 ,       68 ,       80 ,       69 ,       85 ,       96 ,       91 ,       99 ,       28 ,       74 ,       42 ,       15 ,       21 ,        0 ,       97 ,       46 ,       88 ,       87 ,       52 ,        6 ,        3 ,       43 ,       10 ,        1 ,       60 ,       92 ,       26 ,       89 ,       66 ,       83 ,       11 ,       62 ,       86 ,       47 ,       49 ,       23 ,       18 ,       51 ,       71 ,       53 ,        4 ,       25 ,       56 ,       84 ,       41 ,       90 ,       24 ,        2 ,       82 ,       29 ,       63 ,       77 ,       14 ,       13 ,       61 ,       36 ,       57 ,       95 ,       17 ,       70 ,       30 ,       59 ,        8 ,       81 ,       12 ,       48 ,       72 ,       39 ,       31 ,       33 ,       27 ,       64 ,       78 ,       50 ,       54 , 
      37 ,       98 ,       94 ,       58 ,       38 ,       67 ,       93 ,       65 ,       44 ,       79 ,       45 ,       40 ,       32 ,       22 ,        7 ,       76 ,       55 ,       19 ,       20 ,       35 ,       75 ,        5 ,        9 ,       34 ,       16 ,       73 ,       80 ,       68 ,       85 ,       69 ,       91 ,       28 ,       42 ,       96 ,       21 ,       74 ,       99 ,        0 ,       15 ,       88 ,       46 ,       97 ,       52 ,       87 ,        6 ,        3 ,        1 ,       10 ,       43 ,       60 ,       92 ,       26 ,       66 ,       89 ,       83 ,       47 ,       62 ,       49 ,       11 ,       23 ,       18 ,       53 ,       51 ,       86 ,        4 ,       41 ,       25 ,       56 ,       71 ,       82 ,        2 ,       90 ,       24 ,       84 ,       14 ,       29 ,       36 ,       63 ,       61 ,       77 ,       13 ,       17 ,       57 ,       30 ,       95 ,       70 ,       81 ,       12 ,       59 ,       31 ,       48 ,        8 ,       39 ,       72 ,       27 ,       78 ,       50 ,       33 ,       54 ,       64 , 
      58 ,       98 ,       37 ,       65 ,       67 ,       93 ,       38 ,       94 ,       79 ,       45 ,       40 ,       76 ,       22 ,       44 ,       32 ,        7 ,       35 ,       19 ,       55 ,       20 ,        5 ,       75 ,       34 ,        9 ,       80 ,       85 ,       69 ,       16 ,       68 ,       91 ,       73 ,       42 ,       96 ,       21 ,       99 ,       28 ,        0 ,       46 ,       74 ,       88 ,       15 ,       52 ,       87 ,       97 ,        3 ,       43 ,        6 ,        1 ,       92 ,       26 ,       10 ,       66 ,       11 ,       83 ,       60 ,       62 ,       49 ,       53 ,       47 ,       89 ,       23 ,        4 ,       25 ,       51 ,       86 ,       41 ,       18 ,        2 ,       56 ,       82 ,       71 ,       24 ,       14 ,       84 ,       90 ,       29 ,       61 ,       63 ,       13 ,       57 ,       36 ,       70 ,       95 ,       77 ,       81 ,       30 ,       17 ,        8 ,       48 ,       31 ,       59 ,       78 ,       27 ,       72 ,       12 ,       39 ,       64 ,       50 ,       33 ,       54 , 
      65 ,       58 ,       67 ,       38 ,       37 ,       79 ,       98 ,       76 ,       40 ,       44 ,       93 ,       94 ,        7 ,       35 ,       45 ,       19 ,       55 ,       22 ,       32 ,        5 ,       34 ,       20 ,       80 ,       69 ,       75 ,       91 ,       68 ,        9 ,       85 ,       16 ,       42 ,       96 ,       73 ,       28 ,        0 ,       21 ,       15 ,       88 ,       99 ,       46 ,       97 ,       43 ,       52 ,       74 ,       87 ,       26 ,        3 ,        1 ,        6 ,       66 ,       60 ,       92 ,       11 ,       83 ,       62 ,       10 ,       49 ,        4 ,       23 ,       25 ,       47 ,       51 ,       53 ,       89 ,       18 ,       56 ,       86 ,        2 ,       41 ,       14 ,       71 ,       29 ,       84 ,       82 ,       61 ,       13 ,       24 ,       63 ,       90 ,       77 ,       57 ,       81 ,       70 ,       36 ,       95 ,        8 ,       30 ,       48 ,       59 ,       27 ,       17 ,       31 ,       64 ,       78 ,       12 ,       72 ,       33 ,       39 ,       50 ,       54 , 
      58 ,       38 ,       67 ,       79 ,       65 ,       40 ,       76 ,       44 ,       93 ,       98 ,       37 ,        7 ,       35 ,       94 ,       22 ,       45 ,       32 ,       19 ,       55 ,       69 ,       20 ,        5 ,       34 ,       75 ,       91 ,       80 ,       16 ,       85 ,       96 ,        9 ,       68 ,       42 ,       73 ,       15 ,        0 ,       21 ,       28 ,       88 ,       43 ,       99 ,       97 ,       46 ,        3 ,       74 ,       52 ,        6 ,       87 ,       60 ,       26 ,       83 ,       66 ,       92 ,       11 ,       62 ,        1 ,        4 ,       49 ,       47 ,       10 ,       51 ,       23 ,       25 ,       18 ,       53 ,       89 ,       56 ,       86 ,       41 ,       71 ,        2 ,       61 ,       29 ,       13 ,       14 ,       82 ,       84 ,       77 ,       63 ,       90 ,       24 ,       36 ,        8 ,       30 ,       48 ,       57 ,       81 ,       95 ,       59 ,       27 ,       70 ,       78 ,       17 ,       12 ,       31 ,       72 ,       64 ,       39 ,       54 ,       33 ,       50 , 
      67 ,       58 ,       38 ,       65 ,       76 ,       93 ,       79 ,       98 ,        7 ,       40 ,       44 ,       37 ,       45 ,       35 ,       94 ,       22 ,       69 ,       55 ,       32 ,       19 ,       91 ,        5 ,       80 ,       16 ,       75 ,       34 ,       20 ,       85 ,       96 ,       42 ,        9 ,       15 ,       68 ,       73 ,       88 ,       43 ,       28 ,       99 ,       21 ,        0 ,       97 ,        6 ,        3 ,       74 ,       46 ,       87 ,       60 ,       52 ,       83 ,       26 ,        1 ,       66 ,       92 ,       62 ,       11 ,       47 ,       49 ,       10 ,       51 ,       23 ,        4 ,       18 ,       25 ,       89 ,       41 ,       53 ,       86 ,       56 ,       71 ,       61 ,       29 ,       13 ,       14 ,        2 ,       84 ,       82 ,       90 ,        8 ,       77 ,       24 ,       48 ,       63 ,       95 ,       36 ,       57 ,       27 ,       30 ,       78 ,       70 ,       81 ,       59 ,       64 ,       39 ,       31 ,       17 ,       72 ,       54 ,       12 ,       33 ,       50 , 
      67 ,       58 ,       38 ,       76 ,       65 ,       79 ,        7 ,       37 ,       93 ,       40 ,       98 ,       35 ,       45 ,       44 ,       32 ,       55 ,       94 ,       69 ,       19 ,        5 ,       22 ,       91 ,       16 ,       80 ,       75 ,       85 ,       42 ,       96 ,       34 ,       20 ,       73 ,       68 ,       15 ,       43 ,        9 ,       99 ,       28 ,       88 ,       21 ,        6 ,        0 ,        3 ,       74 ,       97 ,       60 ,       83 ,       87 ,       46 ,       52 ,       26 ,       62 ,       47 ,       49 ,       10 ,       11 ,        1 ,        4 ,       66 ,       92 ,       51 ,       89 ,       18 ,       53 ,       23 ,       86 ,       25 ,       61 ,       56 ,       41 ,       29 ,        2 ,       71 ,       84 ,       14 ,       13 ,       90 ,       82 ,       48 ,        8 ,       24 ,       77 ,       95 ,       27 ,       30 ,       78 ,       36 ,       63 ,       57 ,       70 ,       64 ,       81 ,       72 ,       31 ,       59 ,       39 ,       12 ,       17 ,       54 ,       50 ,       33 , 
      67 ,       38 ,       65 ,       58 ,        7 ,       76 ,       37 ,       98 ,       93 ,       40 ,       79 ,       32 ,       35 ,       55 ,       45 ,       44 ,       94 ,       19 ,       91 ,        5 ,       75 ,       22 ,       69 ,       16 ,       80 ,       85 ,       96 ,       34 ,       42 ,       20 ,       15 ,       43 ,       68 ,       99 ,        9 ,       28 ,       73 ,       21 ,        0 ,       88 ,        6 ,       97 ,       74 ,        3 ,       52 ,       26 ,       60 ,       83 ,       46 ,       87 ,       49 ,       47 ,       10 ,       11 ,        1 ,       62 ,       92 ,        4 ,       18 ,       23 ,       66 ,       51 ,       61 ,       89 ,       53 ,       86 ,       25 ,       56 ,       71 ,       84 ,       41 ,       29 ,       13 ,        2 ,       90 ,       48 ,       14 ,       77 ,       24 ,       82 ,        8 ,       36 ,       78 ,       27 ,       95 ,       30 ,       81 ,       57 ,       31 ,       63 ,       64 ,       59 ,       70 ,       39 ,       72 ,       12 ,       17 ,       54 ,       33 ,       50 , 
      67 ,       58 ,       37 ,       76 ,        7 ,       38 ,       65 ,       98 ,       40 ,       93 ,       79 ,       35 ,       32 ,       44 ,       55 ,       45 ,       91 ,       94 ,        5 ,       75 ,       22 ,       69 ,       19 ,       16 ,       80 ,       34 ,       42 ,       20 ,       85 ,       43 ,       96 ,       28 ,       15 ,       68 ,       99 ,       88 ,        0 ,       73 ,        9 ,       21 ,        6 ,       26 ,       52 ,       97 ,       74 ,        3 ,       60 ,       87 ,       49 ,       10 ,       83 ,       46 ,       47 ,       62 ,       92 ,        1 ,       11 ,       23 ,       18 ,        4 ,       61 ,       66 ,       51 ,       89 ,       86 ,       53 ,       84 ,       71 ,       25 ,       56 ,       13 ,       41 ,       48 ,        2 ,       77 ,       29 ,       90 ,       36 ,       14 ,       27 ,       24 ,       82 ,       78 ,       57 ,       95 ,        8 ,       64 ,       30 ,       81 ,       31 ,       39 ,       63 ,       70 ,       12 ,       59 ,       72 ,       33 ,       50 ,       17 ,       54 , 
      67 ,       58 ,       37 ,       38 ,       76 ,       65 ,       93 ,        7 ,       35 ,       98 ,       79 ,       40 ,       55 ,       32 ,       94 ,       45 ,       22 ,       44 ,       75 ,       91 ,       80 ,        5 ,       69 ,       19 ,       85 ,       43 ,       16 ,       20 ,       42 ,       34 ,       28 ,       99 ,       68 ,       96 ,        9 ,       88 ,       73 ,       15 ,       52 ,       26 ,        6 ,        0 ,       21 ,       60 ,        3 ,       49 ,       74 ,       97 ,       83 ,       87 ,       10 ,       62 ,       46 ,       92 ,       47 ,       23 ,        1 ,       18 ,        4 ,       11 ,       89 ,       66 ,       86 ,       61 ,       51 ,       84 ,       53 ,       71 ,       48 ,       41 ,       13 ,       25 ,        2 ,       56 ,       90 ,       36 ,       29 ,       77 ,       14 ,       27 ,       82 ,       24 ,       78 ,       64 ,       81 ,       57 ,       95 ,        8 ,       63 ,       31 ,       30 ,       12 ,       70 ,       39 ,       72 ,       59 ,       50 ,       33 ,       17 ,       54 , 
