873 , 200 , 10 , 310846 , ILST
     184 ,       33 ,       54 ,      156 ,       65 ,       91 ,      146 ,      167 ,      151 ,       81 ,      180 ,      188 ,       83 ,       45 ,       24 ,       56 ,      139 ,      187 ,      125 ,      175 ,      165 ,      186 ,       99 ,       17 ,      166 ,       34 ,        9 ,      189 ,       38 ,       42 ,      126 ,      176 ,      119 ,      163 ,       55 ,      164 ,      154 ,       74 ,       82 ,       52 ,       64 ,       41 ,       87 ,      104 ,       31 ,      190 ,       10 ,      123 ,      179 ,       12 ,        8 ,      124 ,       98 ,      196 ,       51 ,      122 ,       78 ,       80 ,      116 ,      183 ,       71 ,      120 ,      193 ,       67 ,        7 ,       22 ,      162 ,       93 ,      143 ,      173 ,       96 ,      109 ,        3 ,       62 ,      100 ,      129 ,       43 ,       36 ,       84 ,      149 ,       89 ,       21 ,      171 ,      132 ,      138 ,       70 ,      195 ,       88 ,      136 ,      169 ,      107 ,      118 ,       48 ,      130 ,       73 ,       72 ,      174 ,      131 ,       11 ,      170 ,      152 ,      111 ,       15 ,      142 ,      137 ,       57 ,       35 ,       60 ,      182 ,      135 ,      172 ,       40 ,        6 ,       77 ,      102 ,      106 ,       75 ,       86 ,       26 ,      177 ,        0 ,       46 ,       63 ,       14 ,      147 ,       61 ,      168 ,      145 ,       90 ,       47 ,      158 ,      155 ,       18 ,      194 ,      160 ,        2 ,      121 ,      103 ,      110 ,       85 ,      115 ,      101 ,        5 ,       25 ,      144 ,       28 ,      178 ,      134 ,       53 ,      127 ,       39 ,      191 ,        1 ,       13 ,      161 ,      140 ,      185 ,       30 ,      114 ,       49 ,       19 ,      148 ,       59 ,       50 ,      157 ,       20 ,      159 ,       23 ,       97 ,      153 ,       32 ,       94 ,      141 ,       29 ,      105 ,      181 ,       79 ,       16 ,      197 ,      192 ,       37 ,      133 ,      150 ,       76 ,      128 ,       66 ,      108 ,       92 ,        4 ,       69 ,      117 ,       68 ,       58 ,      198 ,      199 ,       27 ,       44 ,      112 ,      113 ,       95 , 
      65 ,      156 ,       54 ,      184 ,       33 ,       91 ,      151 ,      167 ,       81 ,      146 ,      180 ,       45 ,       24 ,       83 ,       56 ,      188 ,      125 ,      187 ,      139 ,      175 ,      186 ,       99 ,      165 ,        9 ,       17 ,      166 ,       42 ,       38 ,      126 ,      119 ,       34 ,      189 ,      154 ,      164 ,       82 ,      176 ,       55 ,      163 ,       74 ,       52 ,       31 ,      190 ,       64 ,       10 ,       87 ,       41 ,      179 ,      123 ,      124 ,       98 ,      104 ,        8 ,      196 ,      122 ,       51 ,       12 ,       78 ,      183 ,       80 ,      120 ,       71 ,      116 ,       67 ,      193 ,      143 ,       22 ,        7 ,      109 ,        3 ,       93 ,      162 ,      100 ,      129 ,       62 ,      173 ,       96 ,      149 ,       36 ,       43 ,      132 ,       84 ,       21 ,       89 ,      171 ,      136 ,      195 ,      107 ,      138 ,      169 ,       70 ,      130 ,       88 ,       73 ,       72 ,       48 ,      131 ,      170 ,      118 ,       15 ,      174 ,      142 ,       11 ,      111 ,      152 ,       35 ,       60 ,      182 ,      137 ,       57 ,      135 ,        6 ,       77 ,      172 ,       40 ,       86 ,      106 ,       75 ,      177 ,      102 ,       46 ,       26 ,       63 ,        0 ,       14 ,      145 ,      147 ,      158 ,       61 ,      168 ,       90 ,      160 ,      155 ,        2 ,       47 ,       18 ,      194 ,      121 ,      110 ,      103 ,      115 ,       85 ,      101 ,       28 ,       25 ,        5 ,      127 ,      134 ,      144 ,      178 ,       39 ,      161 ,       53 ,       13 ,      191 ,        1 ,      114 ,       49 ,       19 ,      185 ,      140 ,       30 ,      148 ,       59 ,      159 ,       20 ,       50 ,      157 ,       94 ,       32 ,       23 ,       97 ,      141 ,      105 ,      153 ,       16 ,       79 ,       29 ,      192 ,      181 ,      197 ,      150 ,       66 ,      128 ,       76 ,      133 ,       37 ,       92 ,      117 ,      108 ,       68 ,        4 ,       69 ,      198 ,       58 ,      112 ,       44 ,       27 ,      199 ,      113 ,       95 , 
      33 ,      156 ,      151 ,       91 ,       65 ,      167 ,      180 ,       81 ,      184 ,       54 ,       24 ,       45 ,      146 ,      187 ,       56 ,      175 ,      139 ,      188 ,      165 ,       83 ,       17 ,      125 ,       99 ,        9 ,       42 ,       38 ,      186 ,      126 ,      166 ,      164 ,       34 ,      154 ,      189 ,      119 ,      176 ,       52 ,       82 ,       31 ,      163 ,       55 ,       74 ,      190 ,       64 ,      179 ,       98 ,       10 ,       41 ,       87 ,      123 ,        8 ,       51 ,      124 ,      104 ,      122 ,      196 ,      120 ,       80 ,       78 ,       12 ,       71 ,      183 ,      143 ,      116 ,      193 ,        7 ,       22 ,       67 ,       62 ,      109 ,      100 ,      129 ,       93 ,        3 ,      173 ,      162 ,       36 ,       96 ,      132 ,       43 ,       84 ,      149 ,       21 ,      136 ,       89 ,      195 ,      138 ,      169 ,      171 ,      130 ,       72 ,       70 ,      107 ,       73 ,       88 ,       48 ,      170 ,      174 ,       11 ,      131 ,       15 ,      118 ,      142 ,       35 ,      182 ,      152 ,      111 ,       60 ,       57 ,      137 ,       40 ,       77 ,        6 ,      135 ,       86 ,      106 ,      172 ,      102 ,       63 ,      177 ,       75 ,       46 ,       26 ,      147 ,       14 ,      145 ,       90 ,      160 ,        0 ,       61 ,        2 ,      155 ,      158 ,      168 ,       18 ,      110 ,      121 ,      103 ,       47 ,      115 ,      194 ,        5 ,      101 ,      127 ,       85 ,      144 ,       28 ,      134 ,       25 ,      178 ,       13 ,      191 ,       53 ,      161 ,       39 ,        1 ,       19 ,      114 ,       49 ,      185 ,      148 ,       59 ,      140 ,      159 ,       30 ,       20 ,       50 ,      157 ,       97 ,       94 ,       32 ,       23 ,      141 ,      153 ,      192 ,       79 ,      197 ,      105 ,      150 ,       66 ,       16 ,      128 ,       29 ,       76 ,      117 ,      133 ,      181 ,       37 ,       92 ,        4 ,       68 ,       69 ,      108 ,       58 ,       27 ,      112 ,      198 ,       44 ,      199 ,      113 ,       95 , 
      33 ,      151 ,       91 ,      156 ,      184 ,       54 ,       81 ,       65 ,      180 ,      146 ,      167 ,       56 ,       24 ,      187 ,       45 ,      165 ,      175 ,       83 ,      125 ,      139 ,       17 ,      188 ,       42 ,      186 ,       38 ,      164 ,       99 ,        9 ,      166 ,       34 ,      176 ,      154 ,      126 ,       52 ,      189 ,      163 ,       31 ,      119 ,       82 ,      190 ,       74 ,       98 ,       55 ,       64 ,       10 ,      179 ,       87 ,       51 ,       41 ,      104 ,      123 ,        8 ,      196 ,      122 ,      124 ,       12 ,       71 ,       80 ,      116 ,      120 ,      143 ,      183 ,       78 ,        7 ,       62 ,       67 ,      129 ,       22 ,      193 ,      100 ,      162 ,      109 ,        3 ,      173 ,       96 ,       36 ,       93 ,      149 ,       84 ,       43 ,      132 ,      136 ,       89 ,       21 ,      138 ,      195 ,       70 ,      169 ,       73 ,       88 ,      171 ,       72 ,      107 ,      130 ,      131 ,       15 ,      170 ,       11 ,      174 ,       48 ,      152 ,      118 ,       35 ,      142 ,      182 ,       60 ,      111 ,       57 ,      135 ,       40 ,      137 ,        6 ,      172 ,       77 ,      106 ,       86 ,       63 ,      102 ,       75 ,      177 ,       46 ,       14 ,      147 ,      160 ,       90 ,       26 ,        0 ,      158 ,       61 ,      145 ,        2 ,      168 ,      155 ,       18 ,      110 ,       47 ,      103 ,      121 ,      101 ,       85 ,      115 ,        5 ,      194 ,       28 ,      144 ,      127 ,      134 ,       53 ,       25 ,      191 ,      178 ,       13 ,       39 ,      161 ,       49 ,        1 ,       19 ,       59 ,      148 ,      114 ,      159 ,      185 ,      140 ,       50 ,       20 ,       30 ,       94 ,       97 ,      157 ,       23 ,       32 ,      153 ,       79 ,      141 ,      192 ,       16 ,      150 ,      105 ,      197 ,       76 ,      128 ,      117 ,      133 ,      181 ,       66 ,       29 ,       92 ,        4 ,       37 ,       69 ,       68 ,      198 ,      108 ,       44 ,       58 ,      112 ,       27 ,      199 ,      113 ,       95 , 
      33 ,      151 ,       91 ,       54 ,      156 ,      184 ,       81 ,      180 ,       65 ,       56 ,       45 ,      146 ,       24 ,      167 ,       83 ,      165 ,       17 ,      187 ,       42 ,      186 ,      175 ,      139 ,      125 ,      164 ,        9 ,       99 ,      166 ,      188 ,       38 ,      176 ,      126 ,       34 ,      189 ,      163 ,       52 ,      154 ,       82 ,      119 ,       55 ,       31 ,       64 ,       10 ,      179 ,      190 ,       74 ,       98 ,      104 ,       87 ,      123 ,       41 ,       51 ,       12 ,       71 ,        8 ,      196 ,       80 ,      124 ,      122 ,       78 ,      183 ,      120 ,      116 ,      143 ,       67 ,       22 ,       62 ,      129 ,      162 ,        7 ,        3 ,       96 ,      193 ,      100 ,       93 ,      149 ,       36 ,      109 ,       84 ,      173 ,       43 ,       21 ,      132 ,       89 ,      136 ,      169 ,      138 ,      195 ,       70 ,       88 ,       73 ,       72 ,      130 ,      107 ,      171 ,      152 ,      131 ,       11 ,       15 ,       48 ,      170 ,      174 ,      182 ,       35 ,      118 ,      111 ,      142 ,      137 ,       60 ,      135 ,       40 ,      106 ,       57 ,       86 ,        6 ,      172 ,       75 ,       77 ,       46 ,      177 ,       63 ,      160 ,      147 ,      102 ,       26 ,       14 ,       61 ,        0 ,      145 ,       90 ,      168 ,        2 ,      110 ,      158 ,      155 ,       18 ,       47 ,      121 ,      103 ,      101 ,        5 ,       85 ,      194 ,      144 ,      115 ,       25 ,       53 ,       28 ,      134 ,      178 ,      127 ,      191 ,      161 ,       39 ,       13 ,       19 ,       49 ,      159 ,       59 ,      148 ,      114 ,        1 ,       20 ,      185 ,       50 ,      157 ,      140 ,       23 ,       32 ,       94 ,       79 ,       30 ,      153 ,       97 ,      192 ,      197 ,      150 ,       16 ,      141 ,      105 ,       76 ,      181 ,      128 ,      117 ,       92 ,        4 ,       66 ,       37 ,      133 ,      198 ,       29 ,       69 ,      112 ,       68 ,       44 ,       27 ,      108 ,      113 ,       58 ,      199 ,       95 , 
      33 ,      151 ,       91 ,       54 ,      184 ,       65 ,      156 ,       81 ,       45 ,      180 ,       56 ,       24 ,       83 ,      146 ,       17 ,      165 ,      167 ,       42 ,      186 ,      125 ,      139 ,      187 ,      175 ,        9 ,       99 ,      164 ,       38 ,      176 ,      166 ,      189 ,      188 ,      163 ,      126 ,       52 ,       34 ,      154 ,      119 ,       64 ,       82 ,       31 ,       55 ,       10 ,      179 ,      190 ,       74 ,       12 ,       98 ,       87 ,       41 ,      104 ,      123 ,        8 ,      124 ,       71 ,       51 ,      196 ,      122 ,      183 ,       78 ,       67 ,       80 ,       22 ,      143 ,       62 ,      120 ,      116 ,       96 ,      129 ,        7 ,      149 ,      100 ,        3 ,       36 ,      162 ,      193 ,      173 ,       84 ,      109 ,       21 ,       93 ,       43 ,      138 ,      169 ,      132 ,       89 ,       88 ,      136 ,       73 ,      195 ,      171 ,       70 ,      130 ,      131 ,       72 ,      152 ,      107 ,       11 ,       15 ,       35 ,      174 ,      170 ,      111 ,       48 ,      182 ,      118 ,      142 ,      137 ,       40 ,      135 ,       57 ,       60 ,       86 ,      172 ,       75 ,      106 ,        6 ,      160 ,       77 ,       63 ,       46 ,      147 ,       61 ,        0 ,      177 ,       14 ,      102 ,      145 ,       26 ,       90 ,      155 ,      168 ,       18 ,      110 ,      121 ,        2 ,      158 ,      103 ,      194 ,       47 ,      144 ,       85 ,        5 ,       53 ,      101 ,       28 ,      134 ,      115 ,       25 ,      127 ,      191 ,      178 ,       39 ,       19 ,       59 ,      161 ,       13 ,      148 ,      114 ,      159 ,       49 ,        1 ,       50 ,       20 ,       23 ,      185 ,       32 ,      140 ,       79 ,      153 ,      157 ,      192 ,       30 ,       16 ,       97 ,      197 ,       94 ,      150 ,      105 ,       76 ,      128 ,      141 ,      181 ,        4 ,       37 ,      133 ,       66 ,      198 ,       92 ,      117 ,      112 ,       29 ,       69 ,       27 ,       44 ,       58 ,      199 ,       68 ,      108 ,      113 ,       95 , 
      33 ,       54 ,       65 ,      184 ,      151 ,       91 ,      156 ,       56 ,      180 ,       45 ,       81 ,       83 ,      146 ,       17 ,      165 ,      125 ,      139 ,      186 ,       24 ,      175 ,        9 ,       42 ,      187 ,      167 ,      176 ,       99 ,      164 ,      166 ,      189 ,      163 ,       38 ,      126 ,       52 ,       64 ,       82 ,      188 ,       34 ,      119 ,      154 ,      179 ,       10 ,       31 ,       55 ,       74 ,      190 ,       12 ,       41 ,       98 ,       87 ,      104 ,       51 ,        8 ,      123 ,      196 ,      124 ,       71 ,      122 ,       80 ,      143 ,       67 ,       78 ,      116 ,      183 ,       62 ,        7 ,       22 ,      149 ,      120 ,       96 ,      129 ,      100 ,      193 ,        3 ,      162 ,      173 ,       84 ,      109 ,       36 ,       43 ,       21 ,       89 ,       93 ,      138 ,      169 ,      195 ,       73 ,      132 ,       88 ,      130 ,      136 ,      171 ,      107 ,       70 ,      131 ,       11 ,       15 ,       35 ,       72 ,      152 ,       48 ,      170 ,      174 ,      111 ,      118 ,      182 ,      137 ,      142 ,       60 ,       40 ,       57 ,       86 ,      172 ,        6 ,      106 ,      135 ,       77 ,       63 ,       61 ,       75 ,       46 ,       14 ,      160 ,        0 ,      177 ,      102 ,      145 ,       26 ,      147 ,       90 ,      155 ,      110 ,      121 ,      158 ,       18 ,      168 ,      194 ,      144 ,      103 ,       53 ,        2 ,       85 ,       47 ,        5 ,      115 ,      134 ,      101 ,       28 ,      127 ,       19 ,       25 ,      161 ,      178 ,       39 ,      191 ,       59 ,      114 ,       13 ,      148 ,        1 ,       23 ,       50 ,       49 ,      159 ,      185 ,       20 ,      153 ,       79 ,      140 ,      157 ,       32 ,       30 ,      192 ,      150 ,       16 ,      197 ,      128 ,       76 ,       94 ,       97 ,      181 ,      141 ,        4 ,      105 ,      133 ,      198 ,       92 ,       37 ,      117 ,       66 ,      112 ,       58 ,       29 ,       44 ,       27 ,       69 ,       68 ,      199 ,      108 ,      113 ,       95 , 
      33 ,       54 ,       65 ,       91 ,      151 ,       56 ,      184 ,       83 ,      180 ,       81 ,      156 ,       45 ,      139 ,       17 ,      146 ,      186 ,      125 ,      175 ,      165 ,       42 ,      187 ,      176 ,       24 ,        9 ,       99 ,      167 ,      166 ,      164 ,      189 ,       38 ,       82 ,      163 ,      126 ,       34 ,       52 ,      188 ,      179 ,       64 ,      119 ,      154 ,      190 ,       74 ,       55 ,       41 ,       12 ,       87 ,       31 ,       10 ,        8 ,      104 ,       98 ,      123 ,       71 ,      122 ,       80 ,      196 ,       51 ,       78 ,      124 ,       67 ,      116 ,      143 ,       62 ,      149 ,      120 ,       22 ,      183 ,       96 ,        7 ,      193 ,        3 ,       84 ,      173 ,      100 ,      162 ,      129 ,       43 ,      109 ,       21 ,       36 ,      138 ,      195 ,       89 ,      169 ,      132 ,       73 ,       93 ,      171 ,      136 ,      131 ,       70 ,      130 ,       88 ,       72 ,      152 ,       35 ,      107 ,      170 ,      174 ,       15 ,       11 ,       48 ,      182 ,      111 ,      142 ,       57 ,      118 ,       86 ,       60 ,       40 ,      137 ,      106 ,        6 ,      172 ,      135 ,       46 ,       75 ,       77 ,        0 ,       61 ,       63 ,      177 ,      102 ,      147 ,       14 ,      160 ,       90 ,      145 ,      121 ,       26 ,       18 ,      110 ,      168 ,      155 ,      194 ,      158 ,      144 ,       53 ,       85 ,      103 ,        5 ,        2 ,       47 ,      115 ,      101 ,       25 ,      161 ,      134 ,       19 ,       39 ,       28 ,      127 ,      178 ,      114 ,       59 ,      148 ,       23 ,       50 ,      191 ,       13 ,      185 ,       20 ,        1 ,      159 ,       49 ,       32 ,       30 ,      157 ,       79 ,      153 ,      140 ,      128 ,       16 ,      192 ,      197 ,       94 ,       76 ,      150 ,       97 ,        4 ,      133 ,      181 ,      105 ,      141 ,       66 ,       92 ,       37 ,      198 ,      117 ,      112 ,       29 ,       27 ,       58 ,       68 ,       44 ,       69 ,      113 ,      199 ,      108 ,       95 , 
      33 ,       65 ,       54 ,       91 ,      180 ,      151 ,       56 ,      184 ,       83 ,      156 ,       17 ,       81 ,      186 ,      146 ,       45 ,      139 ,      187 ,       42 ,      176 ,      165 ,       99 ,      175 ,      125 ,      167 ,       24 ,        9 ,      166 ,      164 ,       38 ,       82 ,      189 ,       34 ,      126 ,      163 ,      179 ,       52 ,      119 ,      154 ,      188 ,       74 ,       12 ,       64 ,       55 ,       87 ,       31 ,      190 ,      104 ,        8 ,       71 ,       41 ,      123 ,       98 ,       10 ,       80 ,      122 ,      196 ,      124 ,       51 ,       78 ,      143 ,       62 ,      116 ,      120 ,       22 ,       67 ,       96 ,        7 ,      183 ,      149 ,        3 ,      173 ,       84 ,       43 ,      193 ,      109 ,      129 ,      100 ,      162 ,       21 ,       36 ,      169 ,      195 ,       73 ,       93 ,      132 ,      136 ,      138 ,      131 ,      171 ,       89 ,       70 ,      130 ,       88 ,      152 ,       72 ,       35 ,      170 ,      107 ,       15 ,       48 ,      182 ,      142 ,      111 ,       11 ,      174 ,       86 ,      137 ,       40 ,      106 ,      118 ,       57 ,        6 ,       60 ,      135 ,       77 ,      172 ,       46 ,       63 ,       61 ,      177 ,      102 ,        0 ,       75 ,       90 ,      147 ,      121 ,      160 ,      110 ,       18 ,       14 ,       26 ,      145 ,      155 ,      168 ,      194 ,       53 ,       85 ,      144 ,      158 ,      103 ,        2 ,       25 ,        5 ,      101 ,      115 ,       47 ,       19 ,       28 ,      161 ,      134 ,      127 ,       39 ,       23 ,      148 ,      114 ,      191 ,      178 ,       59 ,      185 ,       50 ,       13 ,       49 ,        1 ,       30 ,       20 ,      159 ,      157 ,      140 ,       32 ,       16 ,      128 ,      192 ,       79 ,      197 ,      153 ,       94 ,       76 ,      133 ,      150 ,        4 ,       97 ,      105 ,      181 ,       66 ,      141 ,       92 ,      117 ,       37 ,       29 ,      112 ,       44 ,      198 ,       69 ,       27 ,       58 ,       68 ,      113 ,       95 ,      199 ,      108 , 
      33 ,       91 ,       65 ,       54 ,      180 ,       56 ,      151 ,       83 ,      184 ,      146 ,      186 ,       17 ,       81 ,       45 ,      156 ,      139 ,      165 ,      176 ,      125 ,       42 ,       24 ,      175 ,      187 ,        9 ,       99 ,      164 ,      167 ,      189 ,      166 ,      126 ,       34 ,       82 ,       38 ,      179 ,      119 ,      163 ,      154 ,       52 ,       55 ,       87 ,      188 ,       64 ,       12 ,       74 ,      190 ,       41 ,      104 ,        8 ,      123 ,       71 ,      122 ,       31 ,       98 ,       80 ,      124 ,      143 ,       10 ,       51 ,       78 ,       22 ,      196 ,      116 ,        7 ,       96 ,       67 ,       62 ,      183 ,      149 ,        3 ,      120 ,      109 ,       43 ,      100 ,       84 ,      162 ,      173 ,      193 ,      129 ,       21 ,       36 ,       73 ,      169 ,      136 ,      132 ,      195 ,      138 ,      131 ,       89 ,       93 ,      171 ,       70 ,      152 ,      130 ,       88 ,       72 ,       15 ,       48 ,      107 ,      170 ,       35 ,      174 ,       86 ,      111 ,      137 ,       40 ,       11 ,      182 ,      142 ,      118 ,       57 ,        6 ,      106 ,      135 ,      172 ,       60 ,       61 ,       77 ,       46 ,      177 ,      102 ,       63 ,        0 ,       90 ,      110 ,      147 ,       75 ,      160 ,       18 ,      121 ,      145 ,       14 ,      194 ,      168 ,       26 ,       53 ,      155 ,       85 ,        2 ,      158 ,       25 ,      144 ,      103 ,      101 ,        5 ,       28 ,       47 ,      134 ,      115 ,       19 ,      161 ,      148 ,       39 ,      191 ,      127 ,       23 ,      178 ,       59 ,      114 ,       50 ,       13 ,       30 ,      185 ,      159 ,       20 ,      140 ,       49 ,      128 ,        1 ,      157 ,      197 ,       16 ,       32 ,       79 ,      192 ,      133 ,      153 ,       94 ,       76 ,       97 ,        4 ,      150 ,      181 ,      105 ,       66 ,      141 ,       37 ,      117 ,      198 ,       92 ,       44 ,       29 ,       69 ,      112 ,       27 ,       58 ,       68 ,      113 ,       95 ,      108 ,      199 , 
