846 , 200 , 10 , 137112 , ILST
     173 ,       99 ,      134 ,      161 ,      139 ,      127 ,      105 ,       65 ,      194 ,       39 ,       49 ,       76 ,      117 ,       44 ,      190 ,       95 ,        6 ,      175 ,       84 ,      148 ,       55 ,      111 ,      146 ,      198 ,      120 ,       48 ,       17 ,       71 ,       75 ,       57 ,      170 ,       83 ,       85 ,       28 ,       62 ,      163 ,      100 ,      133 ,      169 ,      112 ,       47 ,      143 ,        9 ,      192 ,      147 ,      183 ,      176 ,        1 ,       98 ,      185 ,      129 ,      121 ,      195 ,       33 ,      155 ,       70 ,       50 ,       77 ,       80 ,        7 ,       58 ,       68 ,       74 ,       82 ,      126 ,      124 ,       24 ,      136 ,      110 ,      153 ,      182 ,        8 ,       12 ,        2 ,      196 ,       51 ,       81 ,       64 ,       88 ,      171 ,      199 ,      167 ,       92 ,      104 ,       69 ,      151 ,       93 ,       66 ,       11 ,      101 ,       27 ,       40 ,      177 ,      113 ,       36 ,      128 ,      158 ,       23 ,      189 ,      109 ,      166 ,      141 ,        4 ,       91 ,      102 ,       21 ,      138 ,      106 ,      187 ,      135 ,       14 ,      164 ,       29 ,      159 ,      107 ,       89 ,       25 ,      144 ,       59 ,      191 ,        0 ,      156 ,      172 ,       60 ,       52 ,        3 ,       54 ,      168 ,       20 ,      103 ,       15 ,       46 ,      179 ,      180 ,      125 ,       31 ,      122 ,       43 ,      123 ,      108 ,       16 ,       94 ,       56 ,       22 ,      131 ,       37 ,      178 ,       13 ,      162 ,      152 ,       32 ,       42 ,      116 ,      160 ,       30 ,      137 ,      119 ,      130 ,       63 ,       45 ,      157 ,      174 ,       73 ,       72 ,       26 ,      145 ,       10 ,       67 ,       86 ,       53 ,      165 ,      193 ,      181 ,       90 ,       35 ,       78 ,      188 ,      140 ,       18 ,      149 ,      132 ,      154 ,       38 ,       79 ,        5 ,      184 ,       34 ,       41 ,      118 ,       19 ,       97 ,       61 ,       87 ,       96 ,      197 ,      115 ,      186 ,      150 ,      142 ,      114 , 
     161 ,      173 ,       99 ,      127 ,      105 ,       65 ,      139 ,       76 ,      194 ,       49 ,       44 ,       39 ,        6 ,      134 ,       84 ,      117 ,      148 ,       55 ,       95 ,      190 ,      175 ,      111 ,       48 ,       17 ,      198 ,       57 ,      120 ,       75 ,       83 ,      170 ,       71 ,      163 ,      146 ,       28 ,      100 ,       85 ,       62 ,      133 ,        9 ,      169 ,      143 ,      112 ,       47 ,      192 ,      176 ,      183 ,      147 ,      121 ,        1 ,       98 ,       33 ,      155 ,      129 ,      185 ,       77 ,       50 ,      195 ,       70 ,       80 ,       68 ,       58 ,        7 ,       74 ,       82 ,      110 ,      124 ,      126 ,       24 ,        8 ,      136 ,       12 ,        2 ,      153 ,      182 ,       64 ,       88 ,       81 ,      171 ,       51 ,       92 ,      196 ,       69 ,      199 ,       66 ,      104 ,      151 ,      167 ,       40 ,       93 ,       11 ,      101 ,       27 ,       36 ,       23 ,      113 ,      177 ,      128 ,      158 ,      109 ,      166 ,      102 ,      141 ,      138 ,       91 ,      189 ,       21 ,        4 ,      187 ,       14 ,      106 ,      135 ,      164 ,       29 ,       89 ,       59 ,      107 ,        0 ,      159 ,      144 ,       60 ,        3 ,       25 ,      191 ,      172 ,      156 ,      168 ,       52 ,       54 ,       20 ,      180 ,       46 ,      103 ,      179 ,       43 ,       15 ,      125 ,       31 ,      123 ,      122 ,      108 ,       94 ,       16 ,       22 ,      178 ,       56 ,       37 ,      162 ,      131 ,       13 ,      152 ,      116 ,       32 ,       42 ,      130 ,       30 ,      137 ,       63 ,      160 ,      119 ,      174 ,       73 ,      157 ,       45 ,      145 ,       67 ,       53 ,       72 ,       26 ,      193 ,      165 ,       90 ,      181 ,       10 ,      140 ,       78 ,       86 ,       35 ,      132 ,       18 ,      154 ,       38 ,      188 ,      149 ,       79 ,       34 ,      118 ,       19 ,       41 ,        5 ,       97 ,       87 ,      184 ,      114 ,      150 ,      186 ,      197 ,      142 ,       96 ,      115 ,       61 , 
      99 ,      173 ,      161 ,      139 ,      194 ,      105 ,      127 ,       49 ,       76 ,       44 ,       65 ,       84 ,        6 ,      134 ,       95 ,       39 ,      190 ,      148 ,      117 ,      111 ,       17 ,      175 ,       55 ,       48 ,      120 ,       57 ,       83 ,      163 ,       71 ,      198 ,       28 ,       75 ,      170 ,      146 ,        9 ,      100 ,       85 ,       62 ,      143 ,       47 ,      176 ,      192 ,      133 ,      147 ,      169 ,      112 ,      121 ,        1 ,      129 ,       33 ,      183 ,      155 ,       98 ,       50 ,       70 ,      195 ,      185 ,       80 ,       77 ,       74 ,       82 ,       68 ,       58 ,      126 ,       24 ,        8 ,      124 ,        7 ,       12 ,      136 ,      110 ,      153 ,       88 ,        2 ,       64 ,      182 ,       81 ,       92 ,      171 ,      196 ,       66 ,      199 ,       51 ,       40 ,      104 ,       11 ,      167 ,       69 ,       36 ,       93 ,      151 ,       27 ,      113 ,       23 ,      101 ,      109 ,      128 ,      177 ,      158 ,      166 ,      138 ,      189 ,      102 ,        4 ,       21 ,      141 ,       91 ,       14 ,      187 ,      135 ,      106 ,       89 ,        0 ,       59 ,       29 ,      159 ,      164 ,       60 ,      191 ,      107 ,        3 ,      168 ,       25 ,      144 ,      172 ,      156 ,       52 ,       54 ,      179 ,      103 ,       46 ,       43 ,      180 ,       20 ,      125 ,      123 ,      122 ,       15 ,       31 ,       94 ,      108 ,       22 ,      162 ,       37 ,      178 ,       56 ,       16 ,      152 ,       13 ,      116 ,       32 ,      131 ,       30 ,      130 ,       42 ,      137 ,      160 ,      157 ,      119 ,      174 ,      145 ,       63 ,       73 ,       45 ,       26 ,       53 ,      193 ,       67 ,       72 ,      181 ,      165 ,       90 ,       78 ,      140 ,       10 ,       18 ,       38 ,      132 ,      154 ,       86 ,       79 ,      188 ,       34 ,       35 ,        5 ,       19 ,      149 ,      184 ,       97 ,      118 ,      114 ,       41 ,       87 ,      142 ,      115 ,      150 ,      186 ,       96 ,      197 ,       61 , 
     194 ,      105 ,      139 ,       99 ,      127 ,      173 ,       44 ,       49 ,       65 ,       76 ,      161 ,       84 ,       39 ,      190 ,        6 ,      134 ,       95 ,      175 ,      117 ,      148 ,       17 ,       57 ,      120 ,      111 ,      163 ,       83 ,       48 ,       55 ,      198 ,       71 ,       75 ,       28 ,      170 ,       62 ,        9 ,      143 ,       47 ,      146 ,      192 ,      133 ,      100 ,       85 ,      176 ,        1 ,      121 ,      147 ,      112 ,       33 ,      169 ,      155 ,      129 ,      195 ,      183 ,      185 ,       98 ,       50 ,       70 ,       80 ,       77 ,       74 ,       58 ,        8 ,       68 ,       82 ,      126 ,        7 ,      110 ,      136 ,       24 ,      124 ,       12 ,      182 ,       88 ,      153 ,        2 ,       92 ,      171 ,      199 ,       81 ,       64 ,       51 ,      196 ,       66 ,      167 ,       36 ,       40 ,      104 ,       11 ,       69 ,       93 ,      151 ,       27 ,      113 ,      101 ,       23 ,      128 ,      177 ,      109 ,      138 ,      189 ,       21 ,      141 ,      158 ,        4 ,      187 ,      166 ,       91 ,      106 ,       14 ,      102 ,      135 ,        0 ,       89 ,      159 ,       59 ,      107 ,       29 ,       60 ,      164 ,      144 ,      191 ,      172 ,        3 ,      168 ,       25 ,       54 ,       52 ,      179 ,      156 ,       20 ,      125 ,       46 ,      103 ,      123 ,       43 ,      180 ,      122 ,       31 ,       94 ,       15 ,      108 ,       37 ,       56 ,      178 ,       22 ,      152 ,      116 ,      162 ,       16 ,      131 ,       13 ,       32 ,       42 ,       30 ,      160 ,      137 ,      174 ,      157 ,      130 ,       45 ,      119 ,       63 ,      145 ,      193 ,       73 ,      181 ,       26 ,       72 ,       53 ,      140 ,       67 ,       10 ,       38 ,      165 ,       90 ,       78 ,       86 ,       18 ,      188 ,      154 ,       79 ,      132 ,       34 ,      184 ,        5 ,       35 ,      149 ,       19 ,       87 ,      118 ,      115 ,       41 ,      114 ,       97 ,      197 ,       96 ,      142 ,      150 ,      186 ,       61 , 
     105 ,      173 ,      127 ,       49 ,      139 ,       99 ,      194 ,       44 ,       76 ,       84 ,      161 ,        6 ,       65 ,       95 ,      190 ,       39 ,      117 ,      148 ,       17 ,      175 ,      134 ,       57 ,      120 ,      111 ,      163 ,       83 ,       71 ,      198 ,       55 ,      170 ,       75 ,       28 ,        9 ,       48 ,       62 ,      146 ,      133 ,      100 ,      143 ,       47 ,      192 ,       85 ,        1 ,      147 ,      176 ,       33 ,      169 ,      121 ,      195 ,      112 ,      183 ,      129 ,      155 ,       70 ,       98 ,      185 ,       77 ,       50 ,       74 ,        8 ,       68 ,       80 ,       82 ,        7 ,       58 ,      126 ,      110 ,      136 ,       24 ,       88 ,      124 ,       12 ,      182 ,       92 ,        2 ,      171 ,       81 ,      153 ,       64 ,       51 ,      167 ,      199 ,       40 ,      196 ,       11 ,      104 ,       66 ,       36 ,      113 ,       93 ,       27 ,       69 ,      128 ,      109 ,      151 ,      101 ,       21 ,       23 ,      158 ,      138 ,      189 ,      141 ,      177 ,      106 ,      187 ,        4 ,       91 ,       14 ,      166 ,      102 ,       59 ,        0 ,       29 ,      135 ,      164 ,       60 ,      159 ,       89 ,        3 ,      107 ,      144 ,       25 ,      191 ,       54 ,      156 ,      172 ,       20 ,       46 ,      168 ,      125 ,      103 ,      179 ,       52 ,      180 ,       43 ,      123 ,       15 ,      122 ,       31 ,       94 ,       56 ,       22 ,      108 ,       37 ,       16 ,      162 ,      178 ,       13 ,      116 ,      131 ,       32 ,      152 ,       42 ,       30 ,      160 ,      174 ,      130 ,      119 ,      157 ,       73 ,      193 ,      137 ,       45 ,       63 ,      145 ,       72 ,      181 ,       53 ,       67 ,      140 ,       26 ,       38 ,       78 ,       10 ,       79 ,       90 ,      165 ,      188 ,       18 ,      154 ,      184 ,      132 ,       86 ,       34 ,       35 ,        5 ,      118 ,      115 ,       19 ,      149 ,       87 ,      197 ,      142 ,       97 ,       41 ,      114 ,      150 ,      186 ,       96 ,       61 , 
     173 ,      127 ,       49 ,      139 ,      194 ,      105 ,       99 ,       44 ,       84 ,       95 ,      161 ,       39 ,       76 ,      190 ,        6 ,       17 ,      175 ,       65 ,      117 ,      148 ,      120 ,      163 ,      134 ,      111 ,       71 ,      198 ,       57 ,       83 ,       75 ,        9 ,       55 ,       28 ,      170 ,      146 ,      100 ,       62 ,      143 ,       85 ,       48 ,       47 ,      192 ,      133 ,      147 ,      121 ,      176 ,        1 ,       33 ,      183 ,      195 ,      169 ,       98 ,      155 ,      112 ,      185 ,       77 ,      129 ,       70 ,       80 ,       68 ,       74 ,       50 ,        8 ,       82 ,        7 ,      136 ,       88 ,      126 ,       58 ,       24 ,       92 ,       12 ,      110 ,        2 ,      182 ,      124 ,       81 ,       64 ,      167 ,      199 ,       51 ,      171 ,      153 ,       66 ,       36 ,      196 ,       40 ,      104 ,       11 ,       27 ,      128 ,      151 ,       69 ,       21 ,       93 ,      113 ,      138 ,      109 ,      101 ,      189 ,      158 ,      106 ,       23 ,       91 ,        4 ,      177 ,      141 ,      187 ,       14 ,      102 ,        0 ,       59 ,      166 ,       60 ,       29 ,      135 ,       89 ,        3 ,      159 ,      164 ,      144 ,       54 ,      156 ,       20 ,      107 ,      172 ,       46 ,      191 ,      125 ,       25 ,       52 ,       43 ,      103 ,      179 ,      168 ,      122 ,       31 ,      180 ,       15 ,      123 ,       22 ,       94 ,      108 ,       37 ,       13 ,       56 ,       16 ,      131 ,      152 ,      178 ,      162 ,      116 ,      174 ,       30 ,       42 ,      160 ,      130 ,       32 ,      193 ,      157 ,       45 ,      119 ,      137 ,       72 ,       73 ,      145 ,       63 ,       67 ,      140 ,       53 ,      181 ,       38 ,       10 ,       79 ,       78 ,       90 ,      188 ,       26 ,      154 ,       18 ,      165 ,       34 ,      184 ,       86 ,      132 ,       35 ,      115 ,        5 ,      118 ,       19 ,      149 ,       97 ,      197 ,       87 ,       41 ,      150 ,       96 ,      142 ,       61 ,      114 ,      186 , 
     173 ,      127 ,      139 ,      105 ,       49 ,       99 ,      194 ,       84 ,      161 ,       44 ,       95 ,        6 ,      190 ,       39 ,       76 ,       65 ,      175 ,       17 ,      120 ,      163 ,      148 ,      117 ,      111 ,       71 ,      134 ,       57 ,        9 ,      198 ,       83 ,       28 ,       75 ,      146 ,      100 ,       55 ,      143 ,       85 ,      170 ,      192 ,       47 ,       62 ,       48 ,      176 ,       33 ,      121 ,      147 ,      183 ,      133 ,        1 ,      195 ,      112 ,      185 ,       98 ,      169 ,      155 ,      129 ,       70 ,       80 ,       68 ,        8 ,       77 ,        7 ,       50 ,       88 ,       74 ,       82 ,       24 ,       58 ,      136 ,      126 ,        2 ,      110 ,      124 ,       64 ,       12 ,      182 ,       92 ,       81 ,      199 ,      167 ,      153 ,      171 ,      196 ,       36 ,       11 ,       51 ,      104 ,       40 ,       66 ,       27 ,      151 ,      128 ,       93 ,       69 ,       21 ,      138 ,      101 ,      158 ,      106 ,      113 ,      189 ,      109 ,       91 ,       23 ,      141 ,       14 ,      177 ,        4 ,       59 ,        0 ,      187 ,      135 ,      102 ,       29 ,       89 ,      159 ,        3 ,      166 ,       60 ,      156 ,      164 ,       54 ,      144 ,      191 ,      125 ,       20 ,      107 ,       25 ,      172 ,      103 ,       46 ,      179 ,       52 ,      122 ,      168 ,       31 ,       15 ,       43 ,      123 ,      180 ,       94 ,       22 ,       16 ,      108 ,      131 ,       37 ,      152 ,       13 ,      174 ,      162 ,       56 ,      178 ,       30 ,       32 ,      160 ,      130 ,      116 ,       42 ,      157 ,      193 ,       45 ,       72 ,      119 ,      137 ,       63 ,      140 ,      145 ,       73 ,       10 ,       67 ,       38 ,       53 ,      188 ,      181 ,       78 ,       90 ,       18 ,      165 ,      154 ,       79 ,      132 ,       26 ,      184 ,       86 ,       34 ,      115 ,        5 ,      118 ,       35 ,      197 ,       19 ,      149 ,       87 ,       41 ,       97 ,      150 ,      142 ,       61 ,      114 ,      186 ,       96 , 
     127 ,      139 ,      173 ,       49 ,      105 ,      194 ,       84 ,       44 ,        6 ,       99 ,      161 ,       95 ,       65 ,       39 ,      190 ,       76 ,      163 ,      175 ,      117 ,      148 ,       17 ,      120 ,       71 ,        9 ,       83 ,      198 ,      134 ,      111 ,       28 ,      100 ,       57 ,      143 ,      170 ,      146 ,       75 ,       55 ,       85 ,       48 ,      192 ,      121 ,       47 ,      176 ,       62 ,      183 ,      147 ,       33 ,        1 ,      133 ,      185 ,      195 ,       98 ,      112 ,      169 ,      155 ,       80 ,      129 ,       77 ,       70 ,       68 ,       88 ,       74 ,        8 ,        7 ,       50 ,       82 ,        2 ,       24 ,      126 ,      110 ,      136 ,       58 ,       64 ,       12 ,      182 ,       92 ,      167 ,      124 ,      171 ,      199 ,       81 ,       11 ,       36 ,      153 ,      196 ,       40 ,       51 ,      151 ,       66 ,       27 ,       69 ,      128 ,       21 ,      104 ,      106 ,      138 ,      101 ,       93 ,      158 ,      109 ,       23 ,      113 ,      141 ,       91 ,      189 ,       14 ,      177 ,       59 ,        4 ,       29 ,      187 ,        0 ,      135 ,      102 ,      166 ,      159 ,      156 ,       54 ,      164 ,      144 ,       60 ,       89 ,      107 ,        3 ,      191 ,       20 ,      125 ,      172 ,       46 ,      103 ,       25 ,      168 ,      179 ,       15 ,       52 ,      122 ,       31 ,       94 ,       43 ,      123 ,       22 ,      180 ,      108 ,      131 ,       16 ,      152 ,       37 ,       56 ,      178 ,       30 ,       13 ,      130 ,      174 ,      162 ,      160 ,       32 ,      116 ,       72 ,      157 ,       42 ,      119 ,       63 ,      145 ,       45 ,      193 ,      137 ,       73 ,      140 ,       10 ,       38 ,       67 ,       78 ,       53 ,      188 ,      181 ,       90 ,       18 ,      154 ,      165 ,      132 ,       34 ,       86 ,       79 ,       26 ,        5 ,      118 ,      115 ,      184 ,      197 ,       41 ,       35 ,       97 ,      142 ,       19 ,       61 ,      150 ,      149 ,       87 ,      186 ,       96 ,      114 , 
     139 ,       49 ,      173 ,      127 ,      105 ,       84 ,       44 ,      194 ,       65 ,       95 ,       99 ,        6 ,      161 ,       39 ,      117 ,      163 ,      190 ,       17 ,       76 ,      175 ,      148 ,       71 ,        9 ,      198 ,      111 ,      134 ,      120 ,       28 ,      100 ,       57 ,       83 ,       75 ,      146 ,      170 ,      143 ,       55 ,       48 ,      192 ,      176 ,       85 ,       62 ,      147 ,      121 ,       47 ,       33 ,        1 ,      183 ,      133 ,      195 ,      185 ,       98 ,       77 ,       80 ,      112 ,      155 ,      129 ,      169 ,       68 ,       70 ,       74 ,        7 ,        8 ,       88 ,       82 ,      110 ,       50 ,      136 ,       64 ,        2 ,       12 ,       58 ,      126 ,       24 ,       92 ,      199 ,      171 ,       81 ,      182 ,      167 ,      153 ,       11 ,       40 ,      124 ,      196 ,       66 ,       51 ,      104 ,       21 ,       27 ,       36 ,      151 ,      138 ,       93 ,      158 ,      128 ,       69 ,      101 ,      106 ,      113 ,      109 ,       23 ,       14 ,      189 ,      141 ,        4 ,        0 ,       29 ,       91 ,      177 ,      187 ,      135 ,       54 ,       60 ,      159 ,       59 ,      102 ,      166 ,      156 ,       89 ,      107 ,      191 ,      164 ,      172 ,      144 ,        3 ,      125 ,       20 ,       25 ,      103 ,       52 ,      168 ,       46 ,      179 ,       15 ,       31 ,       22 ,      123 ,       94 ,      122 ,      180 ,       43 ,      131 ,      108 ,      178 ,       16 ,       13 ,      152 ,       56 ,       37 ,       30 ,      174 ,       32 ,      130 ,       72 ,      116 ,      162 ,      160 ,      157 ,       63 ,      145 ,       45 ,      119 ,       42 ,       73 ,      193 ,      137 ,      140 ,       10 ,      188 ,       53 ,       78 ,       38 ,       18 ,       67 ,      165 ,      181 ,      154 ,       79 ,       90 ,       26 ,      132 ,       34 ,      115 ,      118 ,       86 ,      197 ,        5 ,      142 ,       41 ,       97 ,       19 ,      184 ,       61 ,       35 ,      150 ,      114 ,       87 ,       96 ,      149 ,      186 , 
      49 ,      139 ,      127 ,      173 ,       44 ,      105 ,       84 ,       65 ,       95 ,      194 ,      161 ,       39 ,      190 ,       99 ,        6 ,       17 ,      163 ,       76 ,      117 ,      148 ,       71 ,      111 ,      175 ,        9 ,      134 ,      198 ,      120 ,       75 ,      100 ,       48 ,      146 ,       57 ,      143 ,      170 ,       85 ,       28 ,       83 ,      192 ,      121 ,       55 ,       62 ,      147 ,      176 ,       33 ,       47 ,        1 ,      183 ,      133 ,       80 ,       98 ,      112 ,      155 ,      169 ,      195 ,       77 ,      185 ,      129 ,       70 ,        7 ,       74 ,       82 ,        8 ,       68 ,       88 ,       50 ,        2 ,       64 ,      110 ,      126 ,      136 ,       12 ,      199 ,       81 ,       58 ,       92 ,       24 ,      167 ,       11 ,      182 ,      196 ,      124 ,       51 ,      171 ,       40 ,       27 ,      153 ,       36 ,       66 ,      151 ,      158 ,      104 ,      138 ,       69 ,       21 ,      106 ,      109 ,      128 ,       93 ,      101 ,      189 ,       23 ,       14 ,      141 ,        4 ,      113 ,      187 ,      177 ,        0 ,       91 ,       29 ,       59 ,      135 ,       60 ,      159 ,       89 ,       54 ,      156 ,      102 ,      166 ,      191 ,      172 ,      164 ,       20 ,      107 ,      144 ,        3 ,      168 ,       52 ,      125 ,      103 ,       15 ,       31 ,       25 ,      123 ,      179 ,       46 ,      122 ,       22 ,      131 ,       94 ,       43 ,       16 ,       13 ,      108 ,      152 ,      180 ,      178 ,       56 ,       37 ,      130 ,      174 ,       30 ,      162 ,       72 ,      160 ,       32 ,      116 ,       63 ,      145 ,       45 ,      157 ,      193 ,       42 ,       73 ,      119 ,      140 ,       53 ,      137 ,       10 ,       67 ,      188 ,       78 ,       18 ,       38 ,      181 ,      165 ,       90 ,       26 ,       79 ,       34 ,      132 ,      115 ,      154 ,      197 ,       86 ,      118 ,      142 ,       41 ,       97 ,        5 ,       35 ,      150 ,       19 ,      114 ,      184 ,       61 ,      149 ,       87 ,       96 ,      186 , 
