946 , 150 , 10 , 48908 , IGT
      77 ,      114 ,      147 ,      136 ,       36 ,       33 ,       58 ,      139 ,       25 ,      133 ,       70 ,        7 ,       85 ,      137 ,      102 ,       81 ,       92 ,       38 ,       50 ,       97 ,      111 ,       51 ,       89 ,      140 ,      146 ,       79 ,       37 ,       45 ,      132 ,       62 ,       74 ,      101 ,      148 ,       52 ,       17 ,       40 ,       95 ,       46 ,       30 ,       15 ,        0 ,       86 ,      144 ,       56 ,       39 ,       19 ,       57 ,      122 ,       13 ,       23 ,      103 ,       72 ,      115 ,       63 ,        5 ,      105 ,       49 ,      120 ,       21 ,      104 ,      119 ,        3 ,       93 ,       82 ,        6 ,       44 ,      125 ,      116 ,       43 ,       84 ,       27 ,       64 ,       88 ,       29 ,      134 ,      121 ,       87 ,       42 ,      149 ,       68 ,        1 ,       69 ,       67 ,       99 ,      112 ,       10 ,       71 ,        8 ,      141 ,        9 ,       31 ,      126 ,       55 ,       11 ,       54 ,      107 ,       78 ,       94 ,        2 ,       91 ,       73 ,       80 ,      138 ,       66 ,       12 ,       65 ,       98 ,       28 ,       60 ,      117 ,       26 ,      127 ,       18 ,      128 ,       76 ,       47 ,      124 ,      145 ,      110 ,      108 ,      113 ,       75 ,      142 ,       61 ,      131 ,      118 ,      129 ,       32 ,       35 ,       16 ,      123 ,       90 ,      109 ,       53 ,        4 ,       48 ,      106 ,       41 ,      130 ,       22 ,       96 ,       34 ,       59 ,      143 ,      135 ,       20 ,       14 ,       83 ,       24 ,      100 , 
     114 ,      147 ,       77 ,       33 ,       36 ,      136 ,       58 ,      139 ,       25 ,       70 ,      133 ,        7 ,       85 ,      137 ,      102 ,       81 ,       38 ,       50 ,       97 ,       51 ,       92 ,       89 ,      111 ,       79 ,      140 ,      146 ,      132 ,       62 ,       74 ,       45 ,       37 ,      101 ,       17 ,      148 ,       52 ,       46 ,       40 ,       95 ,       15 ,       30 ,        0 ,      144 ,       86 ,       56 ,       57 ,      122 ,       39 ,       19 ,       13 ,      103 ,       23 ,       63 ,       72 ,        5 ,      115 ,      120 ,      105 ,       21 ,       49 ,      119 ,      104 ,       82 ,        3 ,       93 ,       44 ,      125 ,        6 ,       43 ,      116 ,       84 ,       27 ,       64 ,      134 ,      121 ,       88 ,       87 ,       29 ,       68 ,       42 ,        1 ,      149 ,       69 ,       99 ,       10 ,       67 ,      112 ,      141 ,       71 ,       31 ,      126 ,        9 ,        8 ,       11 ,       55 ,      107 ,       94 ,       78 ,        2 ,       54 ,       80 ,       91 ,      138 ,       73 ,       65 ,       12 ,       66 ,       60 ,       28 ,      117 ,      127 ,       26 ,       98 ,      128 ,       75 ,      124 ,      145 ,      110 ,       76 ,       47 ,       61 ,      113 ,      142 ,      131 ,      129 ,      108 ,       32 ,       18 ,      118 ,       90 ,       35 ,       53 ,      109 ,       16 ,      123 ,      106 ,        4 ,       48 ,      130 ,       41 ,       96 ,       59 ,       22 ,       34 ,       20 ,      143 ,      135 ,       24 ,       14 ,       83 ,      100 , 
      77 ,      114 ,      147 ,       33 ,       58 ,       36 ,      136 ,       25 ,      139 ,       70 ,        7 ,      133 ,      137 ,       85 ,      102 ,       81 ,       97 ,       50 ,       38 ,       92 ,       51 ,       89 ,      140 ,      111 ,       79 ,      146 ,      132 ,       74 ,       37 ,       45 ,      101 ,       62 ,      148 ,       17 ,       52 ,       40 ,       95 ,       46 ,        0 ,       15 ,       30 ,       56 ,       86 ,      144 ,       39 ,       19 ,       57 ,      122 ,       23 ,      103 ,       13 ,       72 ,       63 ,      115 ,        5 ,      120 ,       21 ,      105 ,      119 ,       82 ,       49 ,      104 ,       44 ,        3 ,        6 ,       93 ,      125 ,      116 ,       43 ,       84 ,      134 ,       64 ,       88 ,       27 ,       87 ,      121 ,       68 ,       29 ,      149 ,       42 ,        1 ,       99 ,       69 ,       67 ,       10 ,      112 ,       71 ,      141 ,      126 ,        8 ,       31 ,       11 ,        9 ,      107 ,       55 ,        2 ,       54 ,       80 ,       78 ,       94 ,       91 ,      138 ,       73 ,       66 ,       65 ,       12 ,       28 ,       60 ,      127 ,       98 ,      117 ,       26 ,      128 ,      145 ,       75 ,      110 ,       76 ,      113 ,      142 ,      124 ,       47 ,       61 ,      129 ,       18 ,       32 ,      131 ,      108 ,       35 ,      118 ,       48 ,       22 ,      123 ,       90 ,       16 ,      106 ,      109 ,       53 ,       34 ,      143 ,       20 ,        4 ,       59 ,      130 ,       41 ,      100 ,       96 ,       14 ,       24 ,       83 ,      135 , 
     114 ,       77 ,      147 ,       58 ,       33 ,      136 ,      139 ,       36 ,       25 ,        7 ,       70 ,       85 ,      137 ,      133 ,      102 ,       81 ,       38 ,       97 ,       92 ,       50 ,       89 ,       51 ,      140 ,      111 ,      146 ,      132 ,       79 ,       74 ,       45 ,      101 ,       37 ,      148 ,       17 ,       62 ,       40 ,       95 ,       52 ,        0 ,       46 ,       15 ,       56 ,       86 ,       30 ,      144 ,       39 ,       19 ,       23 ,       57 ,      122 ,       13 ,       72 ,       63 ,      103 ,      115 ,       21 ,      120 ,        5 ,       82 ,      105 ,      104 ,       49 ,        3 ,      119 ,       44 ,      125 ,        6 ,       93 ,       43 ,      134 ,       64 ,      116 ,       88 ,       84 ,       87 ,      121 ,       27 ,      149 ,       42 ,       29 ,       68 ,       99 ,        1 ,       69 ,       67 ,       71 ,      141 ,      112 ,       10 ,      126 ,        8 ,       31 ,      107 ,       11 ,        9 ,        2 ,       55 ,       80 ,       54 ,       91 ,       78 ,       73 ,       94 ,       66 ,       12 ,       65 ,      138 ,      127 ,       98 ,       60 ,       28 ,       26 ,      117 ,      128 ,      145 ,      110 ,       76 ,       75 ,      113 ,      142 ,      124 ,       61 ,       47 ,      129 ,       18 ,      108 ,      131 ,       32 ,       35 ,       22 ,       48 ,      118 ,      123 ,      106 ,       16 ,       90 ,       53 ,       34 ,      109 ,       20 ,        4 ,      143 ,      130 ,      100 ,       59 ,       41 ,       96 ,       83 ,       14 ,      135 ,       24 , 
      77 ,      114 ,       58 ,      147 ,       33 ,      139 ,      136 ,       25 ,       36 ,       70 ,        7 ,      133 ,      137 ,       85 ,      102 ,       97 ,       81 ,       38 ,       50 ,       92 ,       89 ,      140 ,      111 ,      146 ,       51 ,      132 ,       74 ,      101 ,       79 ,       45 ,       17 ,       37 ,       62 ,      148 ,       40 ,       52 ,       46 ,       95 ,       15 ,        0 ,       86 ,       56 ,       30 ,       19 ,       39 ,      144 ,       23 ,       57 ,       72 ,      122 ,       13 ,      103 ,      115 ,       63 ,      120 ,       21 ,      105 ,      104 ,        5 ,       82 ,      119 ,       49 ,        3 ,       44 ,        6 ,       43 ,       93 ,      125 ,      116 ,      134 ,       64 ,       88 ,       87 ,       27 ,       84 ,      121 ,       42 ,      149 ,       29 ,       99 ,        1 ,       68 ,       69 ,       67 ,      141 ,       10 ,       71 ,      112 ,      126 ,        8 ,       11 ,      107 ,       31 ,        9 ,        2 ,       55 ,       80 ,       91 ,       54 ,       94 ,       78 ,       73 ,       66 ,       12 ,       65 ,      138 ,      127 ,       60 ,       98 ,       26 ,      117 ,       28 ,      145 ,      128 ,       75 ,      124 ,       76 ,      113 ,       61 ,      110 ,      142 ,      129 ,       47 ,      108 ,      131 ,       18 ,       35 ,       32 ,       48 ,      123 ,      118 ,       22 ,      106 ,       53 ,       16 ,       34 ,       90 ,      109 ,       20 ,      130 ,      100 ,        4 ,       41 ,      143 ,       59 ,       96 ,       83 ,      135 ,       14 ,       24 , 
     114 ,       77 ,       58 ,      147 ,      136 ,      139 ,       33 ,       36 ,        7 ,       25 ,       70 ,      133 ,      137 ,       38 ,       85 ,       81 ,       50 ,      102 ,       97 ,       92 ,      111 ,       89 ,      140 ,       51 ,       74 ,      146 ,      101 ,       79 ,      132 ,       37 ,       17 ,       45 ,      148 ,       40 ,       62 ,       95 ,       52 ,       15 ,        0 ,       46 ,       56 ,       86 ,       30 ,       19 ,       39 ,       23 ,       72 ,      144 ,      122 ,       57 ,       13 ,       63 ,      115 ,      103 ,      105 ,      120 ,        5 ,      104 ,       21 ,       49 ,       82 ,       44 ,        3 ,      119 ,        6 ,       93 ,      125 ,       43 ,      134 ,      116 ,       88 ,       64 ,       87 ,      121 ,       27 ,       84 ,       42 ,      149 ,       29 ,        1 ,       68 ,       69 ,       99 ,       67 ,      141 ,       10 ,      112 ,      126 ,        8 ,       11 ,       71 ,        9 ,        2 ,      107 ,       31 ,       55 ,       80 ,       91 ,       54 ,       94 ,       78 ,       66 ,       12 ,       73 ,      127 ,      138 ,       65 ,       98 ,      117 ,       60 ,       26 ,      145 ,       28 ,      128 ,      124 ,       75 ,       61 ,      110 ,      113 ,       76 ,      129 ,      142 ,      131 ,       47 ,      108 ,       32 ,       35 ,       48 ,       18 ,      118 ,      106 ,      123 ,       34 ,       22 ,       16 ,       53 ,       90 ,      109 ,       20 ,      130 ,        4 ,       41 ,      143 ,      100 ,       96 ,       59 ,       83 ,      135 ,       24 ,       14 , 
     114 ,       77 ,       58 ,      139 ,      136 ,      147 ,       36 ,       33 ,        7 ,       25 ,       70 ,       38 ,      133 ,      137 ,       81 ,       85 ,       97 ,       92 ,       50 ,       89 ,      140 ,      102 ,       51 ,       74 ,      111 ,      146 ,      132 ,      101 ,       79 ,       37 ,       45 ,       17 ,      148 ,       62 ,       52 ,       40 ,       15 ,       95 ,        0 ,       46 ,       30 ,       56 ,       86 ,       39 ,       19 ,       72 ,      122 ,       57 ,       23 ,       13 ,      115 ,      103 ,      144 ,      105 ,       63 ,      104 ,       21 ,        5 ,      120 ,       82 ,       49 ,       44 ,        3 ,        6 ,      119 ,       43 ,      125 ,       93 ,       88 ,       64 ,      134 ,      116 ,      121 ,       27 ,       87 ,       84 ,      149 ,       42 ,        1 ,       29 ,       68 ,       69 ,       99 ,       67 ,      141 ,      112 ,      126 ,       10 ,       11 ,        8 ,       71 ,       31 ,        9 ,        2 ,       55 ,      107 ,       54 ,       94 ,       78 ,       91 ,       80 ,       66 ,       12 ,       73 ,      127 ,      138 ,       65 ,       98 ,       26 ,      117 ,       60 ,      145 ,      128 ,      124 ,       28 ,       75 ,      110 ,       61 ,      129 ,      113 ,       76 ,      131 ,      108 ,      142 ,       47 ,       48 ,       35 ,       32 ,      106 ,       18 ,      118 ,       22 ,       34 ,       16 ,      123 ,       53 ,       90 ,      130 ,      109 ,       41 ,       20 ,      143 ,        4 ,      100 ,       59 ,       96 ,       83 ,       24 ,      135 ,       14 , 
     114 ,       77 ,       58 ,      139 ,      136 ,      147 ,       36 ,        7 ,       33 ,       38 ,       70 ,       25 ,      137 ,      133 ,       81 ,       92 ,       85 ,       50 ,       97 ,       89 ,       51 ,      102 ,      111 ,      140 ,       74 ,      132 ,      146 ,       79 ,      101 ,       37 ,       45 ,      148 ,       17 ,       52 ,       62 ,       40 ,       15 ,        0 ,       95 ,       56 ,       46 ,       30 ,       39 ,       86 ,       19 ,       72 ,       57 ,      122 ,       23 ,       13 ,      144 ,      115 ,      105 ,      104 ,      103 ,       63 ,       21 ,        5 ,       82 ,       49 ,      120 ,       44 ,        6 ,       43 ,      125 ,        3 ,       93 ,      119 ,       64 ,      116 ,       27 ,       88 ,      134 ,       87 ,      121 ,       84 ,      149 ,       42 ,        1 ,       29 ,       68 ,       99 ,       69 ,      126 ,      141 ,       67 ,      112 ,       10 ,       71 ,       11 ,        8 ,        2 ,       31 ,        9 ,       55 ,       94 ,       54 ,      107 ,       91 ,       78 ,       80 ,       66 ,      127 ,       12 ,       65 ,       73 ,       98 ,       26 ,      117 ,      145 ,      138 ,       60 ,      124 ,      128 ,       75 ,       28 ,      110 ,      129 ,      113 ,       61 ,       76 ,      142 ,       47 ,      131 ,       48 ,      108 ,       32 ,      106 ,       35 ,       18 ,       22 ,      118 ,       34 ,       53 ,      123 ,       16 ,      130 ,       90 ,      109 ,      143 ,       41 ,       20 ,        4 ,      100 ,       83 ,       96 ,      135 ,       14 ,       59 ,       24 , 
     114 ,       58 ,       77 ,      136 ,      139 ,      147 ,        7 ,       36 ,       33 ,       70 ,       38 ,      137 ,      133 ,       25 ,       92 ,       81 ,       50 ,      102 ,       89 ,       85 ,       97 ,       51 ,      140 ,       74 ,      111 ,      132 ,      146 ,      101 ,       79 ,       45 ,       15 ,       37 ,       62 ,       17 ,      148 ,        0 ,       52 ,       95 ,       40 ,       56 ,       30 ,       46 ,       39 ,       19 ,       72 ,       86 ,       23 ,       57 ,       13 ,      122 ,      144 ,      115 ,      105 ,       63 ,      104 ,        5 ,       82 ,       21 ,      103 ,       49 ,      120 ,       44 ,      125 ,        3 ,       93 ,      119 ,        6 ,      116 ,       43 ,       27 ,      134 ,       64 ,       88 ,       84 ,      121 ,       87 ,      149 ,       42 ,        1 ,       29 ,       99 ,      126 ,       69 ,       68 ,      141 ,       67 ,      112 ,       71 ,       11 ,        2 ,       10 ,       31 ,        8 ,       54 ,       55 ,        9 ,      107 ,       94 ,       78 ,       91 ,      127 ,       80 ,       66 ,       73 ,       98 ,       12 ,       26 ,       65 ,      117 ,      138 ,      145 ,       60 ,       75 ,      124 ,      128 ,      110 ,       28 ,      129 ,       61 ,      142 ,       76 ,       47 ,      113 ,      131 ,      108 ,       48 ,       32 ,       35 ,       22 ,      118 ,      106 ,       18 ,       53 ,       34 ,       16 ,      123 ,      130 ,      109 ,      143 ,       90 ,        4 ,       20 ,      100 ,       41 ,       83 ,      135 ,       96 ,       59 ,       14 ,       24 , 
     114 ,       58 ,       77 ,      139 ,      136 ,        7 ,      147 ,       70 ,       33 ,       36 ,       38 ,      133 ,      137 ,       25 ,       81 ,       92 ,      102 ,       85 ,       89 ,       50 ,       97 ,       74 ,       51 ,      140 ,      132 ,      146 ,      101 ,      111 ,       79 ,       45 ,       37 ,       17 ,       15 ,        0 ,      148 ,       62 ,       40 ,       95 ,       52 ,       56 ,       30 ,       46 ,       72 ,       19 ,       23 ,       86 ,       39 ,       13 ,       57 ,      122 ,      105 ,      144 ,      104 ,      115 ,       63 ,        5 ,       82 ,      103 ,       21 ,      125 ,      120 ,       49 ,       93 ,      119 ,        6 ,       43 ,        3 ,       44 ,      116 ,       27 ,       88 ,       64 ,      134 ,       84 ,       87 ,      121 ,       42 ,      149 ,        1 ,       29 ,       99 ,       68 ,       69 ,      112 ,      126 ,      141 ,       71 ,       67 ,       11 ,       10 ,        2 ,       31 ,       54 ,        9 ,       55 ,        8 ,       94 ,       78 ,      107 ,      127 ,       80 ,       73 ,       91 ,       66 ,       98 ,       65 ,       12 ,      117 ,       26 ,      138 ,      145 ,       60 ,       75 ,      110 ,      124 ,      128 ,      142 ,       28 ,      129 ,       47 ,       61 ,      113 ,       76 ,      108 ,       48 ,       35 ,      131 ,       32 ,      106 ,      118 ,       18 ,       22 ,       34 ,      123 ,       53 ,       16 ,      130 ,      109 ,      143 ,       90 ,      100 ,       41 ,        4 ,       20 ,      135 ,       83 ,       96 ,       59 ,       24 ,       14 , 
