424 , 150 , 10 , 304524 , ILST
     145 ,       25 ,      132 ,       45 ,      136 ,       76 ,       32 ,       48 ,       54 ,        5 ,       24 ,       92 ,       64 ,       21 ,       31 ,      104 ,      100 ,       72 ,      147 ,       78 ,      117 ,       42 ,      109 ,      126 ,       38 ,       16 ,        1 ,       57 ,      131 ,      107 ,        7 ,       96 ,       46 ,       62 ,      106 ,       70 ,      118 ,       13 ,       37 ,      105 ,      128 ,      125 ,        8 ,       74 ,      139 ,      119 ,      103 ,        4 ,       26 ,       89 ,       67 ,       59 ,      114 ,       86 ,       87 ,       35 ,       49 ,       85 ,       27 ,      141 ,       80 ,       34 ,      127 ,       79 ,       84 ,       20 ,       66 ,       23 ,       43 ,       93 ,       65 ,      143 ,      124 ,       50 ,      108 ,       99 ,       52 ,       81 ,       30 ,       11 ,      137 ,       41 ,      130 ,       29 ,       94 ,       18 ,       53 ,       68 ,       83 ,        3 ,       97 ,       90 ,       88 ,       17 ,      120 ,        2 ,      112 ,      138 ,       55 ,       47 ,       36 ,       40 ,       63 ,      135 ,      146 ,      149 ,      134 ,       73 ,      116 ,       71 ,       69 ,      121 ,      140 ,       22 ,      133 ,       77 ,       12 ,      110 ,      142 ,       10 ,        6 ,       33 ,       98 ,       56 ,      129 ,      148 ,       75 ,      113 ,       82 ,       44 ,       51 ,        0 ,       14 ,      102 ,       19 ,      101 ,      115 ,       39 ,        9 ,       58 ,      122 ,       28 ,       15 ,      144 ,       91 ,      111 ,       60 ,      123 ,       61 ,       95 , 
     132 ,      145 ,       45 ,      136 ,       25 ,       76 ,       54 ,        5 ,       32 ,       48 ,       24 ,       21 ,       92 ,       64 ,      104 ,       72 ,      147 ,       31 ,      100 ,      117 ,       42 ,      109 ,       78 ,      126 ,        1 ,       38 ,       16 ,       57 ,      107 ,      131 ,        7 ,       46 ,       96 ,       70 ,      118 ,      106 ,       37 ,       13 ,       62 ,      128 ,      105 ,      125 ,        8 ,       74 ,      139 ,        4 ,       26 ,      119 ,      103 ,       89 ,       67 ,       86 ,       59 ,      114 ,       35 ,       49 ,       85 ,       87 ,       27 ,       34 ,      141 ,       80 ,       84 ,      127 ,       20 ,       23 ,       79 ,       66 ,       43 ,       65 ,       93 ,      124 ,      143 ,      108 ,       50 ,       99 ,       52 ,       11 ,       81 ,       30 ,      137 ,       41 ,       29 ,       94 ,      130 ,       18 ,       53 ,        3 ,       68 ,       83 ,       90 ,       17 ,       88 ,       97 ,      120 ,        2 ,      112 ,      138 ,       47 ,       40 ,       55 ,       36 ,      135 ,       63 ,      146 ,      134 ,      149 ,       73 ,       69 ,      116 ,       71 ,      121 ,      133 ,      140 ,       22 ,       77 ,      110 ,       12 ,       10 ,      142 ,       98 ,        6 ,       56 ,       33 ,       75 ,      129 ,      148 ,      113 ,       51 ,       82 ,       44 ,       14 ,      102 ,        0 ,      101 ,       39 ,        9 ,      115 ,       19 ,      122 ,       15 ,       58 ,      144 ,      111 ,       28 ,       91 ,       60 ,      123 ,       61 ,       95 , 
     132 ,      136 ,      145 ,       45 ,       76 ,       54 ,       25 ,        5 ,       48 ,       24 ,       32 ,       21 ,       64 ,      104 ,       92 ,       72 ,      100 ,       31 ,      147 ,      117 ,       78 ,      126 ,      109 ,       42 ,       38 ,       16 ,        1 ,       57 ,      131 ,      107 ,       46 ,       96 ,        7 ,       70 ,      118 ,      106 ,       13 ,       37 ,      105 ,      125 ,       62 ,       74 ,      139 ,      128 ,        8 ,      119 ,        4 ,       89 ,      103 ,       26 ,       59 ,       86 ,       67 ,       49 ,      114 ,       87 ,       35 ,       34 ,       27 ,       85 ,      141 ,      127 ,       80 ,       84 ,       20 ,       23 ,       79 ,       43 ,       66 ,      124 ,       93 ,       65 ,      108 ,      143 ,       50 ,       52 ,       11 ,       99 ,       81 ,       30 ,       41 ,      137 ,       29 ,       94 ,       18 ,      130 ,        3 ,       53 ,       68 ,       17 ,       83 ,       90 ,      120 ,       97 ,       88 ,      112 ,      138 ,        2 ,       47 ,       40 ,       36 ,       63 ,      135 ,       55 ,      146 ,      149 ,      134 ,       73 ,       69 ,      121 ,      116 ,      133 ,       71 ,       77 ,      140 ,       22 ,      110 ,       10 ,       98 ,       12 ,      142 ,        6 ,       56 ,       75 ,       33 ,      148 ,      129 ,       82 ,       51 ,      113 ,      102 ,       14 ,       44 ,        0 ,       39 ,      101 ,       19 ,        9 ,       15 ,      115 ,       58 ,      122 ,      111 ,       91 ,      144 ,       60 ,      123 ,       28 ,       61 ,       95 , 
     136 ,      145 ,      132 ,       76 ,       45 ,       54 ,       48 ,       25 ,        5 ,       32 ,       21 ,       24 ,       92 ,       72 ,      100 ,       64 ,      104 ,       31 ,      117 ,       78 ,      126 ,      147 ,      109 ,       42 ,        1 ,       38 ,       57 ,       16 ,      107 ,       46 ,      131 ,        7 ,       96 ,      118 ,      106 ,       13 ,       70 ,      105 ,      125 ,       62 ,       37 ,       74 ,        8 ,      128 ,      139 ,      119 ,       89 ,        4 ,       59 ,       26 ,      103 ,       86 ,       49 ,       67 ,       35 ,      114 ,       87 ,       34 ,       27 ,       85 ,      127 ,      141 ,       80 ,       84 ,       23 ,       43 ,       66 ,       20 ,       93 ,       79 ,      124 ,       65 ,      108 ,       52 ,      143 ,       50 ,       11 ,       99 ,       81 ,       41 ,      137 ,       30 ,       29 ,       94 ,       18 ,        3 ,       53 ,       68 ,      130 ,       83 ,       17 ,       90 ,       88 ,      112 ,      120 ,       97 ,        2 ,      138 ,       36 ,       63 ,       47 ,       40 ,      135 ,      146 ,       55 ,      149 ,      134 ,       73 ,      121 ,       69 ,      116 ,      133 ,       77 ,       71 ,      140 ,       22 ,      110 ,       98 ,       10 ,       12 ,       56 ,       75 ,        6 ,      142 ,       33 ,      148 ,      129 ,       51 ,       82 ,      113 ,      102 ,       14 ,        0 ,       39 ,       44 ,        9 ,       19 ,       15 ,      101 ,       58 ,      115 ,      122 ,      111 ,       91 ,      123 ,      144 ,       60 ,       61 ,       28 ,       95 , 
     132 ,      145 ,      136 ,       45 ,       76 ,       54 ,       25 ,       32 ,        5 ,       48 ,       24 ,       92 ,       21 ,       64 ,      100 ,       72 ,       31 ,      104 ,      117 ,       78 ,      109 ,      126 ,        1 ,      147 ,       42 ,       16 ,       38 ,       57 ,      107 ,      131 ,        7 ,       46 ,      106 ,       96 ,      118 ,       70 ,       13 ,      105 ,       37 ,       62 ,      125 ,       74 ,        8 ,      139 ,      128 ,      119 ,        4 ,       59 ,       89 ,       26 ,       49 ,       86 ,      103 ,      114 ,       67 ,       35 ,       27 ,       87 ,       85 ,      141 ,       34 ,       80 ,       84 ,      127 ,       43 ,       23 ,       20 ,       93 ,       66 ,       65 ,       79 ,      124 ,       52 ,      108 ,      143 ,       99 ,       11 ,       81 ,       50 ,       30 ,       41 ,      137 ,       18 ,       94 ,       29 ,        3 ,       68 ,       83 ,       90 ,       53 ,      130 ,       17 ,       88 ,      112 ,      120 ,       97 ,      138 ,       63 ,        2 ,       40 ,      135 ,      146 ,       36 ,       47 ,      149 ,       55 ,      134 ,       73 ,      121 ,       69 ,      116 ,       77 ,       71 ,      140 ,       22 ,      133 ,      110 ,       12 ,       56 ,       98 ,       10 ,        6 ,       75 ,      142 ,       33 ,      148 ,      129 ,      113 ,       82 ,       14 ,       51 ,      102 ,       44 ,       39 ,       19 ,        0 ,       15 ,        9 ,      101 ,      115 ,       58 ,      111 ,      122 ,      144 ,       91 ,       60 ,      123 ,       28 ,       95 ,       61 , 
     145 ,      136 ,      132 ,       76 ,       45 ,       25 ,       54 ,       48 ,        5 ,       32 ,       24 ,       92 ,       21 ,      100 ,       31 ,       64 ,       72 ,       78 ,      109 ,      126 ,      117 ,        1 ,      104 ,       16 ,       42 ,      147 ,       38 ,       57 ,      131 ,      107 ,        7 ,       96 ,       46 ,      106 ,       70 ,      118 ,       13 ,      105 ,       37 ,       74 ,       62 ,      128 ,      139 ,        8 ,      119 ,      125 ,        4 ,       59 ,       89 ,       26 ,       86 ,       67 ,       49 ,      114 ,       27 ,      103 ,       87 ,      141 ,       35 ,       84 ,       80 ,       85 ,       34 ,      127 ,       20 ,       43 ,       23 ,       93 ,       66 ,       52 ,       79 ,       65 ,      108 ,      143 ,       11 ,      124 ,       50 ,       99 ,       81 ,       30 ,       41 ,      137 ,       18 ,       94 ,       68 ,       29 ,       90 ,        3 ,      130 ,       83 ,       53 ,      112 ,       17 ,       88 ,      120 ,       63 ,        2 ,       97 ,      138 ,       40 ,      146 ,      135 ,       36 ,      149 ,       47 ,       55 ,       73 ,      134 ,      121 ,       69 ,       71 ,      140 ,      116 ,       77 ,       22 ,      133 ,      110 ,       12 ,       56 ,       10 ,        6 ,       75 ,       98 ,      142 ,       33 ,      148 ,      129 ,       82 ,      113 ,       51 ,       44 ,       14 ,       19 ,       39 ,      102 ,        0 ,        9 ,       15 ,      101 ,      111 ,       58 ,      115 ,      144 ,       91 ,       60 ,      122 ,      123 ,       28 ,       61 ,       95 , 
     136 ,      145 ,      132 ,       45 ,       25 ,       54 ,       76 ,        5 ,       48 ,       24 ,       32 ,       21 ,       92 ,       78 ,       31 ,       64 ,      100 ,      109 ,      126 ,       72 ,        1 ,       16 ,      117 ,       42 ,      147 ,      104 ,       57 ,       38 ,      131 ,        7 ,       46 ,       96 ,      107 ,      118 ,       13 ,      106 ,       70 ,      105 ,       62 ,       74 ,       37 ,        8 ,      128 ,      139 ,        4 ,      119 ,      125 ,       59 ,       26 ,       89 ,       49 ,       67 ,       86 ,      103 ,       87 ,      114 ,      141 ,       27 ,       80 ,       35 ,       85 ,       84 ,      127 ,       43 ,       34 ,       20 ,       23 ,       66 ,       93 ,       65 ,       52 ,       79 ,       11 ,      108 ,      143 ,      124 ,       81 ,       50 ,       41 ,       99 ,       30 ,      137 ,       94 ,       18 ,       29 ,       90 ,       68 ,       83 ,       53 ,        3 ,      130 ,       88 ,       17 ,      112 ,       63 ,      120 ,       97 ,      138 ,        2 ,       40 ,      135 ,      146 ,       36 ,      149 ,       47 ,       73 ,       55 ,      134 ,      121 ,       69 ,       71 ,      116 ,      133 ,       22 ,      140 ,       77 ,      110 ,       56 ,       12 ,       10 ,       98 ,       75 ,        6 ,      148 ,      142 ,       33 ,      129 ,      113 ,       51 ,       19 ,       82 ,       14 ,       39 ,      102 ,       44 ,        9 ,        0 ,       15 ,      111 ,      101 ,      115 ,      144 ,       58 ,       91 ,       60 ,      122 ,       28 ,      123 ,       61 ,       95 , 
     136 ,      145 ,      132 ,       25 ,       45 ,       54 ,       76 ,       24 ,        5 ,       48 ,       32 ,       21 ,       31 ,       92 ,       64 ,      109 ,       78 ,      100 ,        1 ,       16 ,       72 ,      126 ,       42 ,      147 ,      117 ,       57 ,      104 ,       38 ,       46 ,      131 ,        7 ,      118 ,      107 ,       62 ,       96 ,       70 ,      106 ,       13 ,       37 ,      105 ,      128 ,       74 ,        8 ,      139 ,      119 ,       59 ,        4 ,       26 ,       89 ,      125 ,       49 ,      103 ,       86 ,       67 ,       87 ,      141 ,       27 ,       80 ,      114 ,       84 ,       35 ,       85 ,       43 ,       34 ,      127 ,       20 ,       66 ,       93 ,       65 ,       79 ,       23 ,       52 ,       11 ,      143 ,      124 ,       81 ,      108 ,       41 ,       50 ,       99 ,      137 ,       30 ,       29 ,       94 ,       18 ,       68 ,       83 ,       90 ,       53 ,       88 ,        3 ,      130 ,       17 ,       63 ,      120 ,      112 ,        2 ,      138 ,       97 ,      135 ,       40 ,      146 ,       47 ,      149 ,       36 ,      134 ,       55 ,       69 ,       73 ,      121 ,      133 ,      116 ,       71 ,       22 ,      140 ,       56 ,       77 ,      110 ,       12 ,       98 ,       10 ,        6 ,       75 ,      142 ,       33 ,      148 ,      129 ,      113 ,       51 ,       14 ,       19 ,       82 ,       39 ,      102 ,       44 ,       15 ,        0 ,        9 ,      111 ,      115 ,      101 ,       58 ,      144 ,       60 ,       91 ,      123 ,       28 ,      122 ,       61 ,       95 , 
     136 ,       25 ,      145 ,      132 ,       54 ,        5 ,       76 ,       45 ,       24 ,       48 ,       31 ,       92 ,       32 ,       21 ,       64 ,       78 ,      100 ,      109 ,       16 ,        1 ,      126 ,       42 ,       72 ,      147 ,      104 ,      117 ,       57 ,       38 ,       46 ,      131 ,        7 ,       62 ,      118 ,      107 ,       70 ,       13 ,      106 ,      105 ,       37 ,      119 ,       74 ,       96 ,      128 ,       59 ,        8 ,        4 ,      139 ,      125 ,       49 ,       86 ,       26 ,       89 ,      103 ,       27 ,       67 ,       80 ,       87 ,      114 ,      141 ,       85 ,       35 ,       84 ,       34 ,       20 ,       43 ,      127 ,       66 ,       79 ,       23 ,       65 ,       93 ,       11 ,      143 ,       52 ,       81 ,       41 ,      124 ,      108 ,       50 ,       99 ,       29 ,       30 ,       18 ,      137 ,       83 ,       94 ,       53 ,       68 ,        3 ,       90 ,      130 ,       88 ,       17 ,      112 ,        2 ,       63 ,      138 ,      120 ,       97 ,       40 ,      146 ,      135 ,       47 ,      134 ,       55 ,      149 ,       36 ,      121 ,      133 ,       69 ,      116 ,       73 ,       71 ,       22 ,      140 ,       56 ,      110 ,       77 ,       12 ,       10 ,        6 ,       75 ,       98 ,      142 ,       33 ,      148 ,      113 ,      129 ,       51 ,       14 ,       19 ,       39 ,       82 ,       44 ,      102 ,        0 ,        9 ,       15 ,      111 ,      115 ,      101 ,       60 ,       58 ,      144 ,       91 ,      123 ,      122 ,       28 ,       61 ,       95 , 
     136 ,      132 ,       25 ,      145 ,       54 ,       76 ,       24 ,        5 ,       45 ,       48 ,       32 ,       21 ,       31 ,       92 ,       78 ,      100 ,       16 ,       64 ,        1 ,      147 ,      126 ,       42 ,      109 ,       72 ,      104 ,      117 ,       38 ,       57 ,       46 ,       62 ,        7 ,      131 ,       70 ,      107 ,      118 ,       13 ,       37 ,      105 ,      106 ,      119 ,      128 ,       96 ,       74 ,        4 ,        8 ,      139 ,       49 ,       59 ,       86 ,      125 ,      103 ,       89 ,       27 ,       26 ,       87 ,      114 ,       67 ,       80 ,       35 ,      141 ,       85 ,       84 ,       20 ,       43 ,      127 ,       23 ,       34 ,       66 ,       79 ,       65 ,      143 ,       93 ,       52 ,       11 ,       81 ,      124 ,      108 ,       99 ,       41 ,       50 ,       30 ,      137 ,       29 ,       18 ,       94 ,       83 ,       68 ,       90 ,       53 ,      130 ,        3 ,       88 ,      112 ,       17 ,        2 ,      138 ,       63 ,       40 ,      120 ,       97 ,      146 ,      135 ,      134 ,       47 ,       55 ,       36 ,      149 ,      133 ,      116 ,       69 ,      121 ,       73 ,       22 ,       71 ,      140 ,      110 ,       56 ,       77 ,       10 ,       12 ,       75 ,       98 ,        6 ,       33 ,      148 ,      142 ,      113 ,       51 ,      129 ,       39 ,       14 ,       19 ,       44 ,       82 ,        9 ,        0 ,      102 ,       15 ,      111 ,      101 ,      115 ,       58 ,      144 ,       60 ,      123 ,       91 ,       28 ,      122 ,       95 ,       61 , 
