482 , 150 , 10 , 129505 , ILST
     128 ,      133 ,       96 ,       29 ,       69 ,       50 ,      105 ,        5 ,       38 ,      131 ,      125 ,       63 ,      141 ,       52 ,      103 ,      130 ,       85 ,        7 ,       18 ,        3 ,       25 ,       82 ,      143 ,       36 ,       21 ,       49 ,      144 ,      114 ,       81 ,       43 ,      107 ,      121 ,      119 ,       28 ,       48 ,       99 ,       51 ,       32 ,       94 ,      115 ,       74 ,       75 ,       84 ,      120 ,       91 ,       95 ,      109 ,       22 ,      140 ,       27 ,      127 ,       98 ,       40 ,      122 ,        2 ,      102 ,      112 ,       53 ,       20 ,       55 ,       23 ,       13 ,      111 ,       14 ,       41 ,       19 ,       97 ,       88 ,       16 ,      134 ,       54 ,       93 ,      145 ,      146 ,      123 ,      136 ,       87 ,       15 ,       39 ,      118 ,        4 ,       11 ,       71 ,       12 ,       66 ,      137 ,       26 ,      104 ,       59 ,      101 ,      108 ,       73 ,       79 ,       58 ,      138 ,      147 ,       42 ,        6 ,        1 ,       62 ,       17 ,      100 ,       78 ,      149 ,       83 ,      124 ,      142 ,       72 ,       80 ,       76 ,       37 ,       30 ,       68 ,       10 ,       45 ,      132 ,      135 ,      139 ,       90 ,       70 ,       61 ,       56 ,       35 ,       67 ,       31 ,       60 ,      106 ,       64 ,      113 ,       77 ,      126 ,       24 ,       46 ,       65 ,       33 ,      148 ,       34 ,       57 ,       89 ,       44 ,      117 ,      116 ,       86 ,        0 ,      110 ,      129 ,       92 ,        9 ,       47 ,        8 , 
      69 ,       29 ,      133 ,      128 ,      105 ,       96 ,      125 ,       50 ,      141 ,        5 ,      131 ,      130 ,       38 ,       52 ,      103 ,       63 ,        3 ,        7 ,       18 ,       82 ,       85 ,       36 ,      143 ,       25 ,       49 ,      144 ,       21 ,       43 ,      119 ,      121 ,       28 ,       81 ,      114 ,       51 ,       99 ,      107 ,       74 ,       48 ,       94 ,       32 ,      115 ,       91 ,      120 ,       95 ,      140 ,       75 ,       22 ,       98 ,       84 ,       27 ,        2 ,      109 ,      127 ,       40 ,      112 ,       20 ,       23 ,      122 ,      102 ,       55 ,       53 ,       14 ,       41 ,       19 ,       13 ,      111 ,       97 ,       16 ,      145 ,       93 ,      134 ,       88 ,       54 ,       15 ,      146 ,       87 ,      123 ,      136 ,       11 ,       71 ,       39 ,      118 ,        4 ,       66 ,      104 ,       12 ,      137 ,       79 ,      108 ,       26 ,       73 ,      101 ,      138 ,       59 ,      147 ,       58 ,       42 ,        1 ,       17 ,       78 ,       62 ,      100 ,        6 ,      124 ,      142 ,       83 ,      149 ,       30 ,       68 ,       72 ,       37 ,       45 ,      132 ,       80 ,       76 ,      139 ,       10 ,       70 ,      135 ,       56 ,       35 ,       31 ,       90 ,       67 ,      106 ,       61 ,       77 ,       64 ,       60 ,      113 ,       33 ,       65 ,       92 ,       34 ,      148 ,      126 ,       44 ,       89 ,      117 ,       24 ,       57 ,       86 ,      110 ,       46 ,      116 ,      129 ,       47 ,        0 ,        9 ,        8 , 
      69 ,       29 ,      128 ,      133 ,       96 ,       50 ,      105 ,      141 ,      125 ,        5 ,      131 ,      103 ,      130 ,        3 ,       18 ,       38 ,        7 ,       36 ,       52 ,       25 ,       63 ,      144 ,       21 ,       82 ,       85 ,       43 ,       49 ,      143 ,      119 ,      114 ,      121 ,       28 ,       81 ,      107 ,       99 ,       74 ,       51 ,      115 ,       94 ,       32 ,       91 ,       48 ,       75 ,       98 ,       22 ,      120 ,       27 ,        2 ,       95 ,      140 ,       84 ,      127 ,      112 ,      109 ,       40 ,      102 ,       23 ,      122 ,       20 ,       55 ,       19 ,       41 ,       14 ,      111 ,       53 ,       13 ,      145 ,       93 ,       16 ,       97 ,      134 ,       54 ,       88 ,      136 ,       87 ,       15 ,      146 ,      123 ,       39 ,        4 ,       11 ,      118 ,       71 ,      104 ,       66 ,       79 ,      108 ,      137 ,       12 ,       59 ,       26 ,       73 ,      101 ,      138 ,        1 ,       17 ,      147 ,       58 ,       42 ,       62 ,      100 ,      124 ,      149 ,       83 ,       78 ,        6 ,      142 ,       68 ,       72 ,       30 ,       45 ,       76 ,      132 ,       10 ,       37 ,       70 ,       80 ,      139 ,      135 ,       56 ,       67 ,       61 ,       35 ,       31 ,       90 ,      106 ,       60 ,       77 ,       65 ,       64 ,       33 ,      113 ,       92 ,      126 ,       89 ,      117 ,       34 ,      148 ,       24 ,       44 ,       57 ,       46 ,      116 ,       47 ,      110 ,        9 ,       86 ,        0 ,      129 ,        8 , 
     128 ,       29 ,       69 ,      105 ,       50 ,       96 ,      133 ,      131 ,      141 ,      103 ,      125 ,        5 ,      130 ,       38 ,       52 ,       18 ,       25 ,       63 ,        7 ,       36 ,        3 ,       85 ,      144 ,       21 ,      119 ,       82 ,       49 ,      121 ,      143 ,      107 ,       43 ,      114 ,       28 ,       81 ,       74 ,       99 ,       51 ,       32 ,       48 ,       94 ,       98 ,      115 ,       91 ,        2 ,       95 ,       22 ,      120 ,      112 ,       75 ,       27 ,      140 ,      127 ,       84 ,      102 ,       40 ,      109 ,       23 ,      122 ,       55 ,       20 ,       41 ,       13 ,       19 ,       14 ,       16 ,      145 ,      134 ,       53 ,      111 ,       88 ,       93 ,       87 ,       97 ,      146 ,       54 ,       15 ,      136 ,       11 ,      118 ,       39 ,      123 ,      104 ,       71 ,        4 ,      108 ,       79 ,       66 ,       26 ,       12 ,       59 ,      137 ,      101 ,       73 ,        1 ,       42 ,      138 ,      147 ,      100 ,       58 ,      149 ,       17 ,       62 ,      124 ,      142 ,       78 ,       83 ,        6 ,       30 ,       68 ,       72 ,       76 ,       10 ,       45 ,      132 ,      139 ,       70 ,       80 ,      135 ,       61 ,       37 ,       67 ,       56 ,       31 ,       60 ,       35 ,       90 ,       77 ,      106 ,       64 ,       33 ,       65 ,       89 ,       34 ,      113 ,       92 ,      126 ,      117 ,       46 ,      148 ,       44 ,       57 ,        9 ,       24 ,      110 ,      116 ,       47 ,       86 ,        8 ,        0 ,      129 , 
      69 ,       96 ,       29 ,       50 ,      128 ,      103 ,      105 ,      141 ,      131 ,        5 ,      133 ,      130 ,       38 ,       25 ,       18 ,       63 ,        3 ,      125 ,       52 ,       85 ,       36 ,       82 ,        7 ,       21 ,      144 ,      107 ,       49 ,      121 ,      143 ,      114 ,      119 ,       43 ,       99 ,       28 ,       32 ,       48 ,       74 ,       94 ,       81 ,      115 ,       51 ,       91 ,        2 ,       98 ,      120 ,       75 ,      112 ,      127 ,       84 ,       95 ,      140 ,       22 ,       27 ,      102 ,      109 ,       40 ,      122 ,       41 ,       55 ,       23 ,       19 ,       14 ,       20 ,       16 ,      111 ,       13 ,       88 ,      134 ,      145 ,       87 ,       53 ,       93 ,      146 ,       97 ,      136 ,       54 ,       15 ,       39 ,      123 ,       11 ,        4 ,      118 ,      104 ,      108 ,       71 ,       59 ,       12 ,       66 ,       79 ,      101 ,       73 ,       26 ,       42 ,      137 ,        1 ,      147 ,      138 ,       58 ,      100 ,      124 ,       62 ,       17 ,        6 ,      149 ,       83 ,       78 ,       76 ,      142 ,       72 ,       68 ,       45 ,       30 ,      132 ,       80 ,       10 ,       70 ,      135 ,      139 ,       61 ,       31 ,       67 ,       37 ,       60 ,       56 ,       77 ,       35 ,       65 ,       90 ,       64 ,       89 ,      113 ,      106 ,       33 ,       92 ,       46 ,       34 ,      126 ,       44 ,      148 ,      117 ,      110 ,       24 ,        9 ,       57 ,       47 ,      116 ,        8 ,       86 ,      129 ,        0 , 
      69 ,       96 ,       50 ,      128 ,      105 ,       29 ,      133 ,        5 ,      141 ,      131 ,      103 ,       38 ,       25 ,      130 ,       18 ,      125 ,       52 ,        3 ,       63 ,        7 ,       36 ,       85 ,       82 ,       21 ,      144 ,      114 ,      107 ,       49 ,      119 ,      121 ,      143 ,       99 ,       48 ,       43 ,       81 ,      115 ,       94 ,       32 ,       28 ,       74 ,        2 ,       91 ,       51 ,      120 ,       75 ,      112 ,       98 ,       84 ,      140 ,      127 ,       95 ,       22 ,       27 ,      102 ,       40 ,       23 ,      109 ,      122 ,       41 ,       55 ,       14 ,       19 ,      111 ,       13 ,       16 ,       87 ,       20 ,       88 ,       93 ,      134 ,      145 ,       53 ,      146 ,      123 ,      136 ,       39 ,       15 ,       54 ,        4 ,      104 ,       97 ,       11 ,       12 ,      118 ,       79 ,      101 ,       71 ,       73 ,      108 ,       59 ,       26 ,       66 ,        1 ,      137 ,      147 ,       42 ,      138 ,      100 ,       58 ,      149 ,       17 ,       62 ,      124 ,        6 ,       72 ,       68 ,       83 ,       76 ,       78 ,       80 ,      142 ,       45 ,       10 ,       30 ,      132 ,       61 ,      135 ,       70 ,       67 ,      139 ,       37 ,       77 ,       31 ,       65 ,       60 ,       56 ,       89 ,       35 ,       90 ,       64 ,       33 ,       46 ,       92 ,       34 ,      126 ,      106 ,       44 ,      113 ,      110 ,      117 ,        9 ,      148 ,       47 ,       24 ,       57 ,      116 ,       86 ,        0 ,        8 ,      129 , 
     105 ,       69 ,       96 ,       29 ,       50 ,      141 ,      128 ,        5 ,      133 ,       38 ,      131 ,       18 ,       25 ,      130 ,      103 ,       63 ,      125 ,        3 ,       85 ,       36 ,       52 ,        7 ,       82 ,       21 ,      107 ,       49 ,      114 ,      144 ,      143 ,       43 ,      119 ,      115 ,       99 ,      121 ,       48 ,       32 ,       74 ,       81 ,        2 ,       94 ,       28 ,       91 ,      120 ,      112 ,       98 ,      140 ,       51 ,       75 ,       84 ,       95 ,      127 ,       27 ,      102 ,       22 ,       40 ,       23 ,       41 ,      122 ,      109 ,      111 ,       16 ,       55 ,       87 ,       14 ,       13 ,       19 ,      145 ,       93 ,       20 ,       53 ,      146 ,      123 ,      134 ,       88 ,        4 ,      136 ,      104 ,       54 ,       15 ,       39 ,       79 ,      118 ,       71 ,      101 ,       97 ,       12 ,       26 ,       11 ,       59 ,       73 ,      108 ,       66 ,      147 ,        1 ,      138 ,      137 ,      100 ,       42 ,       62 ,       58 ,      149 ,        6 ,       17 ,      124 ,       83 ,       72 ,       68 ,       78 ,       76 ,      142 ,       10 ,       45 ,       80 ,       30 ,       70 ,       61 ,       37 ,      135 ,      132 ,      139 ,       77 ,       67 ,       89 ,       65 ,       56 ,       31 ,       60 ,       33 ,       35 ,       92 ,       90 ,       34 ,       64 ,       44 ,       46 ,      126 ,      117 ,      106 ,      113 ,      148 ,       57 ,       24 ,      116 ,      110 ,        9 ,        0 ,       86 ,       47 ,      129 ,        8 , 
      69 ,       96 ,      105 ,      128 ,       29 ,      141 ,       50 ,        5 ,      131 ,      130 ,       38 ,      133 ,      103 ,       25 ,       85 ,       18 ,       63 ,        7 ,       52 ,      125 ,        3 ,       36 ,       21 ,      107 ,       82 ,      144 ,      114 ,       49 ,       99 ,      119 ,      115 ,      143 ,       43 ,       32 ,      121 ,       81 ,       74 ,       48 ,        2 ,       28 ,       94 ,      112 ,       98 ,       91 ,      120 ,       51 ,      140 ,       75 ,      127 ,       22 ,       84 ,       95 ,       27 ,       23 ,      102 ,      111 ,       40 ,       41 ,      109 ,       14 ,       87 ,      122 ,       55 ,       16 ,       20 ,       13 ,       19 ,      145 ,      123 ,       53 ,       88 ,       93 ,      104 ,      134 ,      146 ,       54 ,        4 ,      118 ,      136 ,       15 ,       79 ,       39 ,      101 ,       26 ,       97 ,       12 ,       71 ,      108 ,       59 ,       11 ,      147 ,        1 ,      100 ,       73 ,       66 ,      138 ,       42 ,      137 ,       62 ,       17 ,       58 ,       72 ,      149 ,      124 ,        6 ,       83 ,       76 ,       78 ,       68 ,       10 ,      142 ,       61 ,       45 ,       80 ,       70 ,       37 ,       30 ,      135 ,      139 ,       65 ,      132 ,       89 ,       67 ,       77 ,       60 ,       31 ,       56 ,       35 ,       64 ,       33 ,       44 ,       92 ,       90 ,      126 ,       34 ,       46 ,       57 ,      117 ,      116 ,      148 ,      106 ,      113 ,       24 ,      110 ,       47 ,        0 ,        9 ,       86 ,      129 ,        8 , 
      69 ,       96 ,      128 ,      105 ,      141 ,       50 ,       29 ,        5 ,      130 ,      131 ,      133 ,      103 ,       63 ,       38 ,       18 ,       85 ,       25 ,       52 ,      125 ,        7 ,        3 ,       21 ,       36 ,      107 ,       82 ,       49 ,       99 ,      144 ,      114 ,      115 ,       43 ,      119 ,      143 ,       74 ,       32 ,      121 ,       48 ,       81 ,       98 ,       94 ,       28 ,        2 ,      112 ,       91 ,      140 ,       75 ,      120 ,       51 ,      127 ,       22 ,       23 ,       95 ,       84 ,      111 ,      102 ,       27 ,       41 ,      109 ,       14 ,       16 ,       55 ,       40 ,      122 ,       87 ,       19 ,       13 ,      123 ,       93 ,       20 ,       88 ,      145 ,      134 ,      146 ,      104 ,       53 ,       15 ,        4 ,       54 ,      118 ,      136 ,       79 ,       12 ,       71 ,      101 ,       97 ,       59 ,       39 ,        1 ,       26 ,      108 ,       73 ,      100 ,      147 ,      137 ,       11 ,       66 ,      138 ,       17 ,       62 ,       42 ,      149 ,       58 ,       72 ,        6 ,      124 ,       83 ,       68 ,       76 ,       78 ,       61 ,       45 ,       10 ,      142 ,       80 ,      135 ,       70 ,       30 ,       37 ,      139 ,       67 ,       65 ,      132 ,       89 ,       35 ,       60 ,       77 ,       56 ,       31 ,       44 ,       64 ,      126 ,       33 ,       90 ,       57 ,       92 ,       46 ,       34 ,      113 ,      106 ,      148 ,      117 ,      116 ,        0 ,       24 ,       86 ,       47 ,      110 ,        9 ,      129 ,        8 , 
     128 ,       69 ,       96 ,      105 ,       29 ,      130 ,      141 ,       50 ,      131 ,        5 ,      103 ,       63 ,      133 ,       85 ,       18 ,       38 ,       21 ,       25 ,       52 ,        3 ,      125 ,       82 ,        7 ,      107 ,      114 ,       36 ,      144 ,       49 ,       99 ,      115 ,       43 ,      119 ,      121 ,       74 ,      143 ,       81 ,       48 ,       32 ,       28 ,       98 ,      112 ,        2 ,       91 ,       94 ,      120 ,      140 ,       75 ,       23 ,       22 ,      127 ,       95 ,       51 ,       41 ,       84 ,       27 ,      102 ,      111 ,       16 ,      109 ,       55 ,      122 ,       40 ,       14 ,       13 ,       87 ,       19 ,      123 ,      134 ,       20 ,       93 ,       53 ,      104 ,      146 ,      118 ,       88 ,      145 ,       79 ,       15 ,      136 ,        4 ,       54 ,       71 ,      101 ,       12 ,        1 ,      108 ,       26 ,       97 ,       39 ,       59 ,       11 ,      137 ,       73 ,      147 ,       66 ,      100 ,      138 ,       58 ,       17 ,        6 ,      149 ,      124 ,       42 ,       62 ,       68 ,       72 ,       83 ,       61 ,       76 ,      142 ,       78 ,      135 ,       45 ,       10 ,       70 ,       30 ,       80 ,       65 ,       37 ,      139 ,       35 ,      132 ,       67 ,       31 ,       77 ,       60 ,       89 ,       56 ,       90 ,       44 ,      126 ,       57 ,       92 ,       33 ,       64 ,      106 ,       46 ,       34 ,      117 ,      113 ,      116 ,        0 ,      148 ,       47 ,       24 ,      129 ,       86 ,        9 ,      110 ,        8 , 
