1371 , 200 , 10 , 1288 , IG
     106 ,       20 ,      140 ,      155 ,      187 ,      122 ,       78 ,       91 ,      184 ,      190 ,      144 ,       82 ,       85 ,        7 ,       16 ,       87 ,       19 ,      145 ,       64 ,      192 ,       35 ,       47 ,       65 ,      174 ,      180 ,      189 ,      121 ,        1 ,       18 ,      134 ,       81 ,      159 ,       32 ,       53 ,        8 ,      119 ,      131 ,      120 ,      153 ,      126 ,      116 ,      158 ,       61 ,       75 ,      160 ,       58 ,      112 ,      132 ,      157 ,      137 ,      100 ,      143 ,      154 ,      172 ,       97 ,      161 ,      194 ,       48 ,       56 ,       66 ,       40 ,      115 ,      191 ,       15 ,       79 ,      108 ,       57 ,      196 ,       34 ,       59 ,       36 ,      107 ,       26 ,      162 ,       96 ,       39 ,      163 ,      152 ,      139 ,       45 ,      169 ,       98 ,       11 ,       99 ,      148 ,      176 ,      185 ,      105 ,      178 ,       27 ,       92 ,       55 ,      199 ,      198 ,      197 ,       29 ,      151 ,       43 ,      123 ,       14 ,       68 ,       44 ,       21 ,      114 ,      182 ,       77 ,      183 ,       69 ,       23 ,       17 ,      136 ,       76 ,      179 ,       30 ,      149 ,      147 ,       71 ,       60 ,       37 ,      193 ,      166 ,      188 ,      173 ,       62 ,       72 ,      141 ,      167 ,      109 ,       51 ,      175 ,       63 ,       12 ,       25 ,        6 ,      165 ,       28 ,       24 ,       83 ,      124 ,      102 ,       13 ,      138 ,      146 ,      181 ,       46 ,      195 ,      177 ,      133 ,        2 ,       93 ,       73 ,       84 ,      111 ,        9 ,       33 ,        0 ,       90 ,      129 ,      127 ,      103 ,      150 ,      117 ,      130 ,      128 ,      110 ,       88 ,      186 ,        5 ,      170 ,      142 ,       31 ,       54 ,       67 ,        3 ,      113 ,       80 ,       10 ,      168 ,       86 ,       74 ,        4 ,      101 ,      135 ,      156 ,       50 ,       94 ,       38 ,      164 ,       41 ,       42 ,      125 ,      118 ,       22 ,       49 ,       70 ,      171 ,      104 ,       52 ,       89 ,       95 , 
     106 ,      122 ,      140 ,      155 ,      184 ,      187 ,       20 ,       78 ,      190 ,       91 ,       16 ,       85 ,       82 ,      144 ,      145 ,       87 ,      192 ,        7 ,       35 ,      174 ,       65 ,       47 ,      189 ,      180 ,       19 ,      134 ,       64 ,       18 ,       81 ,        1 ,      159 ,      121 ,       53 ,      119 ,      131 ,       32 ,      116 ,      120 ,        8 ,       75 ,      153 ,      160 ,      126 ,       61 ,      158 ,       58 ,      112 ,      132 ,      137 ,      157 ,      100 ,      172 ,      154 ,      161 ,      143 ,       56 ,      194 ,       48 ,       97 ,       40 ,       79 ,       15 ,       66 ,      108 ,      191 ,      196 ,       59 ,      115 ,       57 ,       34 ,       26 ,      162 ,       39 ,      107 ,       36 ,       96 ,      152 ,      139 ,      169 ,       45 ,      163 ,       98 ,       11 ,      148 ,       99 ,      176 ,       92 ,      185 ,      105 ,      198 ,       55 ,      178 ,       29 ,       27 ,      199 ,      151 ,       43 ,      197 ,      123 ,       14 ,       21 ,      114 ,      182 ,       44 ,       68 ,      183 ,       77 ,       23 ,      136 ,       69 ,       17 ,       76 ,      149 ,      147 ,      179 ,       60 ,       30 ,       37 ,      173 ,      188 ,      166 ,       71 ,      193 ,       72 ,       62 ,      141 ,      175 ,      109 ,       25 ,      167 ,       51 ,       28 ,       12 ,       24 ,       63 ,      165 ,      102 ,       83 ,      138 ,        6 ,      124 ,      181 ,      146 ,       13 ,      177 ,      133 ,       46 ,      195 ,      111 ,       93 ,        2 ,       33 ,       73 ,        0 ,       84 ,      129 ,        9 ,       90 ,      150 ,      117 ,      127 ,      103 ,      130 ,       88 ,        5 ,      128 ,      110 ,      186 ,       54 ,      142 ,       31 ,      113 ,       67 ,      170 ,        3 ,       74 ,      168 ,       10 ,       80 ,       86 ,       50 ,      135 ,        4 ,      101 ,      164 ,       41 ,       38 ,      156 ,      125 ,       94 ,       42 ,       49 ,       22 ,       70 ,      118 ,       95 ,      171 ,       52 ,      104 ,       89 , 
     122 ,      106 ,      184 ,      140 ,       78 ,      155 ,      187 ,       16 ,       20 ,      190 ,       91 ,       87 ,      145 ,       85 ,       82 ,       35 ,      192 ,      144 ,       47 ,       65 ,      174 ,        7 ,      189 ,      134 ,       18 ,        1 ,      180 ,       19 ,       53 ,      159 ,       64 ,      119 ,       81 ,      121 ,      131 ,       32 ,      116 ,      160 ,      126 ,      120 ,        8 ,       75 ,       61 ,      153 ,      158 ,       58 ,      132 ,      137 ,      112 ,      172 ,      161 ,      157 ,      154 ,      143 ,      100 ,       56 ,      194 ,       40 ,       15 ,       66 ,      191 ,       48 ,       97 ,      196 ,       79 ,       59 ,      108 ,       57 ,       26 ,      107 ,       34 ,       96 ,      115 ,      162 ,       39 ,      152 ,       36 ,      139 ,       98 ,       11 ,       45 ,      169 ,       99 ,       92 ,      163 ,      198 ,      176 ,      148 ,       55 ,      178 ,      185 ,      105 ,      151 ,      197 ,       27 ,      199 ,       43 ,       29 ,      182 ,       44 ,      123 ,       21 ,       14 ,       77 ,       23 ,      114 ,       69 ,       68 ,      136 ,      183 ,       17 ,       76 ,      179 ,       30 ,      173 ,      188 ,      147 ,      149 ,       71 ,       60 ,       62 ,       37 ,      141 ,       72 ,      193 ,      167 ,      166 ,       25 ,      175 ,      109 ,       28 ,      165 ,       24 ,       63 ,       12 ,       51 ,      124 ,      102 ,      146 ,       83 ,        6 ,      181 ,      177 ,      138 ,       46 ,      133 ,       13 ,      111 ,      195 ,        0 ,       84 ,       93 ,        2 ,        9 ,       33 ,       73 ,      150 ,      117 ,       90 ,      129 ,        5 ,      128 ,      103 ,      127 ,       88 ,      130 ,      110 ,      186 ,      113 ,       54 ,       31 ,      142 ,      170 ,       67 ,       74 ,       80 ,       86 ,      168 ,       50 ,        3 ,       10 ,      164 ,        4 ,       38 ,      135 ,      101 ,       41 ,       42 ,      125 ,      156 ,      118 ,       70 ,      171 ,       94 ,       49 ,      104 ,       95 ,       52 ,       22 ,       89 , 
     106 ,      122 ,      184 ,      140 ,      155 ,       78 ,       91 ,      187 ,       87 ,      145 ,       20 ,       16 ,      190 ,       35 ,       82 ,       85 ,      192 ,       47 ,        7 ,      189 ,      144 ,       65 ,      174 ,      134 ,       18 ,        1 ,      180 ,      159 ,       53 ,       19 ,      131 ,       32 ,       64 ,      121 ,      119 ,       81 ,      160 ,        8 ,      126 ,      116 ,      120 ,       61 ,       75 ,      137 ,      153 ,      158 ,      112 ,       58 ,      157 ,      132 ,      100 ,      143 ,      161 ,      194 ,      172 ,       66 ,       56 ,      154 ,       40 ,       15 ,       97 ,       59 ,      196 ,      191 ,       48 ,      108 ,       79 ,       57 ,       26 ,      107 ,      115 ,       34 ,       96 ,      162 ,       39 ,      152 ,       98 ,       36 ,      139 ,       11 ,       45 ,       99 ,      169 ,       92 ,      198 ,      163 ,      178 ,      185 ,      176 ,      197 ,      105 ,      148 ,       55 ,       43 ,      151 ,       27 ,       44 ,      199 ,      182 ,      123 ,       29 ,       23 ,       21 ,       69 ,      183 ,      136 ,       14 ,      114 ,       77 ,       76 ,       68 ,       30 ,       17 ,      147 ,      149 ,      179 ,       60 ,      188 ,      173 ,       72 ,       71 ,      141 ,      167 ,       37 ,       62 ,      166 ,      193 ,      109 ,       28 ,       25 ,       24 ,       51 ,      175 ,       63 ,      165 ,       12 ,      124 ,      146 ,       83 ,      181 ,        6 ,      138 ,      102 ,      177 ,       13 ,       46 ,      111 ,      195 ,      133 ,        2 ,       33 ,       84 ,       93 ,        0 ,       73 ,       90 ,        9 ,      128 ,      129 ,      150 ,      117 ,      103 ,      127 ,      110 ,        5 ,      130 ,       88 ,      186 ,      113 ,       31 ,      170 ,       74 ,       54 ,       67 ,       86 ,      142 ,       80 ,      164 ,       10 ,      168 ,        3 ,      135 ,       50 ,       38 ,      101 ,       41 ,      125 ,        4 ,       42 ,      118 ,      156 ,       49 ,       94 ,      171 ,      104 ,       52 ,       70 ,       89 ,       22 ,       95 , 
     106 ,      122 ,      155 ,      184 ,      187 ,      140 ,       78 ,       91 ,       87 ,      145 ,       20 ,       16 ,      190 ,       35 ,       82 ,      189 ,      192 ,       85 ,       65 ,        7 ,       47 ,      134 ,       18 ,      174 ,      144 ,        1 ,      159 ,       32 ,       64 ,       53 ,      119 ,      121 ,      160 ,       19 ,      180 ,      126 ,       75 ,      131 ,      116 ,       81 ,        8 ,      120 ,      153 ,       61 ,      158 ,      157 ,      100 ,      137 ,       58 ,      194 ,      172 ,      112 ,      132 ,       56 ,      161 ,      143 ,       40 ,       66 ,       97 ,      154 ,       59 ,      196 ,       15 ,       48 ,      108 ,      191 ,       26 ,      107 ,       57 ,       79 ,       96 ,      115 ,       34 ,      162 ,       98 ,       39 ,       11 ,      152 ,       36 ,       99 ,       92 ,      139 ,       45 ,      169 ,      185 ,      176 ,      105 ,      163 ,      198 ,      178 ,      148 ,      197 ,       43 ,       55 ,      151 ,       44 ,       27 ,      199 ,       21 ,       23 ,      182 ,      183 ,      123 ,       29 ,       14 ,       69 ,       76 ,       77 ,      114 ,      136 ,       68 ,       17 ,       30 ,      147 ,      188 ,      179 ,       72 ,      149 ,      173 ,       60 ,       71 ,       62 ,      167 ,      141 ,       37 ,      166 ,      193 ,       28 ,      109 ,       24 ,       51 ,       63 ,       25 ,      175 ,       83 ,      146 ,       12 ,      181 ,      138 ,      124 ,      165 ,        6 ,       13 ,      111 ,      102 ,       46 ,        2 ,      177 ,       93 ,      195 ,        0 ,       33 ,       84 ,      133 ,       73 ,        9 ,      117 ,      103 ,      127 ,       90 ,      150 ,        5 ,      128 ,      129 ,      186 ,       88 ,      130 ,      110 ,      113 ,      170 ,       31 ,       86 ,       54 ,       74 ,      142 ,       67 ,      168 ,       80 ,      135 ,       50 ,        3 ,      164 ,       41 ,       10 ,      101 ,      118 ,        4 ,       38 ,      125 ,       94 ,      171 ,      104 ,       42 ,      156 ,       49 ,       70 ,       89 ,       52 ,       95 ,       22 , 
     106 ,      122 ,      184 ,      140 ,      155 ,       91 ,      187 ,       78 ,       16 ,       20 ,       35 ,       87 ,      192 ,      145 ,      189 ,       85 ,       82 ,      190 ,        7 ,      174 ,       47 ,       65 ,      134 ,       18 ,      144 ,        1 ,      119 ,      159 ,      121 ,       32 ,       53 ,       19 ,      160 ,       75 ,       64 ,      126 ,      180 ,       81 ,      153 ,      131 ,        8 ,      158 ,      116 ,      120 ,      137 ,      100 ,      157 ,       61 ,      172 ,       56 ,       58 ,      132 ,      143 ,      161 ,      112 ,      154 ,      194 ,       59 ,       66 ,       40 ,       97 ,       48 ,      196 ,       15 ,      108 ,      107 ,       26 ,      191 ,       57 ,       96 ,       79 ,      162 ,       98 ,      115 ,       34 ,       39 ,      152 ,       11 ,       36 ,      139 ,       99 ,       92 ,      176 ,      163 ,      105 ,      178 ,      185 ,       45 ,      198 ,      169 ,      148 ,      197 ,       43 ,       44 ,       27 ,       55 ,      151 ,      199 ,       21 ,      123 ,       14 ,       23 ,      183 ,       76 ,      182 ,       77 ,      114 ,      136 ,       29 ,       69 ,      188 ,       68 ,       72 ,       30 ,       17 ,      149 ,      147 ,       60 ,       62 ,      179 ,       71 ,      141 ,      167 ,      173 ,      193 ,       37 ,       28 ,      166 ,      109 ,       63 ,       24 ,       51 ,       83 ,       12 ,      175 ,       25 ,      124 ,      181 ,        6 ,      138 ,       13 ,      146 ,      111 ,      177 ,      102 ,      165 ,        0 ,       46 ,      195 ,       33 ,      133 ,        2 ,      117 ,       93 ,       73 ,        9 ,      103 ,       84 ,      128 ,      127 ,        5 ,      150 ,       90 ,      186 ,      129 ,      130 ,       31 ,       88 ,       54 ,      170 ,      110 ,       86 ,      113 ,      168 ,       74 ,       67 ,      142 ,       50 ,      164 ,        3 ,       41 ,       80 ,      135 ,       10 ,        4 ,      125 ,      118 ,      101 ,      104 ,       42 ,       94 ,      171 ,       38 ,       70 ,       89 ,      156 ,       49 ,       22 ,       52 ,       95 , 
     122 ,      106 ,      184 ,      187 ,       91 ,      140 ,       35 ,       78 ,      155 ,       87 ,      192 ,       16 ,       20 ,       85 ,      145 ,        7 ,      189 ,       65 ,       82 ,      190 ,      174 ,       47 ,      134 ,      144 ,       18 ,      119 ,      159 ,        1 ,       53 ,       19 ,      121 ,       32 ,      180 ,       75 ,      160 ,       81 ,       64 ,      126 ,        8 ,      131 ,      153 ,      120 ,      100 ,      158 ,      116 ,      137 ,      172 ,       58 ,      143 ,       61 ,       56 ,      157 ,      132 ,      194 ,      154 ,      161 ,       40 ,      112 ,       66 ,       15 ,       59 ,       97 ,      108 ,       26 ,      107 ,       96 ,       48 ,       57 ,      191 ,      162 ,      196 ,       98 ,       34 ,       79 ,       39 ,      152 ,      115 ,       11 ,       36 ,      139 ,      105 ,      176 ,      185 ,       92 ,       99 ,      178 ,      169 ,      163 ,      148 ,       45 ,       43 ,      198 ,      197 ,      151 ,       44 ,       27 ,       21 ,       55 ,      183 ,      199 ,       23 ,      182 ,       14 ,       77 ,      123 ,      114 ,       76 ,       69 ,      136 ,       68 ,       29 ,      188 ,       72 ,       30 ,       60 ,      147 ,       71 ,       17 ,      167 ,      179 ,      149 ,      173 ,      141 ,       62 ,      193 ,       37 ,       28 ,      166 ,       24 ,       51 ,       63 ,      109 ,       25 ,      181 ,      175 ,       83 ,      124 ,       12 ,      138 ,      111 ,      146 ,        6 ,      177 ,        0 ,       13 ,      165 ,      102 ,      133 ,       33 ,        2 ,      195 ,       46 ,        9 ,       84 ,      128 ,      117 ,       93 ,       73 ,      103 ,      150 ,        5 ,       90 ,      127 ,      129 ,      186 ,      130 ,       31 ,       54 ,       88 ,      110 ,      170 ,      113 ,       86 ,       74 ,      168 ,       50 ,       67 ,      142 ,      164 ,       41 ,       10 ,      125 ,        3 ,      135 ,      118 ,       80 ,      101 ,        4 ,       42 ,      104 ,       70 ,       94 ,      171 ,       49 ,       22 ,      156 ,       38 ,       89 ,       95 ,       52 , 
     106 ,      122 ,      187 ,      184 ,       91 ,      140 ,       35 ,       78 ,       87 ,      155 ,      192 ,       20 ,        7 ,       16 ,       85 ,      189 ,      190 ,       82 ,      145 ,      174 ,       65 ,      144 ,       47 ,      159 ,      119 ,       18 ,      134 ,       19 ,      121 ,       53 ,      180 ,        1 ,       64 ,       81 ,       32 ,        8 ,       75 ,      160 ,      126 ,      131 ,      120 ,      153 ,      172 ,       58 ,      116 ,      100 ,      158 ,      143 ,       56 ,      137 ,      194 ,       61 ,      132 ,      154 ,      157 ,       40 ,      112 ,       15 ,      108 ,      161 ,      107 ,       66 ,       59 ,       57 ,       26 ,       96 ,       97 ,       48 ,      162 ,      196 ,      191 ,       34 ,       98 ,       11 ,      115 ,       79 ,      139 ,       39 ,      105 ,      152 ,      176 ,       36 ,      178 ,       99 ,      148 ,       92 ,       43 ,      185 ,      163 ,      169 ,      151 ,       44 ,       45 ,       55 ,      198 ,       21 ,      197 ,      183 ,      199 ,       27 ,      123 ,       14 ,      182 ,       77 ,      114 ,       23 ,       76 ,       69 ,      136 ,       29 ,       68 ,      188 ,      147 ,       72 ,       71 ,       60 ,      167 ,       30 ,      141 ,      173 ,       62 ,       17 ,      149 ,      179 ,       28 ,      193 ,      166 ,       37 ,       63 ,      181 ,       51 ,       25 ,       24 ,      124 ,       12 ,      109 ,      111 ,      175 ,      146 ,        6 ,      138 ,       83 ,      177 ,      102 ,      165 ,        0 ,       13 ,       33 ,      133 ,        2 ,        9 ,      117 ,       46 ,       84 ,      195 ,       93 ,      128 ,       73 ,       90 ,      103 ,        5 ,      150 ,      186 ,      130 ,      127 ,      129 ,       54 ,       31 ,       88 ,      110 ,      168 ,      113 ,      170 ,       74 ,       86 ,       67 ,       10 ,       50 ,      164 ,       41 ,      142 ,      125 ,      135 ,        3 ,       80 ,      118 ,      101 ,       42 ,       70 ,        4 ,      104 ,       49 ,      156 ,       94 ,       22 ,       95 ,      171 ,       52 ,       38 ,       89 , 
     106 ,      122 ,      184 ,      140 ,      187 ,       35 ,       91 ,      155 ,       78 ,       87 ,      192 ,       16 ,      190 ,       20 ,        7 ,       82 ,       65 ,      145 ,      144 ,       85 ,      189 ,      174 ,      119 ,      134 ,       47 ,      159 ,       18 ,        1 ,       19 ,       53 ,      121 ,       64 ,      180 ,       75 ,        8 ,       81 ,       32 ,      160 ,      126 ,      120 ,      153 ,       58 ,      131 ,      172 ,      116 ,      143 ,      158 ,       56 ,      100 ,      137 ,      194 ,      154 ,      132 ,      157 ,       61 ,      161 ,       15 ,       66 ,      112 ,       40 ,      108 ,      107 ,       26 ,       59 ,       97 ,       57 ,      196 ,       48 ,       98 ,      191 ,      162 ,       79 ,      115 ,      105 ,       34 ,       96 ,       39 ,       36 ,      139 ,      152 ,      178 ,       11 ,       43 ,       99 ,      176 ,      148 ,       92 ,      185 ,      169 ,       55 ,      163 ,      198 ,      151 ,       44 ,       45 ,      199 ,      197 ,       21 ,      183 ,       27 ,      114 ,      123 ,       14 ,       77 ,      182 ,       23 ,       76 ,      136 ,       69 ,       68 ,       29 ,       71 ,      188 ,      147 ,      167 ,       60 ,       72 ,       62 ,       30 ,       17 ,      141 ,      173 ,      166 ,      179 ,      149 ,       28 ,      193 ,       51 ,       37 ,       63 ,      181 ,      124 ,       25 ,      175 ,       24 ,       12 ,      109 ,      111 ,       83 ,      146 ,      102 ,        6 ,      177 ,      138 ,      133 ,       13 ,        2 ,        9 ,      165 ,       33 ,        0 ,      195 ,      117 ,       73 ,       90 ,       84 ,       93 ,       46 ,      128 ,      103 ,      127 ,      130 ,      150 ,        5 ,      129 ,      186 ,       31 ,      110 ,       88 ,       54 ,      170 ,       74 ,       10 ,      113 ,      168 ,       41 ,       86 ,      142 ,       67 ,       50 ,      125 ,       80 ,      164 ,      118 ,       42 ,      135 ,      104 ,      101 ,        3 ,       70 ,       22 ,      156 ,       95 ,        4 ,      171 ,       52 ,       94 ,       49 ,       38 ,       89 , 
     106 ,      184 ,       35 ,      122 ,       91 ,      187 ,      140 ,       78 ,      155 ,      190 ,      192 ,       87 ,       16 ,       20 ,      145 ,       85 ,        7 ,       82 ,      189 ,       65 ,      174 ,      134 ,      144 ,        1 ,       19 ,       47 ,       18 ,      119 ,      159 ,       53 ,       64 ,      180 ,        8 ,      121 ,       32 ,       75 ,      160 ,      126 ,       81 ,      131 ,      120 ,       58 ,      153 ,      116 ,      172 ,      158 ,      137 ,      194 ,      143 ,      100 ,      132 ,      154 ,       56 ,       61 ,      157 ,       15 ,       66 ,       40 ,      112 ,      161 ,       26 ,      107 ,       59 ,      108 ,       98 ,       97 ,       57 ,      196 ,       48 ,      162 ,       79 ,       34 ,      191 ,      105 ,      115 ,       36 ,       96 ,      139 ,      152 ,       39 ,      176 ,      178 ,       11 ,      185 ,       43 ,       92 ,       99 ,      198 ,       55 ,      148 ,      169 ,      199 ,       44 ,       21 ,      163 ,      183 ,       27 ,      151 ,      197 ,      114 ,       45 ,      182 ,      123 ,       14 ,       77 ,       76 ,       69 ,       23 ,       29 ,      136 ,       68 ,       60 ,      188 ,       72 ,       71 ,      147 ,      167 ,       62 ,      141 ,       17 ,      149 ,       30 ,      166 ,      179 ,      173 ,       37 ,       28 ,      193 ,      181 ,       63 ,      175 ,       51 ,       25 ,       12 ,       24 ,      124 ,      111 ,        6 ,      146 ,      109 ,      138 ,       83 ,      102 ,       13 ,      133 ,        9 ,      177 ,        0 ,        2 ,       33 ,       90 ,      165 ,      195 ,       73 ,      117 ,       84 ,       93 ,       46 ,      127 ,      128 ,        5 ,      130 ,      129 ,      103 ,      150 ,       31 ,      186 ,       74 ,      110 ,       54 ,      168 ,      170 ,       88 ,      142 ,       86 ,       41 ,       67 ,      113 ,      125 ,       10 ,       50 ,       80 ,      118 ,      135 ,        3 ,      164 ,       70 ,       22 ,       42 ,      104 ,       95 ,      171 ,       94 ,       52 ,      101 ,       49 ,      156 ,       38 ,        4 ,       89 , 
