1398 , 200 , 10 , 35156 , ILST
      49 ,       99 ,      196 ,      107 ,      100 ,      136 ,        6 ,      130 ,       20 ,       76 ,       30 ,      192 ,        2 ,      108 ,      156 ,       45 ,      102 ,       82 ,      126 ,      197 ,       93 ,      191 ,      177 ,      193 ,       74 ,       98 ,      112 ,      178 ,      150 ,       83 ,      143 ,       86 ,      116 ,       33 ,       58 ,      185 ,       53 ,       56 ,      172 ,       68 ,       88 ,       57 ,        0 ,       66 ,       46 ,      190 ,      134 ,       47 ,      181 ,       79 ,       81 ,      189 ,      195 ,      163 ,      121 ,       25 ,       35 ,       29 ,       62 ,       18 ,      158 ,       90 ,       95 ,      131 ,      180 ,      154 ,       24 ,      124 ,       14 ,      148 ,      187 ,      160 ,      169 ,       15 ,      146 ,      165 ,      139 ,      111 ,      198 ,      167 ,       51 ,      101 ,        7 ,      135 ,      141 ,       61 ,       42 ,      182 ,      104 ,       22 ,       26 ,      179 ,      159 ,       48 ,       43 ,      188 ,      137 ,      168 ,       70 ,       21 ,      199 ,      173 ,       59 ,      106 ,      175 ,       39 ,      105 ,      152 ,       94 ,      132 ,       85 ,      184 ,       64 ,       91 ,        3 ,       87 ,        9 ,       97 ,       52 ,      186 ,       72 ,      142 ,      155 ,       17 ,      125 ,      138 ,      127 ,      149 ,      151 ,      110 ,       34 ,      161 ,       73 ,      103 ,      170 ,      176 ,       12 ,       40 ,      171 ,       69 ,       19 ,      114 ,      157 ,      109 ,       27 ,       31 ,       38 ,       10 ,      113 ,      118 ,        5 ,      164 ,      153 ,      129 ,       13 ,       54 ,       96 ,        4 ,      133 ,       60 ,       78 ,       32 ,      123 ,       55 ,       44 ,      140 ,       11 ,      194 ,       71 ,       63 ,      128 ,       89 ,      145 ,      174 ,      166 ,      117 ,      115 ,       37 ,      119 ,       16 ,       92 ,       84 ,       36 ,       28 ,       23 ,       75 ,       80 ,      147 ,       65 ,      122 ,      183 ,      144 ,      120 ,       41 ,        8 ,       67 ,       50 ,      162 ,        1 ,       77 , 
      99 ,      107 ,        6 ,      136 ,      196 ,      100 ,       49 ,       20 ,       76 ,      108 ,       30 ,      130 ,      192 ,        2 ,      156 ,       45 ,      102 ,      197 ,       82 ,      126 ,      193 ,       98 ,       93 ,       74 ,      191 ,      112 ,      177 ,      178 ,      116 ,      150 ,       86 ,       33 ,       83 ,      143 ,       53 ,       58 ,       56 ,      185 ,      172 ,       57 ,       68 ,       88 ,        0 ,       66 ,       46 ,      190 ,       81 ,      134 ,      189 ,      181 ,      195 ,       79 ,      121 ,       47 ,       35 ,       18 ,       62 ,      163 ,       25 ,       29 ,      180 ,      158 ,       90 ,       14 ,      154 ,      124 ,       24 ,      131 ,      160 ,      148 ,       95 ,      169 ,      111 ,      165 ,      139 ,      198 ,      146 ,      187 ,       15 ,      167 ,       51 ,      141 ,      135 ,      182 ,      104 ,        7 ,      101 ,       22 ,       61 ,       42 ,       26 ,      159 ,      179 ,       48 ,      188 ,       43 ,      199 ,       39 ,       21 ,      168 ,      137 ,       70 ,      175 ,      106 ,      173 ,       59 ,      152 ,       94 ,       64 ,      105 ,      184 ,       85 ,      132 ,        9 ,       52 ,       97 ,        3 ,       87 ,       91 ,      186 ,      142 ,       72 ,      155 ,       17 ,      151 ,      125 ,      110 ,      127 ,      149 ,      138 ,      161 ,       34 ,      176 ,       73 ,      103 ,      170 ,       12 ,       40 ,       19 ,      171 ,      114 ,       69 ,      157 ,       31 ,       27 ,      109 ,      118 ,       38 ,      153 ,      113 ,       10 ,      164 ,        5 ,       13 ,      129 ,       96 ,       60 ,      133 ,        4 ,       78 ,       54 ,       32 ,       55 ,      123 ,       44 ,       11 ,      140 ,      194 ,       71 ,       63 ,      128 ,      174 ,       89 ,       37 ,      145 ,      166 ,      119 ,      117 ,      115 ,       84 ,       16 ,       23 ,       92 ,      122 ,       36 ,      147 ,       80 ,       28 ,       75 ,      183 ,       65 ,        8 ,       41 ,      144 ,      120 ,       67 ,        1 ,       77 ,      162 ,       50 , 
       6 ,       99 ,      100 ,      107 ,      196 ,      108 ,      136 ,       49 ,       30 ,       20 ,        2 ,       76 ,      130 ,      192 ,      156 ,       45 ,       82 ,      197 ,       98 ,      102 ,       74 ,      126 ,      112 ,      191 ,      193 ,      177 ,       93 ,      116 ,       83 ,      178 ,       86 ,       33 ,      143 ,      185 ,      150 ,       53 ,      172 ,       58 ,       68 ,       66 ,       56 ,       88 ,       57 ,        0 ,       81 ,      181 ,      189 ,      190 ,       46 ,      134 ,      195 ,       35 ,       18 ,       79 ,       47 ,      121 ,       62 ,      180 ,      158 ,       25 ,       90 ,      154 ,       29 ,      163 ,      124 ,      131 ,       14 ,      160 ,      148 ,      169 ,       95 ,       24 ,      111 ,      146 ,      165 ,      187 ,      139 ,      198 ,      135 ,      167 ,       15 ,       51 ,      104 ,      101 ,       22 ,      141 ,       26 ,      182 ,       42 ,       61 ,       48 ,        7 ,      159 ,      199 ,      188 ,       39 ,      179 ,       43 ,      137 ,      106 ,      173 ,       70 ,      168 ,       21 ,       59 ,      175 ,      105 ,      184 ,       64 ,       85 ,      152 ,       94 ,       97 ,      132 ,       91 ,       87 ,      186 ,        3 ,       72 ,      155 ,        9 ,      151 ,      142 ,       17 ,       52 ,      125 ,      127 ,      110 ,      149 ,      138 ,      161 ,      176 ,       73 ,       34 ,      170 ,      103 ,       19 ,      171 ,       69 ,       12 ,      114 ,       40 ,       27 ,      109 ,      157 ,      118 ,       31 ,       38 ,      153 ,      164 ,      129 ,      113 ,        5 ,       13 ,       60 ,       10 ,       96 ,       78 ,      133 ,       55 ,       32 ,        4 ,      123 ,       44 ,       54 ,       11 ,      194 ,      140 ,       89 ,       71 ,       63 ,      174 ,       37 ,      119 ,      128 ,      145 ,       16 ,      117 ,       23 ,      166 ,      115 ,       36 ,       84 ,       92 ,      122 ,      147 ,       80 ,       28 ,       65 ,       75 ,      144 ,       41 ,      183 ,       77 ,       67 ,        8 ,      120 ,        1 ,       50 ,      162 , 
      99 ,      196 ,      107 ,      100 ,        6 ,       30 ,      108 ,       49 ,       76 ,       20 ,      136 ,        2 ,       45 ,      156 ,      192 ,      197 ,      130 ,      102 ,       82 ,      112 ,       98 ,       74 ,      177 ,       93 ,       83 ,      126 ,      191 ,      116 ,      193 ,       33 ,      185 ,      143 ,      150 ,      178 ,       86 ,      172 ,       68 ,       53 ,       66 ,       56 ,       58 ,       57 ,       88 ,      190 ,      189 ,       81 ,       46 ,        0 ,       18 ,      181 ,       35 ,      195 ,      121 ,      180 ,       47 ,       62 ,      134 ,       79 ,      158 ,       90 ,       25 ,      154 ,       29 ,      124 ,      163 ,      131 ,       14 ,      148 ,      160 ,       95 ,      169 ,       24 ,      146 ,      111 ,      139 ,      165 ,      187 ,      135 ,      198 ,      101 ,      167 ,       22 ,       15 ,       26 ,      182 ,      104 ,      141 ,       51 ,       42 ,       48 ,      199 ,       39 ,      188 ,      159 ,       61 ,        7 ,      137 ,      179 ,      106 ,       70 ,       59 ,      168 ,       43 ,      105 ,      175 ,      173 ,       21 ,       85 ,       94 ,      132 ,       64 ,      184 ,       97 ,        3 ,      152 ,      186 ,       91 ,       87 ,      142 ,       72 ,       17 ,      155 ,        9 ,      110 ,      125 ,      151 ,      127 ,       52 ,      176 ,       73 ,       34 ,      161 ,       19 ,      138 ,      170 ,      103 ,       69 ,      149 ,      114 ,      171 ,       12 ,       27 ,      109 ,       40 ,       38 ,      157 ,       31 ,      129 ,      113 ,      164 ,      118 ,       13 ,       96 ,      153 ,       10 ,       60 ,        5 ,      133 ,       44 ,        4 ,       78 ,       11 ,      123 ,       32 ,       55 ,       54 ,       71 ,      194 ,      174 ,       63 ,      140 ,       37 ,       89 ,      145 ,       16 ,      119 ,      117 ,      128 ,       23 ,       92 ,       36 ,      166 ,      115 ,      147 ,       84 ,       28 ,      122 ,       65 ,       80 ,       77 ,      144 ,       67 ,        8 ,       75 ,       41 ,       50 ,      183 ,        1 ,      162 ,      120 , 
     107 ,       99 ,      196 ,       49 ,      100 ,        6 ,       20 ,       76 ,      108 ,       30 ,      156 ,      192 ,        2 ,       45 ,      102 ,      136 ,      130 ,       74 ,      197 ,       82 ,      112 ,       98 ,       83 ,       93 ,      177 ,      193 ,      116 ,      185 ,      191 ,       33 ,      126 ,      150 ,       86 ,      143 ,      172 ,      178 ,       68 ,       57 ,       53 ,       56 ,       66 ,       58 ,      189 ,       88 ,       46 ,        0 ,       81 ,      195 ,      190 ,       35 ,      181 ,       18 ,       62 ,      134 ,       47 ,      121 ,      158 ,      180 ,       90 ,       79 ,      124 ,       25 ,      154 ,       29 ,      163 ,       95 ,      148 ,       14 ,      169 ,      146 ,      131 ,      139 ,      165 ,      160 ,       24 ,      135 ,      111 ,      187 ,      167 ,      101 ,      198 ,       51 ,      104 ,       15 ,       42 ,      141 ,       22 ,      182 ,      159 ,       26 ,       48 ,       61 ,      188 ,      179 ,        7 ,       39 ,      199 ,      106 ,       59 ,      137 ,       70 ,       43 ,      168 ,      173 ,      105 ,      132 ,       21 ,      175 ,       64 ,       85 ,      184 ,        3 ,      152 ,       94 ,      142 ,       97 ,      186 ,       91 ,       17 ,       87 ,      110 ,       72 ,        9 ,      127 ,       52 ,      176 ,      155 ,      151 ,      125 ,       34 ,       73 ,      170 ,       19 ,      161 ,      138 ,      171 ,       69 ,      103 ,      109 ,      149 ,      114 ,       40 ,       38 ,      157 ,      129 ,       12 ,       27 ,      164 ,       13 ,       96 ,       31 ,       60 ,       10 ,      113 ,      118 ,        5 ,       44 ,        4 ,      153 ,      133 ,       78 ,       11 ,       55 ,      123 ,       54 ,       32 ,      174 ,       63 ,       71 ,      194 ,       37 ,      145 ,      140 ,       89 ,       16 ,       92 ,       23 ,      117 ,      128 ,      166 ,      119 ,       36 ,       84 ,      147 ,      115 ,       65 ,       28 ,      122 ,       77 ,       67 ,       80 ,      144 ,        8 ,       75 ,       50 ,      183 ,       41 ,        1 ,      162 ,      120 , 
     107 ,       99 ,       49 ,      196 ,      100 ,        6 ,       76 ,       20 ,       30 ,        2 ,      156 ,      108 ,      102 ,       45 ,      192 ,       74 ,      136 ,      112 ,      130 ,       98 ,      177 ,       82 ,      197 ,      185 ,      116 ,       93 ,       83 ,      191 ,      150 ,      193 ,      126 ,       33 ,       86 ,      172 ,       68 ,      143 ,       66 ,      178 ,       53 ,       57 ,       56 ,        0 ,       88 ,       58 ,      190 ,       81 ,      189 ,       18 ,      181 ,       46 ,      195 ,       47 ,       35 ,      158 ,      180 ,      134 ,       62 ,      121 ,       25 ,      154 ,       79 ,       90 ,      163 ,      124 ,      148 ,      146 ,       95 ,       14 ,       29 ,      131 ,      169 ,      139 ,      135 ,      160 ,      165 ,      167 ,       24 ,      198 ,      187 ,      104 ,       51 ,      111 ,       15 ,      101 ,      141 ,       42 ,      182 ,       22 ,       26 ,      159 ,        7 ,      188 ,       61 ,       39 ,       48 ,      137 ,      199 ,       70 ,      179 ,      173 ,       59 ,      168 ,      106 ,      175 ,       21 ,       64 ,      184 ,       43 ,      105 ,       85 ,      132 ,        3 ,       94 ,      152 ,      142 ,      186 ,       97 ,       87 ,      110 ,       91 ,       52 ,       72 ,      176 ,      127 ,      155 ,       17 ,        9 ,       34 ,      125 ,      151 ,      170 ,      138 ,       19 ,       73 ,      103 ,      161 ,      109 ,      171 ,       40 ,       69 ,      114 ,      149 ,       12 ,       27 ,      129 ,       96 ,       38 ,       13 ,      157 ,      113 ,      164 ,       31 ,       60 ,       44 ,      118 ,      133 ,       78 ,       10 ,        4 ,        5 ,      153 ,      123 ,       32 ,       55 ,       63 ,       11 ,       54 ,      174 ,       71 ,      145 ,      194 ,       92 ,       37 ,      117 ,       89 ,       16 ,      140 ,       36 ,       84 ,      128 ,      147 ,       23 ,      119 ,       28 ,      166 ,      122 ,      115 ,       65 ,       77 ,       67 ,      144 ,        8 ,       75 ,       80 ,      183 ,        1 ,       50 ,       41 ,      120 ,      162 , 
     107 ,       49 ,       99 ,      100 ,      196 ,       76 ,        6 ,       30 ,       20 ,      108 ,        2 ,      156 ,       74 ,      102 ,      192 ,       45 ,      130 ,      112 ,      136 ,      197 ,       82 ,       98 ,      177 ,       93 ,      185 ,      150 ,      116 ,      191 ,       83 ,       33 ,      126 ,      193 ,      143 ,       86 ,       68 ,       66 ,      172 ,       57 ,        0 ,      178 ,       58 ,       88 ,       81 ,      189 ,       53 ,      190 ,       56 ,      195 ,       46 ,       18 ,      181 ,      134 ,       47 ,      158 ,       62 ,       25 ,      180 ,       90 ,      154 ,       35 ,      121 ,      148 ,       79 ,      124 ,       29 ,       14 ,      163 ,      139 ,      146 ,       95 ,      131 ,      135 ,      169 ,      165 ,      160 ,      167 ,       24 ,      187 ,      198 ,       15 ,       51 ,      111 ,      104 ,      182 ,      141 ,      101 ,       26 ,       22 ,      159 ,       42 ,       48 ,      188 ,       39 ,      137 ,        7 ,      179 ,      173 ,       70 ,       61 ,      199 ,      106 ,       64 ,       21 ,       43 ,      175 ,      168 ,       59 ,       85 ,      105 ,      132 ,      152 ,      184 ,        3 ,       94 ,      110 ,       91 ,      186 ,       52 ,       97 ,      142 ,       87 ,       72 ,        9 ,      127 ,       17 ,      155 ,      176 ,      151 ,      125 ,       34 ,       73 ,       19 ,      161 ,      170 ,      138 ,       69 ,      114 ,      103 ,      149 ,       27 ,      171 ,      129 ,       40 ,       12 ,       96 ,      109 ,       38 ,       13 ,      157 ,       44 ,      118 ,      113 ,       78 ,       31 ,      164 ,       60 ,        4 ,      153 ,      123 ,      133 ,        5 ,       10 ,       11 ,      174 ,       63 ,       55 ,       32 ,       54 ,       71 ,      145 ,      117 ,       16 ,       36 ,       92 ,      194 ,       37 ,       84 ,       89 ,      140 ,      128 ,      147 ,       23 ,      166 ,      115 ,      122 ,       28 ,      119 ,       65 ,       67 ,        8 ,       77 ,      144 ,      183 ,       75 ,       80 ,        1 ,      120 ,       50 ,       41 ,      162 , 
     107 ,       49 ,      196 ,       99 ,       76 ,      100 ,       20 ,        6 ,       74 ,      156 ,      108 ,       30 ,        2 ,      112 ,      102 ,      136 ,       45 ,      197 ,      192 ,      130 ,      177 ,      185 ,      150 ,       98 ,       82 ,      116 ,       83 ,       93 ,      193 ,      143 ,       33 ,      191 ,       68 ,      172 ,       57 ,      126 ,       66 ,       88 ,       86 ,       81 ,       53 ,      178 ,       58 ,      189 ,        0 ,       18 ,       46 ,      190 ,      181 ,       56 ,      195 ,      134 ,       25 ,      158 ,       47 ,      180 ,      121 ,      148 ,       79 ,       62 ,      154 ,       90 ,       35 ,       14 ,       29 ,      124 ,       95 ,      163 ,      139 ,      169 ,      146 ,      165 ,      135 ,      131 ,      167 ,      160 ,       15 ,       24 ,      111 ,      198 ,       51 ,      187 ,      104 ,       48 ,       42 ,       39 ,       22 ,      141 ,       26 ,      182 ,      101 ,      137 ,      179 ,      159 ,       61 ,       70 ,      199 ,      188 ,        7 ,      173 ,       64 ,      175 ,      106 ,       59 ,       21 ,      132 ,       43 ,      168 ,        3 ,       85 ,      152 ,      184 ,       94 ,      105 ,       97 ,      186 ,       52 ,      142 ,       91 ,       87 ,      127 ,      110 ,        9 ,       17 ,       72 ,      176 ,      151 ,       73 ,      161 ,      155 ,       19 ,      125 ,      170 ,      138 ,       69 ,       34 ,       27 ,      114 ,      103 ,       40 ,       96 ,      171 ,      149 ,       12 ,      129 ,       38 ,      157 ,       13 ,      109 ,       44 ,      118 ,       78 ,      113 ,      164 ,        4 ,       31 ,        5 ,      153 ,      123 ,       11 ,       60 ,       63 ,       10 ,      133 ,      174 ,       32 ,       54 ,       16 ,      145 ,       55 ,       71 ,       36 ,       84 ,      194 ,       37 ,      117 ,       89 ,       92 ,      147 ,      140 ,       23 ,      128 ,      115 ,      119 ,      166 ,        8 ,       28 ,      122 ,       65 ,       77 ,       67 ,      144 ,      183 ,       75 ,      120 ,       50 ,      162 ,       80 ,        1 ,       41 , 
     107 ,       49 ,       99 ,       76 ,      100 ,      196 ,       20 ,      156 ,        6 ,       74 ,      108 ,       30 ,      112 ,        2 ,       45 ,      136 ,      192 ,      102 ,      130 ,       98 ,      185 ,       82 ,      197 ,      150 ,      177 ,      143 ,      193 ,       93 ,       83 ,      116 ,       68 ,       33 ,       57 ,      172 ,       66 ,      126 ,      191 ,       88 ,       58 ,       81 ,       86 ,       53 ,        0 ,      178 ,       46 ,      181 ,      190 ,      195 ,      189 ,       18 ,       56 ,       47 ,      134 ,      158 ,       79 ,       25 ,      121 ,      154 ,      148 ,      180 ,       90 ,       62 ,       35 ,       95 ,      163 ,       14 ,      124 ,       29 ,      169 ,      131 ,      146 ,      167 ,      165 ,      139 ,       24 ,      160 ,       15 ,      135 ,      111 ,      198 ,      187 ,       51 ,      104 ,      141 ,       48 ,       42 ,      182 ,       22 ,      179 ,       26 ,       61 ,       39 ,      101 ,      159 ,      137 ,      199 ,      106 ,      175 ,      173 ,      188 ,       70 ,       64 ,        7 ,       43 ,       59 ,      132 ,       85 ,       21 ,      168 ,        3 ,      152 ,      105 ,       97 ,      186 ,      184 ,       94 ,      142 ,       91 ,      110 ,       52 ,        9 ,       17 ,       87 ,      127 ,      161 ,      176 ,       72 ,       19 ,      170 ,       73 ,      151 ,      125 ,       69 ,      155 ,      138 ,      103 ,       40 ,       27 ,       34 ,      114 ,       96 ,      149 ,      129 ,       12 ,      171 ,       44 ,      157 ,       38 ,      109 ,       78 ,        4 ,       13 ,      164 ,      118 ,      113 ,        5 ,       31 ,       10 ,       11 ,      123 ,      153 ,      174 ,       60 ,       63 ,      133 ,       16 ,       32 ,       36 ,       54 ,      145 ,       84 ,       71 ,       55 ,      117 ,       37 ,       89 ,      194 ,      140 ,      147 ,      128 ,       92 ,      166 ,      115 ,      119 ,       23 ,       65 ,       67 ,        8 ,      122 ,       28 ,       77 ,      144 ,       75 ,      120 ,       50 ,      162 ,      183 ,       80 ,        1 ,       41 , 
      49 ,      107 ,      100 ,       20 ,       99 ,       76 ,      196 ,      108 ,       74 ,      156 ,        6 ,       30 ,      192 ,        2 ,      112 ,       45 ,      130 ,      136 ,      185 ,      102 ,      197 ,      150 ,       98 ,      177 ,       82 ,      143 ,      193 ,       93 ,       68 ,       33 ,      116 ,       83 ,       57 ,       66 ,      172 ,      191 ,       81 ,       88 ,      126 ,      178 ,       58 ,      181 ,       46 ,      195 ,       86 ,       53 ,       56 ,        0 ,      134 ,       47 ,      121 ,      190 ,      189 ,       25 ,       18 ,      154 ,       79 ,      158 ,      148 ,       62 ,       90 ,       35 ,      180 ,       95 ,       29 ,       14 ,      163 ,      124 ,      169 ,      165 ,      146 ,      131 ,       24 ,      139 ,      167 ,      135 ,      160 ,      198 ,       51 ,       15 ,      111 ,      104 ,      187 ,       48 ,      141 ,      182 ,      179 ,       61 ,       42 ,      101 ,      159 ,       22 ,      199 ,       39 ,      137 ,       26 ,      106 ,      175 ,        7 ,       70 ,       85 ,       43 ,      173 ,       64 ,      188 ,       21 ,      132 ,       59 ,      168 ,      105 ,       97 ,        3 ,      152 ,       94 ,       91 ,      142 ,       52 ,      110 ,      186 ,      184 ,      161 ,      176 ,        9 ,       17 ,       87 ,      170 ,      127 ,       73 ,       19 ,       72 ,      125 ,      151 ,      155 ,       27 ,      138 ,      114 ,       96 ,       69 ,       40 ,       34 ,      103 ,       12 ,      157 ,      129 ,      149 ,       44 ,      109 ,      171 ,       78 ,      164 ,       38 ,        4 ,        5 ,      113 ,       13 ,       10 ,      123 ,      118 ,      153 ,       31 ,       11 ,       16 ,      174 ,       60 ,       32 ,       36 ,      145 ,      133 ,       63 ,       84 ,       54 ,       71 ,      117 ,       55 ,       89 ,       37 ,      140 ,      194 ,       92 ,      128 ,      147 ,      119 ,       23 ,      166 ,       65 ,       28 ,      122 ,        8 ,      115 ,       75 ,       77 ,       67 ,      120 ,      144 ,       50 ,       80 ,      162 ,        1 ,      183 ,       41 , 
