460 , 150 , 10 , 10607 , IG
     144 ,       49 ,       39 ,       70 ,      115 ,      124 ,       74 ,       84 ,       88 ,        1 ,      125 ,       71 ,       50 ,       63 ,      104 ,       13 ,       20 ,       58 ,       14 ,       43 ,        7 ,       52 ,        2 ,      123 ,      142 ,      147 ,       93 ,       91 ,      146 ,       98 ,       53 ,      141 ,       46 ,      108 ,      121 ,      117 ,       94 ,       75 ,       95 ,      120 ,       57 ,      139 ,        6 ,       99 ,      119 ,       96 ,       69 ,      133 ,      109 ,        0 ,       87 ,       29 ,       36 ,       44 ,      135 ,       48 ,       40 ,       78 ,       61 ,       11 ,       90 ,       85 ,        4 ,      128 ,       28 ,       83 ,      113 ,      138 ,       51 ,      134 ,       15 ,      100 ,       12 ,       56 ,        9 ,       73 ,       19 ,       21 ,       34 ,       26 ,      107 ,      148 ,       25 ,      106 ,       62 ,        8 ,       66 ,      145 ,       30 ,      114 ,       82 ,       86 ,      126 ,       97 ,      136 ,      143 ,      122 ,       92 ,       54 ,       17 ,      111 ,       31 ,       81 ,      132 ,      110 ,        5 ,       64 ,       24 ,       35 ,       32 ,       18 ,      112 ,       33 ,      105 ,       10 ,      101 ,       42 ,       77 ,      140 ,       22 ,       45 ,       59 ,       38 ,      118 ,       23 ,      129 ,      127 ,       89 ,       80 ,       60 ,      103 ,        3 ,       67 ,      102 ,      131 ,       16 ,       41 ,       72 ,       27 ,       47 ,       37 ,       79 ,       65 ,      130 ,       76 ,      116 ,      149 ,       68 ,      137 ,       55 , 
      49 ,       70 ,      124 ,       84 ,      144 ,        1 ,       74 ,       39 ,      125 ,      115 ,       88 ,       13 ,       63 ,       50 ,      104 ,       58 ,       71 ,       14 ,        7 ,       20 ,      142 ,       52 ,       93 ,       43 ,      123 ,        2 ,      147 ,       91 ,      146 ,      141 ,       98 ,       53 ,       46 ,       94 ,      108 ,       95 ,      121 ,      117 ,       75 ,      120 ,      139 ,       99 ,       69 ,      119 ,        6 ,       57 ,        0 ,       29 ,       36 ,       87 ,      109 ,      135 ,       96 ,       44 ,      133 ,       40 ,       61 ,       78 ,       48 ,        4 ,       11 ,       83 ,       90 ,      128 ,       85 ,       28 ,      134 ,       51 ,      138 ,      113 ,       12 ,      100 ,       56 ,       15 ,        9 ,       34 ,      107 ,       19 ,       73 ,       21 ,      148 ,       26 ,       66 ,       62 ,        8 ,       25 ,      106 ,       30 ,      145 ,      114 ,       82 ,      126 ,      136 ,       86 ,       97 ,      143 ,       54 ,       31 ,      122 ,      111 ,       92 ,      110 ,       17 ,       81 ,        5 ,       64 ,      132 ,       24 ,       33 ,       35 ,       10 ,       18 ,       32 ,      112 ,       77 ,      105 ,      101 ,      140 ,       42 ,      118 ,       45 ,       38 ,       22 ,      127 ,       59 ,       89 ,       23 ,       60 ,       67 ,      129 ,      102 ,       80 ,       16 ,      131 ,      103 ,        3 ,       37 ,       47 ,       27 ,       41 ,       72 ,       79 ,      130 ,       68 ,      149 ,       65 ,      137 ,      116 ,       76 ,       55 , 
     144 ,      124 ,       70 ,       74 ,       49 ,       84 ,      125 ,       88 ,        1 ,       39 ,      115 ,       13 ,       50 ,       58 ,       71 ,       63 ,      104 ,       20 ,       52 ,       14 ,        7 ,        2 ,      142 ,      123 ,       43 ,       93 ,       91 ,      141 ,      146 ,      147 ,       53 ,       94 ,       95 ,      121 ,       98 ,       75 ,      117 ,       99 ,      120 ,       46 ,      108 ,        6 ,       69 ,      135 ,       57 ,        0 ,      119 ,       29 ,      139 ,       36 ,       87 ,       44 ,      109 ,      133 ,       48 ,       78 ,        4 ,       96 ,       83 ,       61 ,       11 ,      128 ,       40 ,       85 ,       90 ,       28 ,       51 ,      134 ,      138 ,       15 ,      100 ,      113 ,        9 ,       12 ,       56 ,       34 ,       19 ,       21 ,      148 ,       66 ,      107 ,        8 ,       73 ,       26 ,       62 ,      106 ,       25 ,      114 ,      145 ,      136 ,       30 ,      126 ,       82 ,      143 ,       97 ,       54 ,       86 ,       92 ,       17 ,      111 ,      122 ,       31 ,      110 ,        5 ,       81 ,       64 ,       24 ,      132 ,       35 ,       18 ,      112 ,       10 ,       33 ,       32 ,      140 ,      105 ,      101 ,       77 ,      118 ,       42 ,       38 ,       59 ,       45 ,       23 ,       89 ,       67 ,      127 ,       80 ,       22 ,      102 ,      131 ,       60 ,      103 ,        3 ,      129 ,       41 ,       47 ,       79 ,      130 ,       16 ,       37 ,      149 ,       72 ,      116 ,       27 ,       65 ,       68 ,       76 ,      137 ,       55 , 
     144 ,       74 ,       49 ,      124 ,      125 ,       88 ,       70 ,       84 ,        1 ,       39 ,       50 ,      115 ,       13 ,       71 ,       63 ,       58 ,      104 ,       52 ,       20 ,      123 ,      142 ,       14 ,       43 ,        2 ,        7 ,       91 ,       93 ,      147 ,      141 ,      146 ,       95 ,       53 ,      121 ,       94 ,       98 ,       75 ,      117 ,       99 ,       46 ,      120 ,        6 ,        0 ,       69 ,      108 ,      135 ,      139 ,      119 ,       44 ,       57 ,       36 ,       29 ,      133 ,       48 ,       87 ,       96 ,      109 ,       78 ,      128 ,       61 ,        4 ,       90 ,       83 ,       85 ,       11 ,       40 ,       28 ,      134 ,      138 ,        9 ,       51 ,       15 ,       12 ,       19 ,      100 ,      113 ,       21 ,       56 ,      107 ,        8 ,       34 ,      148 ,       73 ,       66 ,      106 ,       26 ,       62 ,      145 ,       25 ,      114 ,      143 ,      126 ,       97 ,       86 ,       30 ,      136 ,       54 ,       82 ,       92 ,      110 ,        5 ,       17 ,      111 ,       64 ,       24 ,      122 ,       18 ,      112 ,       31 ,       81 ,       33 ,       32 ,      132 ,       10 ,       35 ,      140 ,      105 ,       42 ,      118 ,       77 ,      101 ,       59 ,       38 ,       89 ,      127 ,       45 ,       80 ,       23 ,       67 ,       60 ,      102 ,       22 ,        3 ,      103 ,       47 ,       79 ,      131 ,      129 ,       41 ,       16 ,      130 ,      149 ,       65 ,       68 ,       72 ,       27 ,       37 ,       76 ,       55 ,      116 ,      137 , 
      49 ,      144 ,       74 ,      124 ,       88 ,      125 ,        1 ,      115 ,       39 ,       50 ,       70 ,       84 ,      104 ,       58 ,       63 ,       13 ,       71 ,      123 ,       52 ,       43 ,       14 ,      142 ,        2 ,       91 ,       20 ,      147 ,        7 ,      141 ,       93 ,      146 ,       98 ,       94 ,      121 ,       53 ,       95 ,      117 ,       75 ,       99 ,       46 ,      120 ,      108 ,       69 ,      135 ,      119 ,        0 ,       44 ,       36 ,        6 ,      139 ,      133 ,       48 ,       57 ,       29 ,      109 ,      128 ,       96 ,       87 ,        4 ,       90 ,       85 ,       78 ,       61 ,       83 ,       11 ,       28 ,        9 ,      134 ,       40 ,      138 ,       15 ,       19 ,       12 ,      113 ,       51 ,      100 ,       56 ,      148 ,       21 ,      107 ,        8 ,       66 ,       73 ,       34 ,       62 ,      106 ,       25 ,      143 ,      114 ,       26 ,      145 ,       30 ,      126 ,       86 ,       97 ,       54 ,        5 ,       92 ,      136 ,       82 ,      111 ,      110 ,       18 ,       24 ,       17 ,       81 ,       64 ,       33 ,       32 ,      122 ,      112 ,       31 ,       35 ,       10 ,      132 ,      140 ,      101 ,       42 ,       77 ,      118 ,      127 ,       89 ,       59 ,       23 ,       38 ,      105 ,       60 ,       80 ,       67 ,       45 ,       47 ,       79 ,        3 ,       22 ,      131 ,      103 ,      129 ,      102 ,      149 ,      130 ,       41 ,       16 ,       68 ,       76 ,       72 ,       27 ,       37 ,       65 ,      116 ,       55 ,      137 , 
      49 ,      144 ,        1 ,       74 ,       88 ,      124 ,      125 ,      115 ,       84 ,       39 ,       70 ,       50 ,      104 ,       58 ,       63 ,      123 ,       13 ,       71 ,       52 ,       43 ,       14 ,       91 ,        2 ,      147 ,      142 ,      141 ,       20 ,        7 ,       98 ,       93 ,      146 ,       94 ,      121 ,       95 ,       53 ,       99 ,      117 ,       75 ,       69 ,       46 ,      120 ,       44 ,      108 ,      135 ,        0 ,        6 ,      119 ,       57 ,      139 ,       36 ,      133 ,       48 ,       87 ,       96 ,        4 ,       29 ,      109 ,      128 ,       78 ,       85 ,       90 ,       61 ,       11 ,       83 ,      138 ,      134 ,       40 ,       28 ,        9 ,       15 ,       12 ,       51 ,      100 ,      113 ,       19 ,      148 ,      107 ,       56 ,       21 ,       34 ,       66 ,        8 ,       73 ,       25 ,      106 ,       62 ,      143 ,      114 ,       26 ,      145 ,       30 ,       54 ,       92 ,      126 ,       97 ,       86 ,       82 ,        5 ,      110 ,       18 ,      111 ,      136 ,       24 ,       33 ,       64 ,       32 ,      112 ,       17 ,       81 ,      122 ,      132 ,       31 ,       35 ,       10 ,       42 ,      101 ,      140 ,       59 ,       23 ,      127 ,       77 ,      118 ,       89 ,      105 ,       45 ,       80 ,       67 ,       38 ,       60 ,       79 ,        3 ,       47 ,      102 ,      103 ,      130 ,       22 ,       16 ,      129 ,       41 ,      149 ,       72 ,      131 ,       68 ,      116 ,       27 ,       55 ,       65 ,       37 ,       76 ,      137 , 
     144 ,       49 ,        1 ,       74 ,      115 ,       88 ,      125 ,      124 ,       50 ,       84 ,       39 ,       70 ,      104 ,       13 ,       63 ,       58 ,       52 ,       14 ,       71 ,      123 ,       43 ,        2 ,      142 ,       91 ,      147 ,      141 ,       93 ,       94 ,        7 ,       20 ,      146 ,       98 ,      121 ,      117 ,       53 ,       99 ,       95 ,       46 ,       69 ,       75 ,      120 ,       44 ,      108 ,        0 ,      135 ,      139 ,        6 ,       57 ,       48 ,      119 ,       96 ,        4 ,       87 ,       36 ,      128 ,      133 ,      109 ,       90 ,       29 ,       61 ,       85 ,       78 ,       11 ,       83 ,      134 ,      138 ,       28 ,       12 ,       40 ,       15 ,        9 ,      100 ,       51 ,      107 ,      113 ,       19 ,       34 ,        8 ,       56 ,       73 ,      148 ,       66 ,      106 ,       21 ,      114 ,      143 ,       62 ,       25 ,       26 ,      145 ,      126 ,       30 ,       54 ,       97 ,       82 ,        5 ,       86 ,       18 ,       92 ,       24 ,      111 ,       64 ,      110 ,       33 ,      112 ,      136 ,       32 ,      132 ,       81 ,       17 ,       35 ,      101 ,       31 ,       42 ,      122 ,      140 ,       10 ,       23 ,      127 ,      105 ,       59 ,      118 ,       89 ,       77 ,       80 ,       45 ,       60 ,        3 ,       67 ,       47 ,       79 ,       38 ,      102 ,      130 ,      103 ,       22 ,       16 ,      149 ,       68 ,      129 ,       72 ,      131 ,       41 ,       27 ,       55 ,       76 ,       65 ,       37 ,      137 ,      116 , 
     144 ,       49 ,       74 ,        1 ,      115 ,      124 ,      125 ,       88 ,       84 ,       50 ,      104 ,       70 ,       63 ,       58 ,       13 ,       39 ,       71 ,       52 ,       14 ,      123 ,       43 ,        2 ,      142 ,       91 ,        7 ,      141 ,      147 ,       98 ,       20 ,       93 ,       94 ,      121 ,       95 ,      117 ,      146 ,       53 ,      120 ,       75 ,       99 ,       46 ,       69 ,        0 ,       44 ,      135 ,      108 ,      139 ,        6 ,      119 ,       57 ,        4 ,       48 ,       96 ,      109 ,      133 ,       29 ,      128 ,       90 ,       36 ,       83 ,       11 ,       87 ,       85 ,       78 ,      134 ,       61 ,       40 ,       28 ,       15 ,       12 ,      100 ,      138 ,       51 ,        9 ,       19 ,      113 ,        8 ,      107 ,      148 ,       34 ,       66 ,       56 ,       73 ,      106 ,      143 ,      114 ,       25 ,       62 ,       21 ,      126 ,       26 ,       54 ,       30 ,       86 ,       97 ,      145 ,       24 ,       92 ,        5 ,       82 ,      111 ,       18 ,      110 ,      112 ,       33 ,       64 ,      132 ,       17 ,      136 ,       81 ,       32 ,      101 ,       35 ,       31 ,      140 ,      127 ,       10 ,       23 ,       42 ,      122 ,       89 ,       77 ,       59 ,       60 ,      105 ,       80 ,      118 ,        3 ,       45 ,       67 ,       47 ,      130 ,      103 ,       79 ,       38 ,      149 ,       16 ,      102 ,      129 ,       22 ,       41 ,      131 ,       68 ,       76 ,       65 ,       72 ,       37 ,       55 ,       27 ,      137 ,      116 , 
     144 ,       49 ,       74 ,        1 ,      115 ,      125 ,      124 ,       88 ,       50 ,       84 ,       13 ,      104 ,       70 ,       63 ,       39 ,       58 ,       14 ,       71 ,       52 ,       43 ,       91 ,      123 ,      142 ,        2 ,      141 ,       20 ,        7 ,       93 ,      147 ,       94 ,      121 ,       98 ,      117 ,       53 ,       95 ,      146 ,      120 ,       99 ,       75 ,       46 ,        0 ,       69 ,      135 ,      108 ,       44 ,        4 ,        6 ,      139 ,       48 ,      119 ,       57 ,       29 ,       96 ,      128 ,       90 ,      133 ,      109 ,       36 ,       11 ,       83 ,       85 ,      134 ,       78 ,       87 ,       15 ,       61 ,      138 ,       28 ,      100 ,        8 ,      113 ,       40 ,       51 ,       12 ,      148 ,      107 ,       34 ,       19 ,       73 ,       56 ,        9 ,       25 ,      106 ,       62 ,      143 ,       66 ,      114 ,      126 ,       26 ,       54 ,       21 ,       30 ,      145 ,       97 ,       24 ,       92 ,       86 ,       82 ,       18 ,      112 ,        5 ,      111 ,      110 ,       33 ,       64 ,       17 ,       81 ,      101 ,      132 ,       32 ,      136 ,      127 ,       23 ,       10 ,       35 ,       31 ,      140 ,       59 ,       42 ,      122 ,       89 ,      105 ,       77 ,       60 ,        3 ,       80 ,      118 ,       45 ,       47 ,       79 ,       38 ,       67 ,      130 ,      103 ,       41 ,      129 ,       22 ,      149 ,      131 ,       16 ,      102 ,       27 ,       37 ,       72 ,      137 ,       76 ,       65 ,       68 ,       55 ,      116 , 
       1 ,       49 ,      144 ,       74 ,      125 ,      115 ,      124 ,       88 ,       84 ,       50 ,       13 ,       63 ,      104 ,       70 ,       71 ,       43 ,       58 ,       14 ,       39 ,       52 ,       91 ,      123 ,       20 ,        7 ,      142 ,       94 ,        2 ,      141 ,       98 ,      117 ,      147 ,       95 ,       93 ,       53 ,      121 ,       99 ,      120 ,      146 ,        0 ,       75 ,       46 ,       44 ,      135 ,       69 ,      108 ,        4 ,       48 ,       57 ,        6 ,      119 ,       90 ,      139 ,       96 ,      133 ,      128 ,       29 ,      109 ,       36 ,       11 ,      134 ,       87 ,       83 ,       85 ,       78 ,      100 ,      138 ,      113 ,       15 ,       61 ,       28 ,       51 ,        8 ,       34 ,      148 ,       12 ,       56 ,       40 ,       73 ,       25 ,       19 ,      107 ,        9 ,      106 ,       62 ,      126 ,      143 ,      114 ,       26 ,       21 ,       66 ,      145 ,       92 ,       30 ,       54 ,       82 ,       24 ,      112 ,        5 ,       86 ,      111 ,       18 ,       97 ,       33 ,       64 ,      110 ,      101 ,       81 ,       17 ,       32 ,       23 ,      132 ,      136 ,       31 ,       10 ,      127 ,       59 ,       35 ,       89 ,      140 ,       42 ,      122 ,      118 ,        3 ,      105 ,       60 ,       77 ,       80 ,       45 ,       47 ,       67 ,       38 ,       79 ,       41 ,      103 ,      130 ,       22 ,      129 ,      149 ,       27 ,      131 ,       16 ,       72 ,      102 ,       76 ,       65 ,       37 ,       68 ,      137 ,       55 ,      116 , 
