816 , 200 , 10 , 84583 , ILS
      90 ,       58 ,      119 ,      140 ,       27 ,      192 ,      154 ,       14 ,       38 ,      162 ,      180 ,      146 ,        7 ,       12 ,      141 ,       22 ,       98 ,       79 ,      169 ,      132 ,       55 ,       91 ,       83 ,       86 ,       68 ,      181 ,       61 ,      151 ,      170 ,      128 ,       26 ,       73 ,        8 ,       24 ,       21 ,       66 ,       94 ,        5 ,      178 ,       89 ,      186 ,      159 ,      112 ,       33 ,       18 ,       43 ,      118 ,       62 ,      174 ,      148 ,      110 ,      127 ,       57 ,       67 ,       49 ,       88 ,       56 ,      197 ,      157 ,        6 ,       34 ,      126 ,      193 ,      115 ,      130 ,      111 ,      113 ,      183 ,      137 ,      156 ,       97 ,      194 ,       70 ,       15 ,      105 ,      131 ,      102 ,      155 ,       63 ,      167 ,      103 ,      187 ,       48 ,      124 ,       72 ,       10 ,        0 ,      121 ,      106 ,       92 ,       69 ,      120 ,      179 ,        4 ,      122 ,       31 ,      163 ,      147 ,       52 ,      182 ,      144 ,       50 ,       87 ,       96 ,       46 ,      160 ,      129 ,      189 ,      134 ,      108 ,      152 ,      175 ,       71 ,       36 ,      136 ,       37 ,      139 ,      195 ,       13 ,      191 ,      149 ,       40 ,      196 ,       39 ,      114 ,       82 ,       17 ,      150 ,       85 ,      198 ,      188 ,      104 ,       42 ,      107 ,      138 ,      123 ,      100 ,       76 ,       20 ,       19 ,       32 ,      125 ,      158 ,        2 ,      165 ,      143 ,      153 ,       54 ,       11 ,      185 ,       77 ,      117 ,       75 ,       41 ,       80 ,       78 ,      173 ,      109 ,      142 ,       64 ,       53 ,       95 ,       25 ,      133 ,       84 ,       28 ,      161 ,      184 ,       74 ,      190 ,      199 ,      116 ,       30 ,      177 ,       93 ,        3 ,       47 ,      135 ,      164 ,       35 ,      171 ,      168 ,       45 ,      145 ,       29 ,        9 ,       65 ,       16 ,       44 ,      166 ,       59 ,      172 ,      176 ,        1 ,       51 ,       60 ,       99 ,       23 ,      101 ,       81 , 
      58 ,      192 ,      119 ,       90 ,      140 ,      162 ,       27 ,      154 ,       14 ,       38 ,        7 ,      180 ,      141 ,      146 ,      169 ,       79 ,       12 ,       98 ,       91 ,       22 ,       83 ,       55 ,      132 ,       61 ,      170 ,       86 ,      181 ,       73 ,       68 ,      151 ,      128 ,        8 ,       21 ,        5 ,       26 ,       24 ,       66 ,       94 ,      178 ,      186 ,      159 ,       43 ,       89 ,       18 ,      112 ,       33 ,      118 ,       62 ,      174 ,       67 ,       49 ,      110 ,       57 ,      127 ,       88 ,      157 ,      197 ,      148 ,       56 ,       34 ,        6 ,      115 ,      130 ,      113 ,      126 ,      183 ,      193 ,      156 ,       70 ,      137 ,      111 ,       97 ,      194 ,      105 ,      102 ,       15 ,      131 ,      155 ,      103 ,      167 ,       63 ,       48 ,       10 ,        0 ,      187 ,       72 ,      120 ,      124 ,      121 ,      106 ,        4 ,       69 ,       92 ,      163 ,       31 ,      122 ,      179 ,       50 ,      144 ,      147 ,      182 ,       52 ,      160 ,       96 ,       87 ,      189 ,       46 ,      129 ,       71 ,      134 ,      108 ,       36 ,      175 ,      152 ,      139 ,       37 ,      136 ,      195 ,      196 ,       82 ,       13 ,      114 ,      191 ,      149 ,       85 ,      198 ,      123 ,      150 ,       39 ,       42 ,      188 ,       40 ,      100 ,      104 ,       17 ,      107 ,      138 ,      125 ,      158 ,       20 ,       19 ,       76 ,        2 ,      153 ,       32 ,      165 ,       11 ,      143 ,      185 ,       75 ,       78 ,       54 ,       41 ,      142 ,       77 ,       80 ,       64 ,      117 ,      173 ,      109 ,       95 ,       84 ,       53 ,      161 ,       74 ,      133 ,       25 ,      184 ,      190 ,      116 ,       28 ,      199 ,      177 ,      135 ,       93 ,       30 ,       35 ,       47 ,        3 ,      171 ,       45 ,      168 ,       29 ,      164 ,       65 ,        9 ,       16 ,       59 ,       44 ,      166 ,      172 ,       60 ,      145 ,        1 ,       51 ,       23 ,      101 ,      176 ,       99 ,       81 , 
     192 ,       58 ,      162 ,       90 ,      119 ,      140 ,      154 ,       27 ,        7 ,       38 ,      141 ,       14 ,      169 ,      180 ,       79 ,      146 ,       98 ,       55 ,       12 ,       22 ,       83 ,      170 ,       61 ,      181 ,       91 ,       86 ,      132 ,       73 ,      128 ,       68 ,        8 ,      151 ,       21 ,       94 ,        5 ,       26 ,       66 ,      186 ,       24 ,      178 ,      112 ,       89 ,       43 ,      159 ,      118 ,       18 ,       33 ,       62 ,       67 ,       57 ,       49 ,      157 ,      174 ,      110 ,       88 ,      197 ,      148 ,        6 ,      130 ,      127 ,      115 ,       34 ,       56 ,      126 ,      156 ,      113 ,      183 ,      193 ,       70 ,      194 ,      102 ,       97 ,      111 ,      137 ,      105 ,      155 ,       15 ,      103 ,      131 ,       63 ,      167 ,       72 ,       48 ,        0 ,       10 ,      187 ,      121 ,       69 ,      120 ,        4 ,       92 ,      122 ,      124 ,      106 ,       31 ,      179 ,      163 ,      144 ,      160 ,       50 ,       52 ,      182 ,      147 ,       96 ,       46 ,       87 ,      189 ,      129 ,       71 ,       36 ,      139 ,      152 ,      134 ,      108 ,      196 ,      175 ,      195 ,       37 ,       13 ,      114 ,      136 ,      149 ,       82 ,      123 ,      191 ,       39 ,       42 ,      198 ,       85 ,      100 ,      150 ,      107 ,      188 ,      104 ,      138 ,      158 ,       40 ,      125 ,       17 ,       19 ,       76 ,        2 ,      153 ,       20 ,      185 ,      165 ,       32 ,       11 ,      143 ,       54 ,       78 ,       41 ,       75 ,      142 ,       77 ,       64 ,       95 ,       80 ,      109 ,      117 ,      173 ,       84 ,       74 ,      184 ,      161 ,       53 ,      133 ,       25 ,      177 ,      116 ,       93 ,       28 ,      190 ,       47 ,      135 ,       30 ,      199 ,        3 ,       35 ,      168 ,      171 ,       65 ,      164 ,       45 ,       16 ,       29 ,      166 ,        9 ,       44 ,       59 ,      145 ,       60 ,      172 ,        1 ,       51 ,      176 ,       81 ,      101 ,       23 ,       99 , 
     192 ,       58 ,      162 ,      119 ,       90 ,      154 ,        7 ,      140 ,       38 ,      169 ,       27 ,       14 ,      141 ,       79 ,      180 ,      146 ,       98 ,       22 ,       61 ,       83 ,       55 ,      170 ,      181 ,       86 ,      132 ,       12 ,       91 ,       68 ,       73 ,        8 ,       94 ,      128 ,        5 ,       21 ,       66 ,      178 ,      151 ,      186 ,       24 ,       26 ,      159 ,       43 ,      112 ,      118 ,       18 ,       89 ,       62 ,       33 ,       49 ,      157 ,       67 ,       57 ,      174 ,      110 ,      130 ,      197 ,      115 ,       88 ,       56 ,      148 ,        6 ,       34 ,      113 ,      127 ,       70 ,      183 ,      193 ,      156 ,      111 ,      126 ,       97 ,      155 ,      105 ,      194 ,      102 ,      103 ,      137 ,      167 ,       72 ,       15 ,      131 ,       48 ,       63 ,       10 ,      121 ,        0 ,      120 ,       69 ,        4 ,      187 ,      124 ,       92 ,      122 ,      106 ,      179 ,       31 ,       52 ,       50 ,      160 ,      182 ,       96 ,      163 ,      144 ,       46 ,      147 ,      189 ,       36 ,      129 ,       87 ,      152 ,      108 ,       71 ,      139 ,       37 ,       13 ,      196 ,      134 ,      195 ,      114 ,      175 ,      123 ,       82 ,      136 ,      191 ,      149 ,      198 ,       42 ,      150 ,      100 ,       39 ,       85 ,      107 ,      138 ,      158 ,      188 ,      104 ,       19 ,       17 ,      125 ,       20 ,      153 ,       40 ,       76 ,       11 ,      143 ,      165 ,       54 ,        2 ,       32 ,      185 ,       41 ,       78 ,      142 ,       77 ,       75 ,       80 ,       64 ,       84 ,       95 ,      109 ,      184 ,       74 ,      117 ,      173 ,      133 ,      161 ,      177 ,       25 ,       53 ,      116 ,       93 ,      190 ,      199 ,       28 ,       30 ,      135 ,      168 ,      171 ,       65 ,        3 ,       47 ,       35 ,      166 ,       29 ,      164 ,       45 ,        9 ,       16 ,       60 ,       59 ,       44 ,      145 ,       51 ,      176 ,      172 ,       99 ,       81 ,        1 ,       23 ,      101 , 
     192 ,       90 ,      119 ,       58 ,      162 ,      154 ,      140 ,      169 ,        7 ,      141 ,       38 ,       27 ,       14 ,      180 ,      146 ,       61 ,       98 ,       22 ,       79 ,      170 ,       55 ,       83 ,       12 ,      181 ,       86 ,      132 ,       91 ,      128 ,        8 ,       73 ,        5 ,       94 ,       68 ,      178 ,      186 ,       66 ,      151 ,       21 ,       26 ,       24 ,       43 ,      159 ,      112 ,       62 ,       18 ,       89 ,      118 ,       33 ,       67 ,      157 ,      130 ,      110 ,      174 ,       49 ,       88 ,       57 ,      148 ,       56 ,      197 ,      115 ,      113 ,        6 ,       70 ,       34 ,      111 ,      126 ,      156 ,      127 ,       97 ,      193 ,      183 ,      155 ,      194 ,      105 ,      102 ,      103 ,       72 ,       15 ,      167 ,      137 ,      131 ,       10 ,        0 ,       48 ,      120 ,       63 ,      124 ,      121 ,       69 ,       92 ,      122 ,      106 ,        4 ,      179 ,      187 ,      182 ,       52 ,       50 ,      160 ,       31 ,      163 ,      144 ,       96 ,      129 ,      189 ,       46 ,       36 ,      147 ,      139 ,      108 ,       13 ,       71 ,      196 ,       87 ,      152 ,      175 ,      195 ,      134 ,       37 ,      191 ,      114 ,      149 ,      123 ,      136 ,      150 ,       82 ,      100 ,       42 ,      198 ,      158 ,      188 ,       39 ,       85 ,       19 ,      125 ,      107 ,      138 ,       17 ,      153 ,       20 ,      104 ,       11 ,      143 ,       40 ,       76 ,       54 ,      165 ,        2 ,       32 ,      185 ,      142 ,       80 ,       77 ,       78 ,       41 ,       75 ,       64 ,       84 ,      117 ,      109 ,       95 ,      184 ,      177 ,       25 ,       53 ,      173 ,       74 ,      161 ,      116 ,       28 ,      133 ,       93 ,      190 ,      135 ,      199 ,       30 ,      171 ,       35 ,      168 ,       65 ,        3 ,       47 ,      166 ,      164 ,       16 ,       45 ,       60 ,       29 ,       59 ,       51 ,        9 ,      172 ,       99 ,       44 ,      145 ,        1 ,      176 ,       81 ,      101 ,       23 , 
      90 ,      192 ,       58 ,      119 ,      140 ,      162 ,      141 ,      154 ,      169 ,       27 ,        7 ,       38 ,       14 ,      146 ,       61 ,      180 ,       22 ,       83 ,       12 ,      181 ,       79 ,       98 ,       55 ,      170 ,      128 ,       86 ,       73 ,        8 ,      132 ,       91 ,       68 ,        5 ,      186 ,      151 ,       26 ,       94 ,       21 ,       43 ,      178 ,       66 ,       24 ,      159 ,       89 ,      112 ,       62 ,      157 ,       18 ,      118 ,       33 ,      130 ,       67 ,      174 ,       88 ,      148 ,       57 ,      110 ,      115 ,      197 ,       56 ,       49 ,      113 ,        6 ,      156 ,       70 ,      111 ,       97 ,      126 ,       34 ,      155 ,      183 ,      127 ,      193 ,      103 ,      102 ,      105 ,       72 ,      194 ,       15 ,      137 ,      167 ,       10 ,       63 ,       48 ,        0 ,      131 ,      120 ,       92 ,      124 ,      121 ,      106 ,       69 ,      122 ,      179 ,       52 ,        4 ,      187 ,       50 ,      182 ,       31 ,      160 ,      163 ,       96 ,      129 ,      144 ,       46 ,      139 ,       36 ,      189 ,      147 ,      108 ,      196 ,       87 ,       13 ,      175 ,      195 ,      134 ,       71 ,      152 ,      149 ,       37 ,      191 ,      150 ,      114 ,      123 ,       82 ,      136 ,      100 ,       42 ,      158 ,       19 ,      198 ,      188 ,       39 ,      138 ,       17 ,       85 ,       20 ,       11 ,      153 ,      125 ,       40 ,       76 ,      107 ,      104 ,        2 ,      143 ,      165 ,       32 ,       54 ,      185 ,       78 ,       77 ,       75 ,      142 ,       80 ,       64 ,       84 ,      117 ,       41 ,       95 ,      184 ,      177 ,       25 ,       53 ,      173 ,      109 ,       28 ,       93 ,      116 ,       74 ,      161 ,      190 ,      171 ,      133 ,      168 ,       30 ,      135 ,      199 ,       35 ,      166 ,        3 ,       65 ,      164 ,       29 ,       45 ,       59 ,       47 ,        9 ,       51 ,       60 ,       16 ,       44 ,       99 ,      176 ,      172 ,       23 ,        1 ,       81 ,      101 ,      145 , 
      90 ,      192 ,       58 ,      141 ,      162 ,      140 ,        7 ,      119 ,       38 ,      154 ,      169 ,       61 ,       27 ,       83 ,       14 ,      181 ,      146 ,       12 ,       22 ,      180 ,       98 ,       79 ,      170 ,       55 ,      128 ,       86 ,       91 ,       73 ,      132 ,      186 ,      151 ,       26 ,       68 ,        8 ,        5 ,       21 ,       43 ,       66 ,       94 ,      178 ,      159 ,      112 ,       24 ,       62 ,       33 ,       89 ,      157 ,      130 ,       67 ,      174 ,       18 ,      118 ,       57 ,       88 ,      148 ,      115 ,      110 ,      113 ,       49 ,      197 ,       56 ,      156 ,      126 ,      111 ,        6 ,      155 ,       70 ,       97 ,      103 ,       34 ,      127 ,      193 ,      105 ,       72 ,      102 ,      183 ,       15 ,      194 ,       10 ,        0 ,      137 ,      167 ,       48 ,       63 ,      131 ,      124 ,      120 ,       92 ,      122 ,       69 ,       52 ,      106 ,      121 ,        4 ,      187 ,       50 ,      179 ,       31 ,      129 ,      182 ,       96 ,      160 ,      139 ,      144 ,      189 ,      163 ,       46 ,       36 ,      147 ,      175 ,       13 ,      108 ,      195 ,      196 ,       87 ,       71 ,       37 ,      152 ,      149 ,      150 ,      123 ,      136 ,      134 ,      191 ,       82 ,       42 ,      114 ,       19 ,      188 ,      100 ,       39 ,      198 ,      158 ,       11 ,      153 ,      125 ,       85 ,      138 ,       17 ,       20 ,        2 ,      104 ,       40 ,      143 ,       76 ,      185 ,       54 ,      107 ,       77 ,       78 ,      165 ,      142 ,       32 ,       80 ,      117 ,       41 ,       75 ,       64 ,       95 ,       84 ,      173 ,      109 ,       53 ,       25 ,      184 ,      177 ,      116 ,      190 ,       93 ,       28 ,      171 ,      161 ,       74 ,      133 ,      135 ,      168 ,       30 ,        3 ,      166 ,      199 ,       65 ,       35 ,       47 ,       59 ,      164 ,       29 ,       16 ,       45 ,        9 ,       60 ,       44 ,      176 ,       51 ,      172 ,        1 ,       81 ,       99 ,       23 ,      145 ,      101 , 
      90 ,      192 ,      141 ,      119 ,        7 ,       58 ,      162 ,      169 ,      140 ,      154 ,       27 ,       38 ,      181 ,       61 ,       83 ,       14 ,      180 ,       98 ,      146 ,       12 ,       22 ,      170 ,       79 ,       73 ,       91 ,      128 ,       55 ,       86 ,       26 ,      132 ,      186 ,       68 ,        8 ,       21 ,      151 ,      178 ,        5 ,       94 ,       43 ,       66 ,      159 ,      112 ,       89 ,       33 ,       24 ,       62 ,      174 ,       67 ,      130 ,      157 ,       18 ,       57 ,      118 ,       88 ,      148 ,      113 ,      115 ,      110 ,       56 ,       49 ,        6 ,      197 ,      156 ,      111 ,      103 ,      155 ,       70 ,      126 ,       34 ,      193 ,       97 ,      183 ,      127 ,      105 ,      194 ,       10 ,      102 ,       72 ,       15 ,      167 ,       63 ,       48 ,        0 ,      120 ,      137 ,      124 ,      131 ,       69 ,      122 ,       92 ,       52 ,      106 ,      121 ,      187 ,        4 ,       50 ,      179 ,      129 ,       31 ,      139 ,       96 ,      182 ,      163 ,      144 ,       46 ,      160 ,       36 ,      189 ,      175 ,      108 ,       13 ,       87 ,      196 ,       71 ,      147 ,      195 ,       37 ,      150 ,      149 ,      152 ,      136 ,      123 ,      191 ,      134 ,       82 ,      114 ,       39 ,       42 ,       19 ,      100 ,      158 ,      153 ,       11 ,      188 ,       85 ,       17 ,      198 ,      125 ,       20 ,        2 ,       40 ,      104 ,      138 ,      143 ,      185 ,      107 ,       76 ,      142 ,       78 ,       54 ,       77 ,      165 ,       80 ,       32 ,       75 ,      117 ,       41 ,       64 ,       95 ,       84 ,      109 ,       53 ,      173 ,      184 ,      177 ,      190 ,       25 ,       93 ,       28 ,      133 ,      116 ,       74 ,       30 ,      161 ,      168 ,      171 ,       65 ,      135 ,       35 ,      199 ,       47 ,      164 ,        3 ,      166 ,       29 ,       59 ,       16 ,        9 ,       60 ,       45 ,      176 ,       44 ,       99 ,      172 ,        1 ,       51 ,      101 ,       81 ,       23 ,      145 , 
      90 ,      192 ,        7 ,      119 ,       58 ,      141 ,      169 ,      154 ,      140 ,       38 ,       61 ,      162 ,      181 ,       27 ,       14 ,       83 ,       98 ,       22 ,      146 ,      180 ,       79 ,       91 ,       12 ,      170 ,      128 ,       73 ,       86 ,       68 ,       55 ,      186 ,       26 ,        8 ,        5 ,      132 ,       21 ,      151 ,       66 ,      159 ,       94 ,       43 ,      178 ,       89 ,       24 ,      112 ,       62 ,      157 ,       33 ,       67 ,      130 ,       57 ,      174 ,       18 ,      118 ,       88 ,      148 ,      113 ,      110 ,       56 ,        6 ,      197 ,      115 ,      103 ,       70 ,       49 ,      156 ,      111 ,      155 ,       97 ,      126 ,       34 ,      194 ,      183 ,      127 ,      193 ,      105 ,       15 ,       72 ,       63 ,       10 ,      120 ,      167 ,        0 ,      102 ,       69 ,      124 ,       48 ,      137 ,       92 ,      106 ,      122 ,      131 ,        4 ,      187 ,       52 ,      121 ,      129 ,      139 ,      179 ,      182 ,       96 ,       50 ,       46 ,       31 ,       36 ,      144 ,      175 ,      163 ,       13 ,      160 ,       87 ,      108 ,      147 ,      189 ,       71 ,      195 ,      196 ,      152 ,      149 ,       37 ,      150 ,      191 ,       82 ,      136 ,      123 ,      134 ,       42 ,       19 ,      158 ,       39 ,      114 ,      188 ,       85 ,      100 ,       17 ,       11 ,      198 ,      153 ,      125 ,       40 ,       20 ,        2 ,      104 ,      185 ,      143 ,       78 ,       76 ,      138 ,      107 ,       54 ,       77 ,       80 ,       32 ,      142 ,      165 ,       41 ,       64 ,      117 ,       95 ,       75 ,      184 ,      109 ,      177 ,       84 ,      173 ,       53 ,       28 ,      190 ,       25 ,       93 ,       74 ,      133 ,      116 ,       65 ,      161 ,       30 ,      171 ,      168 ,      199 ,      135 ,      166 ,      164 ,       47 ,        3 ,       35 ,       29 ,       60 ,       45 ,       44 ,       99 ,       59 ,      172 ,      176 ,        9 ,       51 ,       16 ,        1 ,      101 ,      145 ,       23 ,       81 , 
     192 ,       90 ,       58 ,      119 ,        7 ,      141 ,      140 ,      169 ,       61 ,      154 ,      162 ,       83 ,       38 ,       14 ,      181 ,       98 ,       27 ,       91 ,       22 ,      146 ,      128 ,      180 ,       55 ,      170 ,       12 ,       68 ,       79 ,       86 ,       73 ,      186 ,      132 ,      151 ,       66 ,      159 ,        8 ,        5 ,       43 ,       21 ,      178 ,       94 ,       26 ,      112 ,       89 ,       24 ,       67 ,       33 ,       62 ,      130 ,      174 ,      157 ,      118 ,       57 ,       18 ,      148 ,       88 ,      197 ,      110 ,      113 ,       70 ,       49 ,      156 ,        6 ,      115 ,       56 ,      126 ,       97 ,      111 ,       34 ,      194 ,      103 ,      155 ,      127 ,      105 ,       15 ,      183 ,      193 ,       63 ,      120 ,       72 ,      167 ,       10 ,       48 ,        0 ,      137 ,      102 ,       69 ,      106 ,      124 ,      122 ,       92 ,      121 ,      131 ,        4 ,      187 ,       52 ,      129 ,      179 ,      139 ,       96 ,      182 ,       31 ,       50 ,       36 ,       13 ,      160 ,       46 ,      175 ,      163 ,      144 ,      108 ,       87 ,      147 ,       71 ,      189 ,      149 ,      196 ,      195 ,       37 ,      191 ,      152 ,      150 ,      134 ,      123 ,       82 ,      158 ,       39 ,      136 ,       42 ,      188 ,      114 ,       19 ,       85 ,      153 ,      100 ,       17 ,      198 ,       20 ,       11 ,      125 ,       40 ,      185 ,      143 ,       76 ,        2 ,       78 ,      104 ,      138 ,       77 ,       54 ,       80 ,      107 ,       32 ,      165 ,       41 ,      142 ,      117 ,      184 ,       64 ,       95 ,       84 ,      109 ,       75 ,      177 ,       28 ,       53 ,       25 ,      190 ,      173 ,       74 ,      116 ,       30 ,       93 ,       65 ,      168 ,      133 ,      171 ,      166 ,      135 ,      161 ,        3 ,       35 ,      199 ,       29 ,       47 ,       99 ,       16 ,       59 ,      172 ,       44 ,      176 ,       45 ,      164 ,        1 ,        9 ,       60 ,       51 ,      145 ,      101 ,       23 ,       81 , 
