1416 , 200 , 10 , 333964 , ILST
      70 ,       98 ,      124 ,      174 ,      165 ,       66 ,       44 ,      192 ,       90 ,      171 ,      167 ,      111 ,      176 ,       52 ,       97 ,       22 ,      178 ,      164 ,      123 ,      197 ,       18 ,        9 ,       69 ,       32 ,       51 ,      146 ,       45 ,      110 ,      193 ,       65 ,      122 ,      100 ,      132 ,       72 ,       35 ,       57 ,        4 ,       84 ,      183 ,      160 ,       38 ,      112 ,      141 ,       11 ,      157 ,       56 ,       24 ,       19 ,      125 ,       14 ,      188 ,      106 ,        2 ,      182 ,       83 ,       50 ,       13 ,       23 ,      134 ,      144 ,        1 ,       36 ,       21 ,       26 ,      185 ,       78 ,       42 ,      170 ,      169 ,      145 ,       25 ,      154 ,      194 ,       12 ,      149 ,        8 ,       37 ,        3 ,       17 ,       41 ,      118 ,       16 ,       80 ,       88 ,       59 ,       20 ,       61 ,      113 ,       64 ,      114 ,       53 ,       86 ,      177 ,      173 ,       40 ,       71 ,      150 ,      184 ,       15 ,      179 ,       73 ,       48 ,      142 ,      121 ,       27 ,       75 ,      105 ,      128 ,      162 ,      117 ,       91 ,      187 ,      135 ,       95 ,       82 ,        6 ,       89 ,      101 ,      163 ,      196 ,        0 ,      153 ,       34 ,        5 ,      140 ,       60 ,       47 ,      156 ,      137 ,       49 ,      186 ,      108 ,       39 ,      133 ,      136 ,       28 ,      191 ,      155 ,      115 ,       96 ,      151 ,       93 ,      198 ,      175 ,      172 ,      159 ,      119 ,      152 ,       10 ,      166 ,      147 ,      130 ,      180 ,       30 ,       68 ,       92 ,      102 ,      104 ,       94 ,       31 ,      107 ,       77 ,      158 ,      195 ,       58 ,       87 ,       55 ,       29 ,      168 ,      129 ,      143 ,       54 ,       76 ,       74 ,       33 ,       81 ,      181 ,       46 ,      109 ,      127 ,      190 ,      138 ,       99 ,      161 ,      148 ,        7 ,       63 ,      103 ,      189 ,      131 ,       79 ,      116 ,       43 ,      199 ,      126 ,       85 ,      139 ,       62 ,      120 ,       67 , 
      70 ,      165 ,      124 ,       98 ,      192 ,       44 ,      174 ,       90 ,       66 ,      171 ,      111 ,      176 ,      178 ,      167 ,       52 ,       97 ,      123 ,      164 ,       22 ,       18 ,        9 ,      146 ,       32 ,      197 ,       69 ,       45 ,       65 ,      110 ,      132 ,       51 ,       72 ,      122 ,        4 ,      193 ,       84 ,      160 ,      100 ,       57 ,      112 ,       35 ,      157 ,       56 ,      183 ,       38 ,      141 ,       24 ,      125 ,      188 ,       11 ,       19 ,       83 ,        2 ,      182 ,      106 ,       13 ,       14 ,        1 ,       50 ,      144 ,       23 ,      185 ,       36 ,      134 ,       78 ,      169 ,       21 ,       26 ,      170 ,       42 ,       25 ,      154 ,      194 ,      149 ,      145 ,       37 ,        3 ,        8 ,       12 ,      118 ,       17 ,       41 ,       59 ,       80 ,       16 ,       88 ,      113 ,       53 ,       20 ,       61 ,       64 ,      114 ,      173 ,       40 ,      177 ,       86 ,       15 ,      179 ,      150 ,      184 ,       73 ,       71 ,      121 ,      142 ,      128 ,       75 ,      162 ,       48 ,       27 ,      105 ,       91 ,      117 ,      187 ,       82 ,      135 ,      196 ,      163 ,       95 ,      153 ,        6 ,        0 ,      101 ,       89 ,       34 ,       47 ,       60 ,       49 ,      140 ,        5 ,       39 ,      137 ,      156 ,      108 ,      136 ,      133 ,      186 ,      155 ,       28 ,      191 ,      151 ,      115 ,       96 ,       93 ,      172 ,      159 ,      198 ,       10 ,      119 ,      175 ,      152 ,      147 ,       68 ,       92 ,      166 ,      180 ,       30 ,      102 ,      130 ,      107 ,       94 ,      158 ,       58 ,      195 ,      104 ,       31 ,       87 ,       77 ,       55 ,       54 ,      143 ,       29 ,      168 ,      129 ,       76 ,       46 ,       74 ,       33 ,       81 ,      181 ,      138 ,       99 ,      190 ,      109 ,      127 ,      161 ,       63 ,      148 ,       79 ,        7 ,      103 ,      116 ,       43 ,      120 ,      131 ,      189 ,       85 ,      139 ,      199 ,       67 ,      126 ,       62 , 
      98 ,       70 ,       44 ,      165 ,       66 ,      174 ,       90 ,      171 ,      192 ,      124 ,      178 ,       52 ,      123 ,       97 ,      111 ,      176 ,       18 ,      167 ,      146 ,        9 ,       32 ,      164 ,       69 ,       22 ,       51 ,       65 ,      110 ,       45 ,      197 ,       72 ,        4 ,       84 ,      132 ,      160 ,      122 ,       35 ,      100 ,      112 ,      193 ,      183 ,       38 ,      141 ,       57 ,      157 ,       56 ,       24 ,      125 ,       11 ,      188 ,        2 ,       83 ,       14 ,       13 ,       19 ,      106 ,        1 ,      182 ,       50 ,      144 ,      134 ,       23 ,       21 ,       36 ,      185 ,      169 ,      170 ,       25 ,      154 ,       78 ,       26 ,      194 ,       42 ,      149 ,        3 ,      145 ,        8 ,       37 ,      118 ,       41 ,       17 ,       59 ,       12 ,       80 ,       20 ,       61 ,       16 ,       88 ,       64 ,      113 ,       40 ,      114 ,       53 ,      173 ,      177 ,      150 ,       15 ,       86 ,       71 ,      179 ,      128 ,       73 ,      184 ,      142 ,       27 ,       48 ,      121 ,      105 ,      162 ,       75 ,      187 ,       91 ,      135 ,      117 ,       82 ,        6 ,      196 ,      101 ,      163 ,       95 ,       47 ,        0 ,       89 ,      153 ,       49 ,       34 ,       39 ,      156 ,       60 ,      140 ,      133 ,        5 ,      137 ,      108 ,      136 ,       28 ,      155 ,      186 ,       93 ,      191 ,      151 ,       96 ,      172 ,      115 ,       10 ,      198 ,      175 ,      119 ,      147 ,      159 ,      152 ,      180 ,      102 ,       92 ,       68 ,       30 ,      166 ,       58 ,      158 ,      104 ,      195 ,      130 ,      107 ,       94 ,       31 ,       87 ,       29 ,      143 ,      129 ,       54 ,       77 ,       55 ,      168 ,       33 ,       46 ,       76 ,       74 ,      190 ,       99 ,       81 ,      181 ,      127 ,      109 ,      138 ,       63 ,      161 ,        7 ,       43 ,      148 ,       79 ,      189 ,      116 ,      103 ,      120 ,       67 ,       85 ,      199 ,      131 ,      139 ,      126 ,       62 , 
      70 ,       44 ,      165 ,       66 ,       98 ,      171 ,       90 ,      192 ,      174 ,       52 ,      123 ,      124 ,      178 ,       97 ,      111 ,      146 ,      167 ,        9 ,      176 ,       18 ,       69 ,       51 ,       32 ,      164 ,       22 ,      110 ,      197 ,       65 ,       45 ,        4 ,       84 ,      160 ,      122 ,      132 ,       72 ,      183 ,      112 ,       35 ,      100 ,      193 ,       38 ,       56 ,      141 ,      157 ,       57 ,      188 ,       83 ,       24 ,      125 ,       11 ,        2 ,       14 ,       13 ,       50 ,      106 ,        1 ,       19 ,       23 ,       21 ,      182 ,      134 ,      144 ,      185 ,      154 ,       36 ,      170 ,       25 ,      194 ,      149 ,       78 ,      169 ,       42 ,        8 ,        3 ,       26 ,       41 ,      145 ,       37 ,      118 ,       80 ,       12 ,       61 ,       17 ,       59 ,       88 ,       20 ,       64 ,      113 ,       16 ,       40 ,      114 ,      177 ,       15 ,       53 ,      173 ,      150 ,       71 ,      179 ,      184 ,       86 ,      142 ,      121 ,      128 ,       73 ,       48 ,       27 ,      162 ,      105 ,      135 ,       75 ,      117 ,        6 ,      187 ,      101 ,       91 ,       82 ,        0 ,      196 ,       95 ,      153 ,       47 ,       89 ,       34 ,      163 ,       49 ,      156 ,        5 ,       39 ,       60 ,      108 ,       28 ,      140 ,      133 ,      155 ,      137 ,       93 ,      136 ,      186 ,      191 ,       96 ,       10 ,      151 ,      115 ,      198 ,      147 ,      175 ,      172 ,      180 ,      119 ,      159 ,       30 ,       92 ,      152 ,      102 ,      104 ,      158 ,       68 ,      166 ,       58 ,       94 ,      107 ,       31 ,      130 ,      195 ,       87 ,      129 ,       29 ,       55 ,       54 ,       77 ,      143 ,      168 ,       76 ,       33 ,       99 ,       46 ,       74 ,      190 ,       81 ,      181 ,      127 ,      138 ,        7 ,      161 ,       79 ,      109 ,      148 ,       43 ,       63 ,       67 ,      120 ,      199 ,      116 ,      189 ,      126 ,      139 ,      103 ,       85 ,      131 ,       62 , 
      70 ,       44 ,       90 ,       98 ,      165 ,      171 ,       66 ,       52 ,      192 ,      174 ,      123 ,      178 ,      167 ,      111 ,      124 ,      146 ,       69 ,       97 ,       32 ,        9 ,      164 ,      176 ,       51 ,       18 ,       65 ,       22 ,      197 ,      160 ,      110 ,       84 ,       45 ,      183 ,      100 ,       72 ,        4 ,      122 ,      112 ,       56 ,      132 ,      141 ,       57 ,       35 ,      193 ,      188 ,       38 ,      157 ,      125 ,       14 ,       83 ,       24 ,        2 ,       11 ,       50 ,       13 ,      106 ,      182 ,       21 ,       19 ,        1 ,       23 ,      185 ,      134 ,      144 ,       25 ,      194 ,      170 ,      154 ,       42 ,      169 ,        3 ,       36 ,       78 ,       41 ,       26 ,        8 ,      149 ,       80 ,       37 ,      118 ,      145 ,       59 ,       88 ,       61 ,       12 ,       17 ,       40 ,       16 ,      177 ,       20 ,      113 ,       64 ,       15 ,      150 ,      114 ,       71 ,      173 ,      179 ,       53 ,       86 ,      184 ,       73 ,      142 ,       48 ,      121 ,       27 ,      105 ,      162 ,      128 ,        6 ,      117 ,      135 ,       75 ,        0 ,      196 ,      101 ,      187 ,       82 ,       91 ,       95 ,      153 ,       49 ,       47 ,      163 ,       39 ,       89 ,       34 ,      156 ,      140 ,        5 ,       60 ,      155 ,      108 ,       93 ,       28 ,      133 ,      137 ,      186 ,      191 ,       96 ,      151 ,      136 ,      147 ,      172 ,      115 ,       10 ,      159 ,      198 ,      175 ,      180 ,       92 ,      102 ,      119 ,      152 ,       30 ,      158 ,       68 ,       94 ,      104 ,      166 ,      130 ,       58 ,       31 ,      107 ,      129 ,      195 ,       54 ,       87 ,       29 ,       55 ,      143 ,       99 ,       33 ,       77 ,      168 ,       76 ,       46 ,       74 ,      127 ,      190 ,        7 ,      181 ,      161 ,      138 ,      148 ,      109 ,       81 ,       79 ,       43 ,      120 ,       63 ,      199 ,      139 ,       67 ,      116 ,       85 ,       62 ,      103 ,      189 ,      126 ,      131 , 
      70 ,       90 ,      165 ,       44 ,       66 ,       52 ,      171 ,      192 ,      174 ,       98 ,      167 ,      146 ,      178 ,      123 ,      124 ,      111 ,       97 ,       69 ,       32 ,       18 ,      176 ,       51 ,       22 ,      164 ,        9 ,       65 ,       84 ,      110 ,      197 ,      160 ,      183 ,       45 ,      100 ,       56 ,      112 ,       72 ,      122 ,      132 ,       57 ,      193 ,        4 ,       38 ,      188 ,       35 ,      141 ,       83 ,       24 ,      125 ,       50 ,      157 ,       14 ,        2 ,       11 ,      106 ,       19 ,      182 ,       13 ,       21 ,       23 ,        1 ,      185 ,      134 ,      144 ,       25 ,      170 ,        3 ,      154 ,      194 ,       78 ,       41 ,       36 ,       42 ,       37 ,      169 ,       26 ,        8 ,      145 ,       59 ,      149 ,      118 ,       80 ,       12 ,       17 ,       88 ,       61 ,      113 ,       40 ,       15 ,      177 ,       64 ,       16 ,       71 ,      173 ,       20 ,       53 ,       86 ,      150 ,      179 ,      184 ,      114 ,      121 ,       73 ,      105 ,       27 ,      128 ,      142 ,       48 ,      162 ,        6 ,        0 ,      135 ,       75 ,      117 ,       91 ,      187 ,      196 ,       95 ,       82 ,      101 ,      153 ,      163 ,       89 ,       34 ,       47 ,      140 ,       49 ,       39 ,      155 ,       93 ,      156 ,       60 ,        5 ,      137 ,       28 ,      108 ,      133 ,      186 ,      191 ,      172 ,      151 ,      136 ,      159 ,       96 ,      198 ,      115 ,      147 ,      102 ,       10 ,      180 ,      175 ,      158 ,      119 ,       92 ,       68 ,      152 ,       94 ,       30 ,      166 ,      130 ,      129 ,      104 ,       58 ,       87 ,       31 ,       54 ,       29 ,      107 ,      195 ,      143 ,       99 ,       77 ,       33 ,       55 ,      127 ,      168 ,        7 ,       76 ,       46 ,       74 ,      161 ,      148 ,      190 ,       79 ,      138 ,      181 ,       81 ,      109 ,       43 ,      199 ,       67 ,      139 ,      116 ,      120 ,       63 ,      126 ,      131 ,       85 ,       62 ,      103 ,      189 , 
      70 ,      165 ,       90 ,       52 ,      174 ,       98 ,       66 ,       44 ,      171 ,      192 ,      123 ,      111 ,      178 ,      167 ,      146 ,       97 ,      124 ,       69 ,       18 ,      176 ,       32 ,       22 ,       65 ,       84 ,       51 ,      197 ,      110 ,      164 ,        9 ,       56 ,      160 ,       45 ,       72 ,      183 ,      100 ,      193 ,      112 ,      122 ,        4 ,       35 ,       38 ,      132 ,       57 ,      188 ,      141 ,      125 ,       24 ,       50 ,       83 ,        2 ,      157 ,      106 ,       19 ,       11 ,       14 ,       13 ,       21 ,       23 ,      182 ,       25 ,        1 ,      170 ,      134 ,      185 ,        3 ,       41 ,      144 ,      154 ,       42 ,       78 ,      194 ,       36 ,       26 ,      145 ,      169 ,       37 ,        8 ,      149 ,       59 ,       80 ,      118 ,       12 ,       40 ,       88 ,      177 ,       17 ,      113 ,       64 ,       15 ,       61 ,       71 ,       53 ,       16 ,       20 ,      173 ,      114 ,      121 ,      179 ,      150 ,      184 ,       86 ,       27 ,       73 ,      105 ,      162 ,       48 ,      142 ,      128 ,        0 ,        6 ,       75 ,      196 ,      135 ,       82 ,       91 ,      117 ,      187 ,       95 ,      101 ,       89 ,       34 ,      153 ,      163 ,      155 ,       47 ,       49 ,      140 ,        5 ,       39 ,       93 ,       60 ,      156 ,      133 ,       28 ,      137 ,      108 ,      172 ,      186 ,      151 ,      159 ,      191 ,      115 ,       96 ,      136 ,      198 ,      102 ,      180 ,      175 ,       92 ,       10 ,      119 ,      147 ,       94 ,       68 ,      158 ,      152 ,       30 ,       58 ,      104 ,      130 ,      166 ,      129 ,       31 ,      107 ,       87 ,       29 ,       54 ,       33 ,       77 ,      143 ,       99 ,      195 ,       76 ,       46 ,       55 ,      161 ,      127 ,      168 ,       74 ,        7 ,      138 ,      190 ,       79 ,      148 ,       81 ,      109 ,      181 ,      139 ,       67 ,      199 ,       43 ,       63 ,      126 ,       85 ,      116 ,       62 ,      120 ,      131 ,      103 ,      189 , 
      70 ,       90 ,      174 ,       52 ,      165 ,       66 ,       44 ,      123 ,       98 ,      178 ,      171 ,      111 ,      192 ,      146 ,       97 ,      124 ,      167 ,      176 ,       69 ,       18 ,       51 ,       32 ,       22 ,       84 ,       65 ,      164 ,        9 ,      160 ,       56 ,      197 ,      110 ,      183 ,      100 ,      122 ,       45 ,       35 ,      193 ,      112 ,       72 ,        4 ,      132 ,      125 ,       38 ,      188 ,       50 ,       57 ,      141 ,      106 ,       19 ,        2 ,      157 ,       24 ,       14 ,       13 ,       83 ,      182 ,       23 ,       11 ,       25 ,      170 ,        1 ,      185 ,       21 ,      144 ,      134 ,       41 ,      154 ,        3 ,       26 ,       42 ,      194 ,      169 ,       78 ,      145 ,        8 ,       36 ,       80 ,       59 ,      149 ,      118 ,       37 ,       40 ,      113 ,       64 ,      177 ,       12 ,       17 ,       61 ,       88 ,       20 ,       53 ,       71 ,       15 ,      173 ,      114 ,      179 ,       16 ,       27 ,      184 ,      150 ,      121 ,      162 ,       86 ,       73 ,      128 ,      105 ,       48 ,      142 ,        0 ,      196 ,      135 ,       75 ,        6 ,       95 ,       91 ,       82 ,       34 ,      187 ,       89 ,      153 ,      117 ,      101 ,      163 ,      155 ,       49 ,       47 ,      140 ,       93 ,       60 ,       39 ,       28 ,      108 ,        5 ,      156 ,      137 ,      133 ,      191 ,      159 ,      186 ,      151 ,      172 ,      102 ,      115 ,      198 ,      175 ,       96 ,      136 ,      180 ,       10 ,      119 ,       92 ,      147 ,       30 ,      152 ,       94 ,      158 ,       68 ,       58 ,      166 ,      107 ,      104 ,      130 ,      129 ,       54 ,       87 ,      143 ,       33 ,       31 ,       29 ,       99 ,       55 ,      161 ,       76 ,      195 ,       77 ,      168 ,        7 ,      127 ,       46 ,       74 ,      190 ,       79 ,      148 ,      138 ,      109 ,      181 ,       81 ,      139 ,       67 ,       63 ,      116 ,       43 ,       62 ,      126 ,      199 ,      131 ,       85 ,      103 ,      120 ,      189 , 
      90 ,       70 ,       52 ,      174 ,      165 ,       44 ,       66 ,      123 ,       98 ,      178 ,      192 ,      111 ,      171 ,      124 ,       97 ,      146 ,      167 ,       18 ,       22 ,       84 ,       32 ,      176 ,       51 ,      164 ,        9 ,       56 ,       65 ,      160 ,      197 ,       69 ,      122 ,      110 ,       45 ,      100 ,      193 ,      183 ,      112 ,       72 ,      125 ,       50 ,      132 ,        4 ,       57 ,       35 ,      141 ,       38 ,      188 ,        2 ,      106 ,       24 ,       83 ,      182 ,       19 ,       13 ,       14 ,      157 ,       25 ,      170 ,       21 ,       11 ,      185 ,       23 ,      134 ,        1 ,        3 ,      144 ,       26 ,      154 ,      169 ,       41 ,      145 ,      194 ,       42 ,       78 ,       59 ,      118 ,        8 ,       80 ,      149 ,       36 ,       64 ,       40 ,      113 ,      177 ,       37 ,       88 ,       53 ,       17 ,       20 ,       61 ,       12 ,       15 ,       71 ,      114 ,      179 ,       16 ,      173 ,      121 ,       86 ,      162 ,      150 ,       27 ,      184 ,       73 ,        0 ,      105 ,      128 ,       48 ,      142 ,      196 ,       95 ,        6 ,       82 ,      135 ,       75 ,      153 ,       89 ,       91 ,      101 ,      163 ,      187 ,       34 ,      155 ,      117 ,       60 ,      140 ,       47 ,       93 ,       49 ,      156 ,       39 ,        5 ,      108 ,      133 ,       28 ,      186 ,      191 ,      137 ,      172 ,      159 ,      102 ,      175 ,      151 ,      115 ,       96 ,       10 ,      198 ,      180 ,      136 ,       92 ,      152 ,       30 ,      119 ,      147 ,      166 ,       58 ,       94 ,       68 ,      104 ,      158 ,       54 ,      143 ,      107 ,      129 ,       87 ,      130 ,      161 ,       33 ,       76 ,       29 ,       31 ,      168 ,      195 ,       99 ,       55 ,       77 ,      127 ,        7 ,       79 ,       46 ,      138 ,      190 ,       74 ,      109 ,      181 ,       63 ,      148 ,       67 ,       43 ,       81 ,      199 ,       62 ,      139 ,      116 ,      131 ,      126 ,      120 ,       85 ,      103 ,      189 , 
      90 ,      174 ,       70 ,       52 ,      165 ,      123 ,      192 ,       66 ,       44 ,       98 ,      124 ,      171 ,      178 ,      146 ,      111 ,       97 ,      167 ,      176 ,       18 ,       22 ,       32 ,       84 ,        9 ,       51 ,      160 ,      164 ,      122 ,       56 ,       65 ,      110 ,      197 ,       69 ,       45 ,      100 ,      193 ,      112 ,       50 ,       72 ,        4 ,      125 ,      141 ,       57 ,        2 ,      132 ,       24 ,       38 ,       35 ,      183 ,      188 ,       19 ,       14 ,       83 ,      182 ,      106 ,      170 ,       13 ,       25 ,       21 ,      134 ,      157 ,       23 ,      185 ,       26 ,      144 ,        3 ,      154 ,       11 ,      145 ,        1 ,      194 ,       59 ,       41 ,      169 ,       80 ,        8 ,       42 ,      118 ,       36 ,       78 ,      149 ,       64 ,      113 ,       53 ,       40 ,       20 ,      177 ,       12 ,       17 ,       37 ,       71 ,       88 ,       61 ,      179 ,       15 ,      114 ,      173 ,       16 ,       27 ,       86 ,      121 ,      162 ,       73 ,      184 ,      150 ,        0 ,      142 ,      196 ,       48 ,       95 ,      128 ,      105 ,      135 ,       89 ,       75 ,      153 ,      101 ,        6 ,       82 ,       91 ,      163 ,      155 ,      187 ,      140 ,       34 ,       60 ,       93 ,      117 ,       47 ,       39 ,      156 ,      108 ,       49 ,      186 ,      133 ,        5 ,      191 ,      137 ,      172 ,       28 ,      102 ,      151 ,      175 ,      159 ,      198 ,       10 ,      115 ,      180 ,       96 ,      152 ,      136 ,       92 ,      147 ,      119 ,       30 ,      104 ,       94 ,      166 ,       58 ,       68 ,      143 ,      158 ,      130 ,      107 ,       54 ,       33 ,       87 ,      161 ,      129 ,       29 ,      195 ,      168 ,       99 ,       55 ,       76 ,       31 ,       77 ,      127 ,       79 ,        7 ,       46 ,      138 ,      109 ,      148 ,      190 ,       63 ,       74 ,      181 ,      199 ,       81 ,       43 ,      139 ,      116 ,       67 ,      131 ,       62 ,      126 ,       85 ,      120 ,      103 ,      189 , 
