512 , 150 , 10 , 232196 , ILST
     120 ,        8 ,       71 ,      114 ,        9 ,       64 ,      149 ,      144 ,       49 ,        0 ,       25 ,       43 ,       62 ,      125 ,      130 ,       37 ,       40 ,      133 ,      134 ,       92 ,       50 ,       26 ,       27 ,       19 ,       31 ,       86 ,      124 ,       48 ,       75 ,      137 ,       80 ,       45 ,        2 ,       17 ,      138 ,       23 ,       18 ,       81 ,       96 ,      146 ,      128 ,       13 ,       36 ,       39 ,       56 ,       89 ,       33 ,      101 ,      136 ,      117 ,      139 ,       10 ,       58 ,       70 ,      119 ,       90 ,       83 ,      140 ,       88 ,       30 ,      145 ,       57 ,       73 ,       91 ,       22 ,       97 ,      122 ,       79 ,      126 ,      108 ,       52 ,       14 ,       69 ,      112 ,       21 ,       68 ,      107 ,        3 ,       60 ,      104 ,       16 ,      127 ,       32 ,       42 ,       74 ,       78 ,        1 ,       65 ,       99 ,      141 ,      135 ,      131 ,      123 ,       95 ,      132 ,       54 ,       28 ,       55 ,       34 ,      100 ,        6 ,       20 ,       59 ,      142 ,      129 ,      116 ,       61 ,       93 ,      143 ,       72 ,       12 ,       51 ,       41 ,       11 ,       94 ,      110 ,      109 ,       53 ,       38 ,      115 ,        7 ,      147 ,       98 ,       76 ,      118 ,       29 ,       44 ,        5 ,      105 ,       67 ,       46 ,       47 ,       84 ,      106 ,      111 ,       82 ,        4 ,      121 ,      113 ,       85 ,       35 ,      148 ,       63 ,      102 ,       77 ,       87 ,       24 ,      103 ,       15 ,       66 , 
       8 ,       71 ,        9 ,      144 ,      114 ,      149 ,       49 ,      120 ,        0 ,       43 ,       64 ,      130 ,       37 ,       62 ,      134 ,       40 ,       25 ,      133 ,       50 ,      125 ,       92 ,       27 ,       26 ,      124 ,       31 ,       19 ,       48 ,      137 ,       75 ,        2 ,       86 ,       80 ,       23 ,       45 ,       17 ,       81 ,      138 ,      128 ,       18 ,       36 ,       13 ,       96 ,      146 ,       89 ,      101 ,      117 ,       56 ,       33 ,       39 ,      136 ,      139 ,       90 ,      119 ,      140 ,       10 ,       83 ,       70 ,      145 ,       58 ,       30 ,       73 ,       88 ,       97 ,       57 ,       91 ,       22 ,       79 ,      122 ,      108 ,      126 ,       52 ,       14 ,       69 ,       21 ,        3 ,      112 ,       68 ,      107 ,      127 ,      104 ,       60 ,       32 ,       78 ,       16 ,       74 ,       42 ,       65 ,       99 ,        1 ,      141 ,      135 ,      131 ,       95 ,       54 ,      123 ,       28 ,      132 ,       55 ,       20 ,      100 ,       34 ,        6 ,      129 ,       59 ,      143 ,       61 ,      142 ,      116 ,       72 ,       51 ,       93 ,      110 ,       41 ,       12 ,       11 ,       38 ,      115 ,       98 ,       94 ,       53 ,        7 ,       76 ,       29 ,      109 ,      105 ,       47 ,       44 ,      106 ,       46 ,      147 ,       85 ,        4 ,       82 ,       84 ,      121 ,      113 ,       35 ,       67 ,      111 ,      118 ,       66 ,       87 ,       77 ,      148 ,      102 ,       63 ,        5 ,       24 ,       15 ,      103 , 
       9 ,      114 ,       49 ,      144 ,      149 ,        8 ,       71 ,      120 ,       43 ,        0 ,       64 ,      130 ,      134 ,       25 ,       40 ,       62 ,       37 ,      133 ,       92 ,      125 ,       31 ,       50 ,       48 ,       27 ,       19 ,       26 ,       86 ,       80 ,      124 ,       75 ,      137 ,       45 ,       23 ,        2 ,       17 ,      138 ,       13 ,       81 ,      128 ,      146 ,       36 ,       89 ,       96 ,       18 ,      117 ,      136 ,      101 ,       33 ,       39 ,       56 ,       90 ,       10 ,      139 ,      140 ,      145 ,      119 ,       70 ,       73 ,       83 ,       58 ,       30 ,       88 ,       79 ,       91 ,       57 ,       97 ,       22 ,      122 ,       52 ,      108 ,      126 ,        3 ,       14 ,       68 ,      112 ,       69 ,       60 ,      127 ,       21 ,      104 ,      107 ,       74 ,       16 ,       32 ,       65 ,       78 ,       42 ,      141 ,        1 ,      135 ,       54 ,       99 ,      123 ,       95 ,      131 ,      132 ,       34 ,       28 ,        6 ,       20 ,      143 ,       55 ,       59 ,       61 ,      100 ,      129 ,      142 ,       72 ,       51 ,       93 ,      116 ,      110 ,       38 ,       12 ,       41 ,       11 ,      115 ,       98 ,        7 ,       29 ,       94 ,       76 ,       47 ,       53 ,      109 ,      105 ,       44 ,      106 ,      147 ,       46 ,      121 ,       82 ,      113 ,       84 ,        4 ,       85 ,       67 ,       87 ,       35 ,      111 ,       77 ,      118 ,       66 ,       24 ,      148 ,       63 ,      102 ,       15 ,      103 ,        5 , 
       9 ,        8 ,       49 ,      114 ,      149 ,      120 ,       64 ,      144 ,      134 ,       71 ,      130 ,        0 ,       43 ,       62 ,       37 ,       25 ,      133 ,       40 ,       92 ,      125 ,       19 ,       48 ,       31 ,       50 ,       86 ,      124 ,       27 ,       26 ,       80 ,      137 ,       45 ,       17 ,       23 ,        2 ,       75 ,       13 ,      138 ,      128 ,       89 ,       81 ,       96 ,       36 ,      146 ,      117 ,      136 ,       18 ,       33 ,       56 ,       39 ,       10 ,      101 ,      139 ,       90 ,      145 ,      140 ,       73 ,      119 ,       70 ,       58 ,       79 ,       57 ,       83 ,       30 ,       91 ,       88 ,       97 ,      108 ,       22 ,       14 ,      122 ,       52 ,       69 ,       60 ,        3 ,      126 ,      112 ,       21 ,      127 ,      107 ,       68 ,       16 ,      104 ,       42 ,       78 ,       74 ,       32 ,       65 ,        1 ,      123 ,      141 ,       54 ,       99 ,      135 ,      131 ,      132 ,       28 ,       95 ,       55 ,        6 ,       34 ,       61 ,      129 ,       20 ,      143 ,      142 ,       93 ,       72 ,       59 ,      116 ,      100 ,       51 ,       41 ,       38 ,      110 ,       98 ,       12 ,      115 ,       29 ,       11 ,       94 ,       76 ,        7 ,       47 ,       53 ,      109 ,       44 ,      105 ,       46 ,      147 ,       82 ,      106 ,       84 ,      121 ,        4 ,       67 ,       87 ,      113 ,       85 ,       77 ,       66 ,      118 ,       35 ,      111 ,       63 ,       24 ,       15 ,      148 ,        5 ,      102 ,      103 , 
       8 ,      149 ,       64 ,       49 ,      120 ,        9 ,      114 ,      144 ,      130 ,        0 ,       37 ,       25 ,       62 ,      134 ,       71 ,       40 ,      133 ,       43 ,       31 ,      125 ,       50 ,       19 ,       92 ,       48 ,       27 ,       26 ,       86 ,       80 ,       23 ,      137 ,      124 ,        2 ,       75 ,       45 ,       13 ,       89 ,      138 ,      128 ,       17 ,       36 ,       81 ,      146 ,      117 ,       56 ,       18 ,       96 ,       39 ,      136 ,       10 ,       33 ,      101 ,      139 ,      140 ,       90 ,      145 ,       73 ,       70 ,       79 ,      119 ,       58 ,       57 ,       83 ,       88 ,       91 ,       22 ,       30 ,       14 ,       52 ,      108 ,       69 ,      122 ,       97 ,      112 ,        3 ,       21 ,      126 ,       60 ,      127 ,       16 ,      107 ,       42 ,       68 ,      104 ,       32 ,       78 ,       65 ,        1 ,       74 ,      141 ,      131 ,      135 ,      123 ,       54 ,       28 ,       99 ,       95 ,        6 ,       55 ,      132 ,       61 ,      129 ,       34 ,      143 ,      142 ,      116 ,       20 ,       72 ,       93 ,       41 ,       59 ,      110 ,      100 ,       98 ,       51 ,       12 ,       38 ,       29 ,       94 ,       11 ,        7 ,      115 ,      109 ,       44 ,      105 ,       47 ,       53 ,       76 ,       82 ,      106 ,       46 ,      147 ,        4 ,       67 ,      121 ,       84 ,      113 ,       85 ,       77 ,      111 ,       87 ,       66 ,       24 ,      118 ,        5 ,       35 ,      148 ,      102 ,       63 ,       15 ,      103 , 
       8 ,      149 ,       49 ,       64 ,        9 ,        0 ,       37 ,      120 ,      114 ,      144 ,       62 ,      134 ,       40 ,      130 ,       71 ,       43 ,       25 ,       19 ,      125 ,      133 ,       92 ,       50 ,       31 ,       27 ,       48 ,      137 ,       26 ,       23 ,        2 ,       86 ,       13 ,       80 ,      138 ,       89 ,      124 ,       75 ,       45 ,       36 ,       17 ,      117 ,       81 ,       18 ,      128 ,       56 ,      136 ,      146 ,       39 ,       96 ,       10 ,       33 ,      101 ,      139 ,       73 ,      145 ,      140 ,       79 ,       90 ,       58 ,       70 ,       57 ,       22 ,       83 ,       14 ,      119 ,       91 ,       52 ,       88 ,      122 ,       69 ,       97 ,        3 ,       30 ,      108 ,      126 ,      112 ,       60 ,       42 ,       21 ,       16 ,      104 ,      107 ,      127 ,       78 ,       68 ,       32 ,      131 ,       65 ,      123 ,      141 ,        1 ,       74 ,      135 ,       54 ,       28 ,        6 ,       55 ,       99 ,       95 ,      129 ,      143 ,      132 ,       61 ,      116 ,       34 ,      142 ,       59 ,       93 ,       20 ,       72 ,      110 ,       51 ,       38 ,       41 ,       29 ,       11 ,      100 ,       98 ,       12 ,      109 ,       94 ,      115 ,        7 ,       44 ,       76 ,      105 ,      106 ,       53 ,       82 ,       67 ,        4 ,       47 ,       46 ,      147 ,       77 ,      121 ,      113 ,       84 ,       85 ,       66 ,        5 ,      111 ,       87 ,       24 ,       35 ,      118 ,      148 ,       15 ,       63 ,      102 ,      103 , 
      49 ,        8 ,       64 ,        0 ,       37 ,      149 ,      114 ,       62 ,        9 ,      120 ,      134 ,       40 ,      144 ,      130 ,       43 ,      133 ,       25 ,       71 ,       31 ,      125 ,       48 ,       19 ,       50 ,       26 ,       23 ,       92 ,      137 ,       27 ,       13 ,      124 ,      138 ,       86 ,       75 ,        2 ,       89 ,       36 ,       80 ,       45 ,       81 ,      128 ,      117 ,       56 ,       18 ,       17 ,      136 ,      146 ,       96 ,      139 ,       39 ,      101 ,       73 ,       10 ,       90 ,       33 ,      145 ,       58 ,       70 ,       79 ,      140 ,       83 ,       91 ,       57 ,       52 ,       22 ,      119 ,       14 ,       88 ,      122 ,       97 ,       30 ,       69 ,      112 ,        3 ,      126 ,      108 ,      104 ,       42 ,       21 ,       60 ,       16 ,      107 ,       32 ,      131 ,       78 ,      127 ,       68 ,        1 ,      141 ,       65 ,      123 ,       54 ,      135 ,       74 ,       99 ,      129 ,       55 ,       28 ,        6 ,      143 ,       34 ,      132 ,       61 ,       95 ,      116 ,      142 ,       20 ,       72 ,      110 ,       93 ,       51 ,       59 ,       38 ,       41 ,      100 ,       12 ,       29 ,       98 ,       11 ,       44 ,        7 ,      109 ,       94 ,      115 ,      105 ,       76 ,       82 ,       53 ,       67 ,      106 ,        4 ,       77 ,       46 ,      147 ,       47 ,       66 ,      113 ,      121 ,        5 ,      111 ,       84 ,       85 ,      148 ,      118 ,       35 ,       87 ,       24 ,      103 ,      102 ,       63 ,       15 , 
      49 ,       64 ,        0 ,        8 ,        9 ,      149 ,      120 ,       37 ,       62 ,      114 ,      130 ,      134 ,      133 ,       40 ,      144 ,       43 ,       31 ,       71 ,       25 ,      125 ,       26 ,       23 ,       48 ,      137 ,       19 ,       92 ,       50 ,      124 ,       13 ,       75 ,       27 ,      138 ,        2 ,       80 ,       86 ,       81 ,       45 ,       89 ,       36 ,      128 ,       17 ,      117 ,       18 ,       56 ,      139 ,      136 ,      146 ,      101 ,       96 ,       73 ,      145 ,       39 ,       90 ,       10 ,      140 ,       83 ,       91 ,       57 ,       33 ,       79 ,      119 ,       58 ,       22 ,       70 ,       14 ,       52 ,       69 ,       30 ,      122 ,      126 ,       88 ,      112 ,       97 ,      104 ,       21 ,       42 ,        3 ,       16 ,       32 ,      108 ,       60 ,      127 ,       78 ,      107 ,      131 ,      141 ,       68 ,        1 ,       54 ,       74 ,       65 ,      123 ,       55 ,      135 ,      129 ,       34 ,       99 ,       61 ,      132 ,       28 ,      143 ,      142 ,        6 ,       20 ,       72 ,       95 ,      116 ,      110 ,       51 ,       93 ,       41 ,       59 ,       38 ,       11 ,       29 ,       98 ,       44 ,      100 ,       12 ,        7 ,      105 ,      109 ,      115 ,       82 ,       94 ,       76 ,       53 ,       67 ,      106 ,        4 ,       77 ,      113 ,       47 ,      147 ,       46 ,       66 ,      121 ,      111 ,       84 ,        5 ,       87 ,       85 ,      148 ,      118 ,      102 ,       35 ,      103 ,       15 ,       24 ,       63 , 
      49 ,       64 ,        8 ,      120 ,        9 ,       37 ,        0 ,      149 ,       62 ,      114 ,      133 ,      130 ,       43 ,      144 ,      134 ,       40 ,       31 ,       71 ,       26 ,       48 ,       25 ,       23 ,      124 ,      125 ,       92 ,      137 ,       75 ,      138 ,       50 ,       86 ,       13 ,        2 ,       19 ,       27 ,       80 ,       45 ,       36 ,       81 ,       56 ,       17 ,      136 ,       89 ,      139 ,      117 ,      128 ,       18 ,       73 ,      146 ,      145 ,      101 ,       10 ,       83 ,       96 ,       39 ,      140 ,       91 ,       33 ,       90 ,       58 ,      119 ,       14 ,       57 ,       52 ,       70 ,       79 ,       22 ,      122 ,       69 ,       30 ,       97 ,      104 ,       88 ,      126 ,      112 ,       21 ,        3 ,       42 ,       16 ,       78 ,       32 ,      131 ,      108 ,       60 ,      107 ,       68 ,      127 ,       74 ,       54 ,      141 ,      123 ,       55 ,        1 ,       34 ,       65 ,      135 ,       99 ,      143 ,      129 ,       61 ,       28 ,       72 ,      132 ,      142 ,       20 ,        6 ,      116 ,       93 ,       51 ,       95 ,      110 ,       41 ,       38 ,       59 ,       29 ,       11 ,       44 ,       12 ,        7 ,       98 ,      100 ,      115 ,       76 ,      105 ,      109 ,       53 ,       67 ,       82 ,       94 ,      106 ,      113 ,      147 ,       77 ,       46 ,        4 ,       66 ,      121 ,      111 ,       47 ,       84 ,       87 ,      148 ,        5 ,      118 ,      102 ,       85 ,      103 ,       35 ,       24 ,       63 ,       15 , 
      49 ,       64 ,        8 ,       37 ,      120 ,        0 ,        9 ,       62 ,      114 ,      149 ,      133 ,      130 ,      134 ,       31 ,       43 ,      144 ,       40 ,       71 ,      124 ,      125 ,       25 ,       48 ,       26 ,       23 ,       75 ,       92 ,      137 ,      138 ,        2 ,       13 ,       50 ,       27 ,       86 ,       36 ,       19 ,       80 ,       56 ,       45 ,      136 ,       17 ,       89 ,       81 ,       73 ,      146 ,      128 ,      101 ,      139 ,       18 ,       10 ,      117 ,      145 ,       39 ,      140 ,       83 ,       58 ,       33 ,       90 ,       96 ,       91 ,      119 ,       70 ,       14 ,       57 ,       52 ,       79 ,       97 ,      122 ,       22 ,       69 ,       30 ,       21 ,      126 ,      104 ,      112 ,       88 ,       32 ,       60 ,       42 ,       16 ,        3 ,       68 ,       78 ,      131 ,      127 ,      108 ,      107 ,       55 ,       54 ,       74 ,       34 ,      141 ,      123 ,        1 ,      135 ,       65 ,       99 ,      143 ,      129 ,       28 ,       20 ,       61 ,      132 ,        6 ,      116 ,      142 ,       72 ,       51 ,      110 ,       41 ,       93 ,       95 ,       59 ,       38 ,       29 ,       44 ,       11 ,      100 ,        7 ,       12 ,      115 ,       76 ,      109 ,       98 ,       53 ,       82 ,      105 ,      113 ,      106 ,       67 ,       94 ,      147 ,       77 ,        4 ,      121 ,      111 ,       84 ,       66 ,       46 ,       87 ,        5 ,       47 ,      102 ,      118 ,      148 ,      103 ,       85 ,       35 ,       63 ,       24 ,       15 , 
