376 , 150 , 10 , 9482 , IG
     122 ,      129 ,      139 ,       59 ,      127 ,       54 ,       46 ,       92 ,      118 ,       42 ,       53 ,      147 ,      126 ,       57 ,       27 ,       18 ,      117 ,       25 ,       94 ,       62 ,       52 ,        1 ,       70 ,       83 ,       81 ,        0 ,       61 ,        3 ,      119 ,       29 ,       80 ,        4 ,       76 ,       47 ,      121 ,       98 ,       22 ,       95 ,      115 ,        6 ,       37 ,      140 ,      134 ,      104 ,       21 ,       50 ,       74 ,        9 ,      132 ,       24 ,      146 ,      124 ,      113 ,      109 ,       14 ,       63 ,       12 ,      128 ,       96 ,      101 ,       43 ,       40 ,       60 ,      130 ,      136 ,      120 ,       41 ,       84 ,       34 ,       86 ,       30 ,       79 ,      112 ,      143 ,       35 ,       20 ,      125 ,       87 ,       88 ,       51 ,       68 ,       28 ,       97 ,       48 ,       26 ,       73 ,       71 ,       85 ,       39 ,       89 ,       82 ,       11 ,       67 ,       16 ,       32 ,       33 ,      141 ,       90 ,      110 ,       31 ,       78 ,       91 ,       77 ,      107 ,        2 ,      106 ,      142 ,       17 ,        7 ,       36 ,      137 ,       45 ,      149 ,      133 ,      102 ,       72 ,       13 ,      116 ,      138 ,      103 ,      131 ,       55 ,      135 ,       66 ,        5 ,        8 ,      148 ,       19 ,       64 ,       56 ,       75 ,       99 ,       58 ,      108 ,      114 ,      145 ,       15 ,      144 ,       69 ,       10 ,      100 ,       93 ,       38 ,      111 ,       23 ,       49 ,       65 ,      105 ,      123 ,       44 , 
     129 ,       59 ,      139 ,      122 ,       46 ,      127 ,       54 ,      118 ,       92 ,       42 ,       53 ,       57 ,      126 ,      147 ,       27 ,      117 ,       18 ,       94 ,       52 ,        1 ,       25 ,       70 ,       81 ,       62 ,       61 ,       83 ,        0 ,        3 ,       29 ,       80 ,        4 ,      119 ,       76 ,       98 ,       47 ,      121 ,       22 ,      115 ,       95 ,      140 ,      134 ,       37 ,        6 ,       21 ,       50 ,       74 ,      104 ,       24 ,        9 ,      124 ,      132 ,      146 ,      113 ,       63 ,       14 ,      109 ,      128 ,       12 ,      101 ,       96 ,       43 ,       60 ,       40 ,      120 ,      136 ,      130 ,       84 ,       34 ,       41 ,       86 ,      112 ,       51 ,       30 ,       20 ,       35 ,       79 ,       87 ,       88 ,      125 ,      143 ,       28 ,       97 ,       68 ,       48 ,       73 ,       26 ,       85 ,       71 ,       39 ,       89 ,       82 ,       11 ,       32 ,       67 ,       33 ,       16 ,       90 ,       31 ,      110 ,      141 ,       78 ,       91 ,      107 ,        2 ,       77 ,        7 ,      106 ,       17 ,      142 ,       36 ,      137 ,      149 ,       45 ,      133 ,       72 ,      116 ,      102 ,       13 ,      103 ,       55 ,      131 ,      138 ,       66 ,      135 ,        8 ,      148 ,        5 ,       19 ,       64 ,       75 ,       99 ,       56 ,       58 ,      108 ,      114 ,      145 ,       69 ,       23 ,       38 ,      144 ,      100 ,       10 ,      111 ,       93 ,       15 ,      105 ,       49 ,      123 ,       65 ,       44 , 
     129 ,       59 ,      139 ,       46 ,      122 ,      127 ,      118 ,       54 ,       92 ,       42 ,      126 ,       53 ,       27 ,      147 ,       57 ,       18 ,      117 ,       94 ,       52 ,       25 ,        1 ,       81 ,       70 ,       62 ,       83 ,       61 ,        3 ,       80 ,        0 ,       29 ,      119 ,       76 ,        4 ,       98 ,      121 ,       47 ,       22 ,       95 ,      115 ,      140 ,      134 ,       37 ,       50 ,        6 ,       74 ,       21 ,        9 ,       24 ,      132 ,      104 ,      124 ,      146 ,      113 ,      109 ,       14 ,       63 ,      128 ,       12 ,      101 ,       96 ,       43 ,       40 ,       60 ,      136 ,      120 ,      130 ,       84 ,       41 ,       34 ,       51 ,       86 ,      112 ,       20 ,       30 ,       35 ,       87 ,      125 ,       88 ,       79 ,      143 ,       97 ,       68 ,       28 ,       73 ,       48 ,       71 ,       85 ,       26 ,       89 ,       39 ,       32 ,       11 ,       82 ,       67 ,       90 ,       33 ,       16 ,      110 ,      141 ,       31 ,      107 ,       78 ,       91 ,        2 ,      106 ,        7 ,       77 ,      142 ,       17 ,      137 ,      149 ,       36 ,       45 ,      133 ,       72 ,      116 ,      103 ,       13 ,      102 ,      131 ,       55 ,      138 ,      135 ,        8 ,       66 ,       19 ,       64 ,      148 ,        5 ,      108 ,       75 ,       58 ,       23 ,       99 ,       69 ,      145 ,      114 ,      111 ,       56 ,      144 ,       10 ,       93 ,       49 ,      100 ,      105 ,       15 ,      123 ,       38 ,       44 ,       65 , 
      59 ,      129 ,      122 ,      139 ,       46 ,      127 ,      118 ,       92 ,       54 ,      126 ,       27 ,       42 ,       53 ,      147 ,       57 ,       18 ,      117 ,       94 ,        1 ,       52 ,       25 ,       81 ,       62 ,       61 ,        3 ,       70 ,       80 ,        0 ,       83 ,       29 ,      119 ,       76 ,       98 ,        4 ,       47 ,      121 ,      115 ,       22 ,       95 ,      134 ,      140 ,       37 ,       74 ,       50 ,       21 ,        6 ,      132 ,       24 ,        9 ,      104 ,      113 ,      109 ,      124 ,      146 ,      128 ,       12 ,       63 ,      101 ,       14 ,       43 ,       40 ,      136 ,       60 ,       96 ,      120 ,       84 ,       41 ,       51 ,       34 ,       86 ,      130 ,      112 ,       30 ,       20 ,       87 ,       88 ,       35 ,       79 ,      143 ,       97 ,      125 ,       68 ,       48 ,       28 ,       73 ,       85 ,       26 ,       71 ,       32 ,       89 ,       82 ,       39 ,       11 ,       90 ,       33 ,       67 ,       16 ,      110 ,      141 ,       78 ,       31 ,       91 ,      107 ,        2 ,      106 ,        7 ,       77 ,       17 ,      142 ,      137 ,       45 ,       36 ,      149 ,      116 ,      103 ,       72 ,       13 ,      133 ,      102 ,      131 ,       55 ,      138 ,       66 ,        8 ,       19 ,      135 ,      148 ,       64 ,        5 ,      108 ,       75 ,       58 ,       23 ,       99 ,       69 ,      145 ,      111 ,       56 ,      114 ,       10 ,       49 ,      144 ,       93 ,      100 ,       15 ,      105 ,      123 ,       44 ,       38 ,       65 , 
      59 ,      139 ,      129 ,      127 ,      122 ,       46 ,       54 ,      118 ,       92 ,       27 ,      126 ,      147 ,       57 ,       53 ,       42 ,      117 ,       94 ,       18 ,       52 ,        1 ,       25 ,       81 ,       62 ,        3 ,       61 ,       80 ,       70 ,       83 ,        0 ,      119 ,       29 ,       76 ,       98 ,       47 ,        4 ,       22 ,      121 ,      115 ,      140 ,       95 ,       74 ,      134 ,       37 ,       50 ,      132 ,        6 ,       21 ,        9 ,       24 ,      113 ,      104 ,      124 ,      109 ,      146 ,      128 ,       12 ,       63 ,      101 ,       14 ,       43 ,      136 ,       40 ,       96 ,       60 ,       41 ,       84 ,      120 ,       51 ,       34 ,      130 ,      112 ,       86 ,       30 ,       87 ,       88 ,       35 ,       20 ,       97 ,      125 ,       79 ,      143 ,       48 ,       68 ,       28 ,       73 ,       71 ,       26 ,       85 ,       89 ,       32 ,       11 ,       82 ,       90 ,       39 ,       16 ,       33 ,      110 ,       67 ,       31 ,      141 ,       78 ,       91 ,        2 ,      107 ,      106 ,       17 ,        7 ,      142 ,       77 ,      137 ,      149 ,       45 ,       36 ,      116 ,      103 ,       72 ,       13 ,      102 ,      133 ,      131 ,      138 ,       66 ,       55 ,       19 ,      148 ,        8 ,      135 ,        5 ,       75 ,       64 ,      108 ,       58 ,       23 ,       69 ,       99 ,      145 ,       56 ,      111 ,       49 ,      114 ,      144 ,       93 ,       10 ,       15 ,      100 ,      105 ,       44 ,      123 ,       38 ,       65 , 
      59 ,      129 ,      139 ,      127 ,      122 ,      118 ,       46 ,       92 ,      126 ,       54 ,       27 ,      147 ,       53 ,       57 ,       42 ,      117 ,       94 ,       18 ,        1 ,       52 ,       81 ,       25 ,       62 ,        3 ,       61 ,       80 ,       83 ,       70 ,      119 ,        0 ,       98 ,       47 ,       29 ,       76 ,       22 ,      121 ,      115 ,        4 ,      140 ,      134 ,       74 ,       50 ,       95 ,        6 ,       37 ,       21 ,      132 ,        9 ,       24 ,      113 ,      104 ,      124 ,      128 ,      146 ,       63 ,      109 ,      101 ,       12 ,      136 ,       43 ,       14 ,       40 ,       96 ,       41 ,       84 ,       60 ,      120 ,      130 ,       51 ,       34 ,       30 ,       87 ,       86 ,      112 ,       35 ,       97 ,       20 ,       88 ,       79 ,      143 ,      125 ,       48 ,       68 ,       73 ,       28 ,       71 ,       26 ,       32 ,       85 ,       11 ,       89 ,       90 ,       82 ,       16 ,      110 ,       39 ,       31 ,       67 ,      141 ,       33 ,       91 ,       78 ,        2 ,       17 ,      107 ,      106 ,        7 ,      137 ,       77 ,      142 ,      149 ,       45 ,       36 ,      116 ,      103 ,      102 ,       72 ,      133 ,      131 ,      138 ,       13 ,       66 ,       55 ,       19 ,        8 ,      148 ,      135 ,        5 ,       75 ,      108 ,       64 ,       23 ,       69 ,       58 ,       99 ,       56 ,      145 ,       49 ,      111 ,      144 ,      114 ,       93 ,       15 ,      105 ,      100 ,       10 ,      123 ,       65 ,       44 ,       38 , 
     139 ,       59 ,      129 ,      127 ,      122 ,       92 ,      118 ,      126 ,       27 ,       54 ,       46 ,       53 ,       42 ,      147 ,       57 ,      117 ,       94 ,       18 ,        1 ,       25 ,       52 ,       81 ,       62 ,        3 ,       61 ,       80 ,       83 ,       70 ,      119 ,        0 ,       98 ,       76 ,       29 ,       47 ,       22 ,      121 ,      115 ,        4 ,      140 ,      134 ,       74 ,       50 ,       95 ,       21 ,       37 ,        9 ,        6 ,      113 ,      104 ,      132 ,       24 ,      124 ,      128 ,      146 ,       63 ,      101 ,       12 ,      109 ,      136 ,       14 ,       40 ,       96 ,       43 ,       60 ,       84 ,       41 ,      120 ,      130 ,       34 ,       51 ,       87 ,       30 ,       86 ,       97 ,      112 ,       20 ,       35 ,       79 ,       88 ,       48 ,      143 ,      125 ,       68 ,       71 ,       73 ,       32 ,       28 ,       26 ,       85 ,       90 ,       89 ,       11 ,       82 ,       16 ,       39 ,      110 ,       31 ,      141 ,       67 ,       91 ,       33 ,       17 ,      107 ,        2 ,      106 ,       78 ,        7 ,      137 ,       77 ,       45 ,       36 ,      142 ,      149 ,      116 ,      103 ,      133 ,       72 ,      102 ,       13 ,      138 ,      131 ,       66 ,       55 ,        8 ,       19 ,      135 ,       75 ,      148 ,        5 ,      108 ,       64 ,       23 ,       69 ,       58 ,       99 ,      145 ,       56 ,       49 ,      144 ,      111 ,       93 ,      114 ,       15 ,      105 ,       10 ,      100 ,      123 ,       44 ,       65 ,       38 , 
     139 ,      129 ,       59 ,      127 ,       92 ,      122 ,      118 ,       27 ,       46 ,       54 ,       53 ,      147 ,       42 ,      126 ,      117 ,       94 ,       57 ,       18 ,       25 ,        1 ,       81 ,       62 ,       52 ,       61 ,        3 ,       80 ,       83 ,        0 ,       70 ,      119 ,       29 ,       22 ,       98 ,       47 ,       76 ,        4 ,      115 ,      121 ,      140 ,      134 ,       74 ,       21 ,       50 ,       95 ,       37 ,        9 ,        6 ,      104 ,      113 ,      124 ,      132 ,      146 ,      128 ,       24 ,      101 ,       63 ,       12 ,      109 ,       14 ,      136 ,       40 ,       43 ,       96 ,       41 ,      120 ,       84 ,      130 ,       60 ,       51 ,       34 ,       30 ,       86 ,       87 ,       97 ,       20 ,       79 ,      112 ,       35 ,       48 ,       88 ,      143 ,      125 ,       68 ,       73 ,       71 ,       32 ,       26 ,       90 ,       85 ,       28 ,       11 ,       89 ,       82 ,       16 ,       31 ,       39 ,       67 ,      110 ,      141 ,       33 ,       91 ,      107 ,       17 ,        2 ,       78 ,      137 ,        7 ,       77 ,      106 ,       36 ,      142 ,       45 ,      149 ,      116 ,      103 ,      102 ,      133 ,       72 ,      131 ,       66 ,      138 ,       13 ,       55 ,        8 ,      135 ,       75 ,       19 ,      148 ,       64 ,        5 ,      108 ,       69 ,       23 ,       99 ,       58 ,       56 ,      144 ,       49 ,      145 ,      114 ,      111 ,       93 ,       10 ,       15 ,      105 ,      123 ,      100 ,       65 ,       44 ,       38 , 
     129 ,      139 ,       59 ,      122 ,       92 ,      127 ,       27 ,      118 ,       46 ,       54 ,       53 ,      147 ,       42 ,      117 ,       94 ,      126 ,       18 ,       57 ,        1 ,       25 ,       62 ,       81 ,        3 ,       52 ,       83 ,       61 ,       80 ,       70 ,        0 ,       29 ,      119 ,       22 ,       98 ,       47 ,        4 ,       76 ,      115 ,      140 ,      121 ,      134 ,       50 ,       74 ,       21 ,       95 ,       37 ,        9 ,      104 ,        6 ,      113 ,      146 ,      132 ,      124 ,      128 ,      101 ,       24 ,      109 ,       12 ,       14 ,      136 ,       63 ,       43 ,       40 ,       96 ,       41 ,       84 ,      130 ,       60 ,      120 ,       34 ,       30 ,       51 ,       86 ,       97 ,       20 ,       87 ,      112 ,       79 ,       35 ,       48 ,      143 ,       88 ,      125 ,       73 ,       68 ,       71 ,       90 ,       32 ,       28 ,       85 ,       11 ,       26 ,       89 ,       82 ,       31 ,       16 ,       39 ,       67 ,      110 ,       33 ,      107 ,      141 ,        2 ,       91 ,      137 ,       17 ,        7 ,      106 ,       77 ,       45 ,       78 ,      142 ,       36 ,      149 ,      116 ,      102 ,      103 ,      133 ,       72 ,      138 ,      131 ,       66 ,       13 ,       55 ,        8 ,      135 ,       19 ,       75 ,       64 ,        5 ,      148 ,       69 ,      108 ,       23 ,       58 ,      144 ,       99 ,       49 ,       56 ,      111 ,      145 ,       10 ,      114 ,       93 ,      105 ,       15 ,      123 ,      100 ,       38 ,       65 ,       44 , 
     129 ,       59 ,      139 ,       92 ,      122 ,      127 ,      118 ,       54 ,       27 ,       53 ,      147 ,       46 ,      117 ,       42 ,        1 ,      126 ,       57 ,       94 ,       18 ,       25 ,       62 ,       81 ,        3 ,       83 ,       61 ,       80 ,       52 ,       70 ,      119 ,        0 ,       29 ,       47 ,       22 ,       98 ,        4 ,      115 ,       76 ,      134 ,      140 ,       50 ,      121 ,       74 ,       21 ,       95 ,       37 ,        6 ,        9 ,      104 ,      146 ,      113 ,      132 ,      124 ,      128 ,      101 ,       24 ,       12 ,      109 ,       14 ,      136 ,       63 ,       43 ,       40 ,       96 ,       41 ,       84 ,      130 ,      120 ,       34 ,       60 ,       30 ,       51 ,       86 ,       87 ,       20 ,       97 ,       79 ,      112 ,       35 ,       48 ,      125 ,       88 ,      143 ,       68 ,       90 ,       73 ,       71 ,       32 ,       11 ,       85 ,       28 ,       89 ,       26 ,       31 ,       82 ,       67 ,       16 ,       39 ,      110 ,      141 ,      107 ,       33 ,        2 ,       91 ,      137 ,        7 ,       17 ,      106 ,       77 ,       45 ,      142 ,       36 ,      116 ,      102 ,       78 ,      103 ,      149 ,      133 ,      138 ,       72 ,      131 ,       66 ,       13 ,        8 ,      135 ,       55 ,       19 ,       64 ,        5 ,       69 ,       75 ,      148 ,       23 ,       58 ,      108 ,       56 ,       99 ,       49 ,      111 ,      145 ,      144 ,       10 ,      114 ,       15 ,       93 ,      105 ,      123 ,       65 ,       38 ,      100 ,       44 , 
