798 , 200 , 10 , 291021 , ILS
     103 ,      117 ,       99 ,       49 ,      127 ,      125 ,       53 ,       80 ,        2 ,       41 ,      185 ,      150 ,      106 ,      162 ,      165 ,      198 ,       43 ,       31 ,      124 ,      153 ,      159 ,      195 ,       87 ,       26 ,      116 ,       69 ,      168 ,       36 ,       48 ,      130 ,       37 ,      170 ,      104 ,      122 ,      187 ,       61 ,       94 ,       78 ,       65 ,      111 ,      184 ,      113 ,       89 ,      172 ,       56 ,      137 ,      192 ,       55 ,       29 ,      141 ,       81 ,      135 ,       44 ,      131 ,        3 ,      174 ,       38 ,       54 ,       58 ,       35 ,       79 ,       10 ,      149 ,      120 ,       93 ,      179 ,      193 ,       75 ,      119 ,      169 ,      129 ,        5 ,       92 ,       60 ,      164 ,       95 ,       42 ,       46 ,      118 ,       27 ,        9 ,      186 ,      181 ,      148 ,       98 ,       88 ,      102 ,      175 ,      128 ,       13 ,      121 ,      158 ,      147 ,      133 ,      152 ,       12 ,       70 ,      157 ,      145 ,       18 ,       76 ,       57 ,       72 ,       91 ,      114 ,        0 ,       11 ,       39 ,      154 ,      143 ,      160 ,      183 ,        8 ,       86 ,      123 ,      144 ,       85 ,       77 ,      194 ,      191 ,      197 ,       24 ,      161 ,      105 ,      199 ,      173 ,      188 ,       20 ,      171 ,       51 ,      107 ,       66 ,       83 ,      138 ,        4 ,      110 ,       90 ,       74 ,       84 ,      155 ,      156 ,       16 ,       50 ,       17 ,      142 ,       73 ,       33 ,      178 ,      176 ,      182 ,      190 ,      146 ,       23 ,       64 ,      115 ,      136 ,       40 ,      140 ,       52 ,       34 ,      196 ,      177 ,       21 ,      108 ,        6 ,      166 ,      100 ,      101 ,       59 ,        7 ,      112 ,       96 ,       62 ,       63 ,      180 ,      134 ,       82 ,       47 ,      139 ,      167 ,       22 ,       97 ,      189 ,       15 ,      132 ,       14 ,       19 ,       30 ,       67 ,       68 ,       25 ,      109 ,      151 ,      126 ,       71 ,       32 ,       45 ,      163 ,        1 ,       28 , 
     117 ,       49 ,      127 ,       99 ,       53 ,      103 ,       80 ,        2 ,       41 ,      125 ,      185 ,      162 ,      150 ,      165 ,      106 ,       31 ,       43 ,      198 ,      153 ,      124 ,      195 ,       87 ,      159 ,       26 ,      168 ,       69 ,      116 ,       36 ,       48 ,      170 ,      104 ,      130 ,      122 ,       37 ,       61 ,       78 ,      187 ,       94 ,      111 ,       65 ,       89 ,      172 ,      184 ,      113 ,      137 ,       56 ,      192 ,      141 ,       29 ,       55 ,       44 ,       81 ,      135 ,      131 ,        3 ,      174 ,       54 ,       38 ,       58 ,       79 ,       35 ,       10 ,      149 ,      120 ,      193 ,       93 ,      179 ,      169 ,      119 ,       75 ,        5 ,      129 ,       92 ,      164 ,       60 ,       42 ,      118 ,       27 ,       46 ,       95 ,        9 ,      181 ,      186 ,      148 ,      102 ,       88 ,       98 ,      128 ,       13 ,      175 ,      121 ,      158 ,      133 ,      147 ,      152 ,      157 ,       70 ,       12 ,       18 ,      145 ,       76 ,       57 ,       72 ,       91 ,       11 ,      114 ,        0 ,      143 ,       39 ,      160 ,      183 ,      154 ,        8 ,       86 ,      123 ,      144 ,       85 ,       77 ,      194 ,       24 ,      191 ,      161 ,      197 ,      105 ,      173 ,      199 ,       20 ,      171 ,      188 ,      107 ,       83 ,       51 ,       66 ,      138 ,      110 ,        4 ,       74 ,       90 ,       84 ,      155 ,      156 ,       50 ,       16 ,       73 ,       17 ,      142 ,      176 ,       33 ,      190 ,      178 ,      182 ,       23 ,      146 ,       64 ,      115 ,      136 ,       40 ,      140 ,       52 ,       34 ,      196 ,       21 ,      177 ,      108 ,      166 ,      101 ,        6 ,      100 ,      112 ,        7 ,       59 ,       96 ,       62 ,      180 ,       63 ,      134 ,       82 ,       47 ,      167 ,      139 ,       22 ,       97 ,      189 ,       15 ,      132 ,       30 ,       14 ,       19 ,       68 ,      109 ,       67 ,       25 ,      151 ,      126 ,       71 ,       32 ,        1 ,       45 ,      163 ,       28 , 
     117 ,       49 ,       99 ,      127 ,      103 ,        2 ,       80 ,       53 ,       41 ,      125 ,      150 ,      162 ,      185 ,      165 ,       43 ,      106 ,      198 ,      124 ,       31 ,      153 ,      159 ,       87 ,      195 ,       26 ,      168 ,      116 ,       69 ,      170 ,       48 ,       36 ,      130 ,       37 ,      104 ,       78 ,      122 ,       61 ,      187 ,      111 ,       65 ,       94 ,      184 ,      113 ,      172 ,       89 ,      192 ,       56 ,      137 ,       29 ,       55 ,       44 ,      141 ,      135 ,       81 ,        3 ,      131 ,      174 ,       38 ,       54 ,       58 ,       79 ,       10 ,       35 ,      193 ,      149 ,      120 ,      179 ,      169 ,       93 ,      119 ,       75 ,      129 ,        5 ,       60 ,       92 ,      164 ,      118 ,       46 ,       27 ,       42 ,      181 ,       95 ,      186 ,        9 ,      148 ,       88 ,      102 ,       98 ,      128 ,       13 ,      133 ,      147 ,      175 ,      158 ,      121 ,      152 ,      157 ,       12 ,       18 ,      145 ,       70 ,       72 ,       76 ,       57 ,      114 ,        0 ,       91 ,       11 ,      160 ,      143 ,      154 ,       39 ,      183 ,        8 ,      144 ,       85 ,      123 ,       86 ,       77 ,      194 ,      191 ,       24 ,      161 ,      197 ,      199 ,       20 ,      105 ,      173 ,      171 ,       83 ,      188 ,      107 ,       66 ,      138 ,       51 ,      110 ,       90 ,       74 ,        4 ,      156 ,       84 ,      155 ,       16 ,       17 ,       50 ,       73 ,      142 ,      176 ,      178 ,       33 ,      182 ,      190 ,       23 ,      115 ,       64 ,      146 ,       40 ,      136 ,       52 ,      140 ,      196 ,       34 ,       21 ,      177 ,      101 ,      108 ,      100 ,      166 ,        7 ,      112 ,        6 ,       96 ,       59 ,       62 ,      180 ,       63 ,       47 ,      134 ,      139 ,       82 ,      167 ,       97 ,       15 ,       22 ,       30 ,      189 ,       14 ,       19 ,      132 ,      109 ,       68 ,      151 ,       25 ,       67 ,       71 ,      126 ,       32 ,        1 ,      163 ,       45 ,       28 , 
     117 ,      127 ,       49 ,       99 ,       80 ,        2 ,       53 ,      103 ,       41 ,      125 ,      185 ,      162 ,      150 ,       43 ,      165 ,      106 ,      198 ,      153 ,      124 ,       87 ,       31 ,       26 ,      159 ,      116 ,      168 ,      195 ,       48 ,       69 ,      170 ,      130 ,       36 ,      104 ,       37 ,      122 ,       78 ,       61 ,      187 ,      111 ,      184 ,       65 ,      113 ,       94 ,      192 ,       56 ,      172 ,      137 ,       55 ,       89 ,       29 ,      141 ,      135 ,        3 ,      131 ,       44 ,       81 ,       54 ,       38 ,      174 ,       79 ,       10 ,       58 ,       35 ,      149 ,      193 ,      179 ,       93 ,      119 ,      120 ,      169 ,      129 ,        5 ,       75 ,      164 ,       60 ,      118 ,       46 ,       27 ,       92 ,       95 ,      186 ,      181 ,        9 ,       42 ,       88 ,      102 ,      148 ,       98 ,       13 ,      133 ,      128 ,      175 ,      121 ,      147 ,      158 ,      152 ,       12 ,      157 ,      145 ,       72 ,       70 ,       18 ,       76 ,      114 ,       57 ,       91 ,        0 ,      160 ,      143 ,       11 ,      154 ,       39 ,      183 ,        8 ,      123 ,       86 ,       85 ,      144 ,      194 ,      191 ,       77 ,       24 ,      197 ,      161 ,       20 ,      199 ,      105 ,      171 ,      173 ,      188 ,       83 ,      138 ,       66 ,      107 ,       51 ,       74 ,      110 ,       90 ,      156 ,        4 ,      155 ,       84 ,       50 ,       17 ,       16 ,       73 ,      142 ,      190 ,      176 ,      178 ,       23 ,      182 ,       33 ,       64 ,      115 ,       40 ,      136 ,      146 ,      196 ,       52 ,      140 ,       34 ,       21 ,      177 ,      108 ,      101 ,      100 ,        7 ,      166 ,        6 ,      112 ,       96 ,       59 ,       62 ,       63 ,       47 ,      180 ,       82 ,      139 ,      134 ,      167 ,       97 ,       22 ,       30 ,       15 ,       19 ,      132 ,       14 ,      189 ,      151 ,       68 ,      109 ,       67 ,       25 ,       71 ,      126 ,       32 ,       45 ,      163 ,        1 ,       28 , 
     127 ,      117 ,       49 ,       80 ,       99 ,        2 ,       41 ,      125 ,       53 ,      103 ,      185 ,      162 ,       43 ,      165 ,      198 ,      150 ,      106 ,       87 ,      153 ,       26 ,      124 ,      116 ,      168 ,       31 ,       48 ,      159 ,      195 ,       69 ,      170 ,      130 ,      104 ,       36 ,      122 ,       37 ,       78 ,      187 ,       61 ,      184 ,       65 ,      111 ,      192 ,      113 ,       94 ,       56 ,      172 ,       55 ,      137 ,       29 ,      141 ,       89 ,      135 ,       44 ,        3 ,      131 ,       54 ,       81 ,       38 ,      174 ,       58 ,       10 ,       79 ,      149 ,      193 ,       35 ,      179 ,       93 ,      120 ,      169 ,      119 ,       75 ,      129 ,        5 ,      164 ,      118 ,       46 ,       60 ,       95 ,       92 ,       27 ,        9 ,      186 ,      181 ,      102 ,       42 ,      148 ,       88 ,       13 ,      133 ,       98 ,      175 ,      128 ,      147 ,      158 ,      121 ,      152 ,      157 ,       12 ,      145 ,       18 ,       72 ,       70 ,       57 ,      114 ,       76 ,      160 ,        0 ,       91 ,      154 ,       39 ,      143 ,       11 ,      123 ,      183 ,       86 ,        8 ,       85 ,      144 ,      191 ,      194 ,       24 ,       77 ,      197 ,      161 ,      105 ,       20 ,      199 ,      171 ,      173 ,      188 ,       83 ,      107 ,      138 ,       51 ,       66 ,       90 ,       74 ,      110 ,      155 ,      156 ,        4 ,       84 ,       17 ,       50 ,       16 ,      142 ,       73 ,      190 ,      178 ,      176 ,      182 ,       33 ,       23 ,      115 ,       40 ,       64 ,      136 ,      196 ,      140 ,      146 ,       52 ,       34 ,      177 ,      108 ,       21 ,      100 ,        7 ,      101 ,        6 ,      112 ,      166 ,       96 ,       62 ,       59 ,       63 ,       47 ,      180 ,      139 ,       82 ,       97 ,      134 ,       30 ,       22 ,      167 ,       15 ,       19 ,      132 ,      151 ,       14 ,      189 ,       67 ,       68 ,      109 ,      126 ,       32 ,       25 ,       71 ,       45 ,        1 ,      163 ,       28 , 
     127 ,       80 ,      117 ,       49 ,        2 ,       99 ,       41 ,      125 ,      103 ,      185 ,      165 ,       53 ,      162 ,       43 ,      198 ,      150 ,       87 ,      106 ,      153 ,      124 ,       26 ,       31 ,      168 ,       48 ,      159 ,      116 ,      195 ,       69 ,      104 ,      170 ,      130 ,       36 ,       78 ,      122 ,       37 ,       61 ,      187 ,      184 ,      111 ,      113 ,       65 ,      192 ,       94 ,       56 ,      137 ,       55 ,      172 ,      141 ,       29 ,       89 ,       44 ,        3 ,      135 ,       54 ,      131 ,       81 ,       58 ,       10 ,      174 ,       38 ,      149 ,       35 ,       79 ,      193 ,       93 ,      179 ,      169 ,      120 ,      119 ,        5 ,       75 ,      129 ,      118 ,      164 ,       46 ,       92 ,       60 ,       95 ,        9 ,      186 ,      102 ,       42 ,       27 ,      181 ,      148 ,       13 ,      133 ,       98 ,       88 ,      175 ,      147 ,      121 ,      128 ,      152 ,      158 ,      157 ,       12 ,       18 ,       70 ,      145 ,       72 ,       57 ,      160 ,       76 ,      114 ,      154 ,       39 ,       91 ,        0 ,      143 ,       11 ,       86 ,      183 ,      123 ,      144 ,       85 ,        8 ,      194 ,      191 ,       24 ,       77 ,      161 ,       20 ,      197 ,      105 ,      173 ,      188 ,      171 ,      199 ,       83 ,      107 ,      138 ,       51 ,       66 ,       74 ,      110 ,       90 ,      156 ,       84 ,       17 ,      155 ,        4 ,      142 ,       16 ,       50 ,      178 ,      190 ,      182 ,       33 ,       73 ,      115 ,      176 ,       40 ,       23 ,      136 ,      196 ,       64 ,      140 ,      146 ,       52 ,       34 ,      108 ,      177 ,       21 ,        7 ,      101 ,      100 ,      112 ,        6 ,       96 ,       59 ,      166 ,       62 ,       47 ,       63 ,      180 ,       82 ,      134 ,      139 ,       97 ,      167 ,       30 ,       22 ,       15 ,       19 ,      132 ,       14 ,      151 ,      189 ,       68 ,       67 ,      126 ,       25 ,       71 ,      109 ,       32 ,      163 ,       45 ,        1 ,       28 , 
     127 ,       80 ,        2 ,       49 ,      117 ,       99 ,       41 ,      185 ,      125 ,      165 ,      162 ,      103 ,      198 ,       43 ,       87 ,       53 ,      150 ,      106 ,      153 ,      124 ,       26 ,       48 ,      168 ,       31 ,      159 ,      116 ,      195 ,       69 ,      130 ,      170 ,      104 ,       36 ,       78 ,      122 ,       61 ,      184 ,       37 ,      111 ,      187 ,      192 ,       94 ,       56 ,      113 ,       65 ,      172 ,       55 ,      137 ,      141 ,       44 ,       29 ,       89 ,       54 ,        3 ,       81 ,      135 ,      131 ,       10 ,       38 ,       58 ,      174 ,      149 ,       35 ,       79 ,      179 ,       93 ,      193 ,      169 ,      119 ,      120 ,        5 ,       75 ,      164 ,       46 ,      129 ,      118 ,       92 ,        9 ,       95 ,       60 ,       42 ,      186 ,      181 ,      148 ,      102 ,       27 ,       13 ,       98 ,      133 ,      147 ,       88 ,      175 ,      128 ,      121 ,      152 ,      157 ,      158 ,       18 ,       12 ,       72 ,       70 ,      145 ,      160 ,       57 ,       76 ,      154 ,      114 ,       91 ,       39 ,        0 ,       11 ,      183 ,      143 ,       86 ,      123 ,       85 ,      144 ,      191 ,      194 ,        8 ,       24 ,       77 ,      197 ,      161 ,      173 ,       20 ,      105 ,      188 ,      199 ,      171 ,      138 ,       51 ,       83 ,       74 ,      107 ,       66 ,       90 ,      110 ,      156 ,       17 ,      155 ,       84 ,      142 ,        4 ,      178 ,       50 ,       16 ,      182 ,       33 ,      190 ,       73 ,      176 ,       23 ,      115 ,       40 ,       64 ,      136 ,      140 ,      196 ,       52 ,      146 ,      177 ,       34 ,       21 ,      108 ,        7 ,      112 ,      100 ,       96 ,      101 ,       59 ,        6 ,       62 ,      166 ,       63 ,       47 ,       82 ,      134 ,      180 ,      139 ,       30 ,       97 ,      167 ,       15 ,       19 ,       22 ,       14 ,      132 ,      189 ,       68 ,       67 ,      151 ,       25 ,      109 ,       32 ,      126 ,       71 ,      163 ,        1 ,       45 ,       28 , 
     127 ,       80 ,      117 ,       49 ,       99 ,        2 ,       41 ,      185 ,      125 ,      165 ,      198 ,      162 ,      103 ,       87 ,       53 ,      150 ,       43 ,      106 ,       26 ,       31 ,      124 ,      153 ,      168 ,       48 ,      116 ,      159 ,       69 ,      195 ,      130 ,      170 ,      104 ,       78 ,       36 ,      122 ,       61 ,       37 ,      184 ,      187 ,      111 ,      192 ,      113 ,      172 ,       94 ,       56 ,       65 ,      137 ,       55 ,      141 ,       44 ,       89 ,        3 ,       29 ,       81 ,      135 ,       54 ,       38 ,       10 ,      131 ,       58 ,      174 ,       79 ,      149 ,       35 ,      193 ,      169 ,       93 ,      119 ,      179 ,      120 ,        5 ,       46 ,       75 ,      164 ,      118 ,      129 ,        9 ,       92 ,       95 ,       42 ,      148 ,       60 ,      181 ,      186 ,      102 ,       27 ,      133 ,       98 ,       13 ,       88 ,      147 ,      175 ,      121 ,      128 ,      157 ,      152 ,      158 ,       72 ,       18 ,      145 ,       12 ,       57 ,       70 ,       76 ,      160 ,       91 ,      154 ,       39 ,      114 ,       11 ,      183 ,       86 ,        0 ,      143 ,       85 ,      123 ,      144 ,      194 ,      191 ,       24 ,       77 ,      197 ,        8 ,      161 ,       20 ,      173 ,      199 ,      105 ,      188 ,      171 ,       51 ,      138 ,       74 ,       66 ,      107 ,      110 ,       83 ,       90 ,      156 ,       17 ,      155 ,       84 ,      142 ,        4 ,       50 ,      182 ,       16 ,      178 ,       73 ,       33 ,      190 ,      176 ,      115 ,       23 ,      136 ,      140 ,       64 ,       40 ,      196 ,       52 ,       34 ,      146 ,       21 ,      177 ,        7 ,      100 ,      108 ,      112 ,       59 ,       96 ,      101 ,       62 ,       47 ,       63 ,        6 ,      166 ,      180 ,       82 ,      134 ,      139 ,       30 ,       97 ,      167 ,       19 ,       22 ,       15 ,       14 ,      132 ,       67 ,      189 ,       68 ,      109 ,      151 ,       25 ,       32 ,      126 ,       71 ,      163 ,       45 ,        1 ,       28 , 
      80 ,      127 ,      117 ,        2 ,       49 ,       99 ,      185 ,      198 ,      125 ,      165 ,      103 ,       41 ,       87 ,      162 ,       53 ,      150 ,      106 ,       26 ,       43 ,       31 ,      124 ,      168 ,       48 ,      153 ,       69 ,      159 ,      116 ,      130 ,      195 ,      170 ,       78 ,      104 ,       36 ,      122 ,       37 ,      187 ,       61 ,      184 ,      113 ,      111 ,       94 ,      192 ,       56 ,      137 ,       65 ,      172 ,       55 ,      141 ,       44 ,       89 ,       81 ,        3 ,       54 ,       38 ,       29 ,      135 ,      131 ,      174 ,       10 ,       58 ,       79 ,      193 ,      149 ,       35 ,      119 ,      169 ,       93 ,        5 ,       46 ,      120 ,      164 ,      179 ,      118 ,       75 ,       92 ,      129 ,       95 ,        9 ,       60 ,      148 ,       42 ,      181 ,      102 ,      186 ,      133 ,       98 ,       27 ,       13 ,      147 ,       88 ,      175 ,      121 ,      128 ,      152 ,      157 ,       18 ,      145 ,       12 ,      158 ,       72 ,       57 ,       70 ,       76 ,       91 ,       39 ,      160 ,      154 ,      114 ,       11 ,       86 ,      183 ,       85 ,      143 ,        0 ,      123 ,      191 ,      144 ,       77 ,       24 ,      194 ,      197 ,        8 ,      173 ,      161 ,      199 ,      188 ,       51 ,       20 ,      171 ,      105 ,      138 ,      107 ,       66 ,       74 ,      110 ,       83 ,      156 ,       90 ,       17 ,       84 ,      155 ,      142 ,        4 ,       16 ,      182 ,       50 ,       33 ,      178 ,       73 ,      176 ,      115 ,      190 ,      136 ,      140 ,       23 ,       64 ,       40 ,      196 ,       52 ,       34 ,      146 ,      177 ,      100 ,       21 ,        7 ,      108 ,      112 ,       59 ,       96 ,      101 ,       62 ,        6 ,       47 ,      166 ,       63 ,      180 ,      134 ,       82 ,       30 ,      139 ,      167 ,       19 ,       22 ,       97 ,       15 ,       14 ,      132 ,       67 ,      189 ,      151 ,       68 ,      109 ,       25 ,       32 ,       71 ,      126 ,      163 ,       45 ,        1 ,       28 , 
      80 ,      117 ,      127 ,       49 ,        2 ,       99 ,      185 ,      198 ,      103 ,      125 ,      165 ,      162 ,       53 ,       41 ,      106 ,       87 ,      150 ,       31 ,       43 ,       26 ,       48 ,      124 ,      168 ,       69 ,      153 ,      159 ,      116 ,      130 ,      195 ,       78 ,      104 ,      170 ,       36 ,       37 ,      187 ,      122 ,       61 ,      111 ,      113 ,      184 ,       94 ,      192 ,       65 ,      137 ,       55 ,       56 ,      141 ,      172 ,       89 ,       44 ,       81 ,       38 ,        3 ,       54 ,      131 ,       29 ,      135 ,      174 ,       58 ,       10 ,       79 ,       35 ,      119 ,      193 ,       93 ,      149 ,        5 ,      169 ,       46 ,      164 ,      120 ,       75 ,      129 ,        9 ,      179 ,       92 ,      118 ,       60 ,       95 ,      148 ,       42 ,      102 ,      181 ,      133 ,      147 ,       98 ,       13 ,      186 ,       88 ,       27 ,      121 ,      175 ,      152 ,      128 ,      157 ,      145 ,       18 ,       72 ,       57 ,       12 ,      158 ,       91 ,       70 ,       76 ,       39 ,      160 ,       11 ,      154 ,      114 ,      183 ,       86 ,       85 ,        0 ,      143 ,      191 ,      123 ,      144 ,      194 ,      197 ,       77 ,      173 ,       24 ,      199 ,        8 ,       51 ,       20 ,      161 ,      188 ,      105 ,      107 ,      171 ,      138 ,       74 ,      110 ,       83 ,       66 ,       90 ,      156 ,       84 ,       17 ,      155 ,      142 ,        4 ,       16 ,       50 ,       33 ,      182 ,      176 ,      178 ,       73 ,      115 ,      136 ,      190 ,      140 ,       40 ,       23 ,       64 ,      196 ,       34 ,       52 ,      177 ,      146 ,      100 ,      108 ,       21 ,      112 ,       59 ,        7 ,      101 ,       96 ,       47 ,        6 ,       62 ,      166 ,      180 ,       63 ,      134 ,       82 ,      139 ,      167 ,       30 ,       19 ,       15 ,       22 ,       14 ,      189 ,      132 ,       67 ,       97 ,      151 ,       68 ,       25 ,       32 ,      109 ,      163 ,       71 ,      126 ,       45 ,        1 ,       28 , 
