484 , 150 , 10 , 99404 , ILST
      19 ,        5 ,      104 ,       22 ,       26 ,      120 ,        1 ,      112 ,       84 ,       12 ,      147 ,      141 ,       41 ,       81 ,       44 ,       50 ,      136 ,       13 ,       93 ,       99 ,       43 ,        0 ,        8 ,      109 ,       82 ,       14 ,      140 ,        4 ,       30 ,      137 ,       86 ,       25 ,      102 ,       28 ,       92 ,      110 ,       34 ,       18 ,      106 ,       73 ,       80 ,       59 ,       55 ,      130 ,       45 ,       17 ,      133 ,      108 ,       15 ,      135 ,       75 ,       49 ,       60 ,      129 ,       24 ,       94 ,       67 ,       89 ,       58 ,      113 ,       69 ,       79 ,      118 ,       83 ,       56 ,       33 ,      107 ,       72 ,      149 ,       48 ,       77 ,      105 ,       95 ,       64 ,       27 ,       21 ,        9 ,       98 ,       85 ,      115 ,       36 ,       11 ,       88 ,       52 ,      145 ,       61 ,       97 ,      125 ,       23 ,       38 ,      116 ,        2 ,      126 ,       63 ,      127 ,      146 ,      103 ,       32 ,      122 ,        3 ,      143 ,      128 ,       39 ,      114 ,      121 ,       40 ,       47 ,       20 ,       53 ,      139 ,       31 ,      123 ,      138 ,       62 ,       65 ,       16 ,       70 ,       10 ,      148 ,       29 ,        6 ,       66 ,      134 ,       78 ,      119 ,      117 ,      100 ,       42 ,       71 ,      111 ,       91 ,       35 ,      101 ,      142 ,       74 ,       46 ,       90 ,      144 ,       76 ,       37 ,       51 ,       54 ,       87 ,       57 ,      131 ,        7 ,       96 ,      124 ,       68 ,      132 , 
      26 ,      104 ,       22 ,        5 ,       84 ,       19 ,      112 ,      120 ,       12 ,      147 ,       44 ,       81 ,       41 ,        1 ,       50 ,      141 ,       99 ,       13 ,       43 ,        8 ,      136 ,      109 ,       93 ,       82 ,        0 ,        4 ,       30 ,      137 ,       25 ,       14 ,       92 ,      140 ,       28 ,      110 ,       86 ,      102 ,       34 ,       80 ,      106 ,       55 ,       18 ,       73 ,       17 ,       59 ,      130 ,      108 ,       45 ,      133 ,       49 ,       15 ,      135 ,       60 ,       24 ,       89 ,       75 ,       94 ,      129 ,       69 ,       58 ,       79 ,      113 ,       83 ,       67 ,      118 ,       33 ,      149 ,       56 ,       48 ,      107 ,      105 ,       95 ,       72 ,       64 ,       77 ,       85 ,       21 ,       27 ,        9 ,       98 ,      115 ,       11 ,       88 ,       36 ,      145 ,       52 ,       97 ,       61 ,        2 ,      116 ,       23 ,      125 ,       38 ,      126 ,       63 ,      127 ,       32 ,      143 ,      103 ,        3 ,      146 ,       39 ,      122 ,      114 ,       40 ,       47 ,      128 ,      121 ,       31 ,      138 ,      139 ,       65 ,       16 ,       20 ,      123 ,       53 ,       10 ,       62 ,       29 ,      148 ,        6 ,       70 ,      134 ,       66 ,      100 ,       78 ,      119 ,       42 ,       71 ,      101 ,       35 ,       74 ,      117 ,       90 ,      144 ,       76 ,      111 ,       91 ,       37 ,       46 ,       51 ,      142 ,       57 ,        7 ,       87 ,      124 ,       54 ,      131 ,       68 ,       96 ,      132 , 
      22 ,      104 ,      112 ,       26 ,       19 ,      120 ,        5 ,       84 ,       41 ,      147 ,       12 ,       50 ,       44 ,       99 ,      141 ,        1 ,       43 ,       81 ,       13 ,      109 ,        0 ,        8 ,       93 ,      136 ,        4 ,       82 ,       30 ,       25 ,       28 ,      140 ,      137 ,       92 ,       14 ,       80 ,      102 ,       34 ,      110 ,       55 ,       86 ,       73 ,       17 ,      106 ,       59 ,       18 ,      108 ,      133 ,       49 ,      130 ,      135 ,       45 ,       15 ,       24 ,      129 ,       60 ,       75 ,       94 ,       79 ,       89 ,       67 ,       69 ,       83 ,      149 ,      113 ,      118 ,       58 ,       56 ,      107 ,       33 ,      105 ,       64 ,       48 ,       72 ,       95 ,       85 ,        9 ,       77 ,       21 ,      115 ,       27 ,       88 ,      145 ,       98 ,       36 ,       11 ,       52 ,       61 ,       97 ,      116 ,      125 ,       38 ,       23 ,        2 ,      126 ,      143 ,      103 ,       63 ,      127 ,      122 ,       39 ,       32 ,        3 ,       40 ,       47 ,      146 ,      114 ,       31 ,      121 ,      138 ,      128 ,       20 ,       65 ,      139 ,       53 ,       10 ,       29 ,      123 ,       62 ,        6 ,       16 ,      148 ,       66 ,       70 ,      100 ,      134 ,       78 ,      119 ,       42 ,       74 ,       90 ,      117 ,       71 ,      111 ,       35 ,      101 ,       76 ,      144 ,       46 ,       37 ,       91 ,      142 ,       51 ,       57 ,       54 ,        7 ,       68 ,      131 ,      124 ,       87 ,       96 ,      132 , 
      19 ,       22 ,      104 ,      112 ,       26 ,      120 ,       41 ,      147 ,        5 ,       84 ,       44 ,       50 ,      141 ,        1 ,       12 ,       43 ,      109 ,       99 ,       13 ,       93 ,       81 ,      136 ,        0 ,       25 ,       82 ,        4 ,        8 ,       30 ,      137 ,       14 ,       28 ,       34 ,       80 ,       92 ,      140 ,       73 ,       86 ,      102 ,       55 ,      106 ,      110 ,       59 ,       18 ,       17 ,      108 ,      133 ,       49 ,      135 ,       45 ,      130 ,       24 ,       60 ,       94 ,       79 ,       15 ,       67 ,       89 ,       75 ,      129 ,       83 ,       58 ,       56 ,      118 ,       69 ,      113 ,      149 ,      107 ,       48 ,       33 ,       85 ,      105 ,       64 ,       95 ,       21 ,       72 ,       77 ,       88 ,      115 ,        9 ,      145 ,       36 ,       27 ,       97 ,      116 ,       98 ,       61 ,       11 ,       23 ,       52 ,       38 ,      125 ,      143 ,       63 ,      126 ,        2 ,      127 ,       39 ,      122 ,      103 ,       40 ,      146 ,       32 ,       47 ,      121 ,        3 ,      114 ,       31 ,      139 ,      128 ,       65 ,      138 ,       20 ,       10 ,        6 ,      123 ,       29 ,       62 ,       70 ,       66 ,       53 ,      148 ,       16 ,      119 ,       78 ,       74 ,      100 ,      101 ,       90 ,       71 ,       42 ,      134 ,      144 ,      111 ,      117 ,       35 ,       91 ,       76 ,      142 ,       37 ,       46 ,        7 ,       68 ,       51 ,       54 ,      132 ,      131 ,       57 ,       87 ,      124 ,       96 , 
      22 ,       26 ,       19 ,       41 ,      147 ,      104 ,      112 ,       44 ,      120 ,        1 ,      141 ,       84 ,       12 ,       50 ,        5 ,      109 ,       99 ,       43 ,       13 ,        0 ,       81 ,        4 ,       93 ,       82 ,        8 ,       25 ,      137 ,      136 ,       14 ,       92 ,       28 ,       30 ,      140 ,       86 ,       34 ,       80 ,       73 ,       59 ,       55 ,      110 ,      106 ,      102 ,      108 ,       18 ,       45 ,       17 ,       49 ,      130 ,       24 ,      133 ,       94 ,      135 ,       15 ,       89 ,       60 ,       79 ,       75 ,       58 ,      129 ,       83 ,       67 ,       56 ,      113 ,       69 ,       33 ,      149 ,      118 ,       64 ,      107 ,       85 ,       48 ,       95 ,       88 ,      105 ,       72 ,      115 ,        9 ,       77 ,       21 ,      145 ,       98 ,       36 ,       61 ,       97 ,       11 ,       52 ,       27 ,       38 ,      143 ,      116 ,       23 ,      125 ,       63 ,      122 ,      126 ,        2 ,       40 ,       39 ,      127 ,       32 ,      103 ,       47 ,       31 ,      146 ,        3 ,       65 ,      121 ,      128 ,      114 ,      139 ,       20 ,      138 ,       62 ,        6 ,       10 ,       53 ,       66 ,      123 ,       16 ,       29 ,       70 ,      119 ,       78 ,      100 ,      148 ,       74 ,      101 ,       71 ,      134 ,       90 ,       42 ,      144 ,       35 ,      117 ,       76 ,      111 ,       91 ,        7 ,       46 ,       68 ,      142 ,       37 ,       51 ,       57 ,      124 ,       96 ,      131 ,       87 ,      132 ,       54 , 
      26 ,       19 ,       22 ,       44 ,       41 ,      112 ,      141 ,      104 ,      147 ,      120 ,       12 ,       50 ,       84 ,        1 ,       99 ,        5 ,      109 ,       13 ,       81 ,        0 ,       93 ,       43 ,        4 ,       82 ,      136 ,      137 ,       25 ,        8 ,       92 ,       28 ,       30 ,       86 ,       14 ,       80 ,       73 ,       34 ,      106 ,       59 ,      108 ,      140 ,      102 ,       55 ,      110 ,       49 ,       17 ,       18 ,      130 ,       45 ,       24 ,      133 ,       15 ,       79 ,      135 ,       89 ,       94 ,       75 ,       60 ,       67 ,       56 ,       58 ,      129 ,       69 ,      149 ,       83 ,       64 ,      113 ,       33 ,       95 ,       85 ,      118 ,      107 ,       48 ,        9 ,      115 ,      105 ,       88 ,       77 ,       72 ,       36 ,       21 ,      145 ,       98 ,       27 ,       61 ,       97 ,       38 ,       11 ,       52 ,       23 ,      116 ,      125 ,      143 ,       63 ,      122 ,      126 ,        2 ,       39 ,       32 ,      127 ,       47 ,       40 ,      103 ,      146 ,      128 ,      114 ,       31 ,        3 ,       65 ,       20 ,      138 ,      121 ,       62 ,      139 ,      123 ,       10 ,       29 ,       66 ,        6 ,       16 ,       53 ,       70 ,      119 ,       78 ,      100 ,      134 ,       74 ,       90 ,      148 ,       71 ,       35 ,      101 ,       42 ,      117 ,       76 ,      144 ,       91 ,      111 ,       68 ,        7 ,       46 ,       37 ,      124 ,       96 ,      142 ,       51 ,      131 ,      132 ,       57 ,       87 ,       54 , 
      44 ,       26 ,      112 ,       19 ,       41 ,      147 ,       22 ,      104 ,       12 ,      141 ,      120 ,       84 ,        1 ,      109 ,       50 ,        5 ,       81 ,       99 ,       13 ,        0 ,       93 ,       43 ,      136 ,        4 ,       82 ,       28 ,      137 ,       30 ,       86 ,       14 ,        8 ,       34 ,       92 ,       25 ,       80 ,      108 ,       73 ,       59 ,      110 ,      106 ,      102 ,      140 ,       55 ,       17 ,       49 ,      130 ,      133 ,       45 ,       18 ,       79 ,       24 ,       89 ,       94 ,       15 ,       75 ,      135 ,       56 ,       60 ,       58 ,       67 ,      129 ,      149 ,       64 ,       33 ,       69 ,       83 ,       95 ,      113 ,       85 ,        9 ,      115 ,      105 ,      107 ,       48 ,       88 ,       36 ,      118 ,       21 ,      145 ,       77 ,       72 ,       27 ,       98 ,       97 ,       61 ,       38 ,       52 ,      125 ,       11 ,       23 ,       63 ,      122 ,       39 ,      116 ,      143 ,        2 ,       32 ,      127 ,      126 ,       40 ,      103 ,      128 ,       47 ,      146 ,        3 ,      138 ,       20 ,      114 ,       31 ,       65 ,      123 ,      121 ,       62 ,      139 ,       66 ,        6 ,       53 ,       10 ,       70 ,      119 ,       29 ,       78 ,       16 ,       90 ,      134 ,      100 ,      148 ,       74 ,       35 ,       42 ,       71 ,      144 ,       91 ,      101 ,      111 ,      117 ,       76 ,       68 ,       37 ,       96 ,       46 ,      124 ,       51 ,      132 ,      142 ,        7 ,      131 ,       87 ,       57 ,       54 , 
      41 ,       26 ,       44 ,      104 ,       22 ,      147 ,       19 ,      112 ,       84 ,        1 ,       12 ,      120 ,      141 ,       50 ,        5 ,       81 ,      109 ,       13 ,       99 ,       93 ,        4 ,        0 ,      136 ,       82 ,      137 ,       28 ,       43 ,       14 ,       86 ,       30 ,       80 ,       92 ,       25 ,       34 ,       59 ,      106 ,      108 ,        8 ,      140 ,       17 ,       73 ,      110 ,       55 ,      102 ,       45 ,      133 ,       79 ,       49 ,       24 ,      130 ,       75 ,       18 ,       89 ,       15 ,       60 ,       94 ,       56 ,       58 ,      135 ,       64 ,       67 ,       83 ,      129 ,       33 ,      149 ,       95 ,        9 ,      115 ,      113 ,       69 ,       85 ,       88 ,       48 ,      118 ,      107 ,       77 ,       72 ,       36 ,      105 ,       98 ,       21 ,       61 ,      145 ,       27 ,       52 ,       97 ,       11 ,      122 ,       23 ,       38 ,      125 ,       63 ,        2 ,      143 ,       39 ,       32 ,      116 ,      103 ,       40 ,      127 ,      126 ,      128 ,       47 ,      138 ,      146 ,        3 ,       20 ,       65 ,      121 ,       62 ,      123 ,      114 ,       31 ,      139 ,       66 ,       70 ,        6 ,       29 ,      119 ,       16 ,       10 ,       53 ,       78 ,      134 ,      100 ,       90 ,       71 ,      148 ,      144 ,       42 ,       74 ,       35 ,      111 ,      101 ,      117 ,       76 ,       91 ,       68 ,      124 ,       51 ,       37 ,       96 ,       46 ,      131 ,      132 ,        7 ,       87 ,      142 ,       54 ,       57 , 
      44 ,       22 ,       41 ,       26 ,      104 ,      112 ,       19 ,        1 ,      147 ,       84 ,      141 ,       50 ,       81 ,       12 ,      120 ,       99 ,       93 ,        5 ,      109 ,       13 ,        4 ,       82 ,       43 ,      137 ,        0 ,       28 ,      136 ,       86 ,       25 ,       59 ,       92 ,       14 ,       30 ,      106 ,       34 ,       80 ,      140 ,      108 ,        8 ,      110 ,       73 ,       55 ,       17 ,       24 ,      133 ,      102 ,       45 ,      130 ,       18 ,       49 ,       79 ,       89 ,       75 ,       60 ,       56 ,      135 ,       94 ,       58 ,       64 ,       15 ,       83 ,      129 ,       67 ,      115 ,       95 ,      149 ,      113 ,       85 ,       33 ,       48 ,       69 ,        9 ,       77 ,      118 ,       72 ,       88 ,      107 ,       36 ,       21 ,      145 ,       52 ,       27 ,       98 ,      105 ,       97 ,      122 ,       61 ,      125 ,       38 ,       11 ,       63 ,       23 ,       32 ,      116 ,      143 ,        2 ,       40 ,      103 ,       39 ,      127 ,      126 ,      128 ,      146 ,       20 ,      121 ,       47 ,       65 ,      138 ,      114 ,        3 ,      139 ,       31 ,      123 ,       62 ,       70 ,       66 ,       16 ,       10 ,        6 ,      119 ,       29 ,      134 ,       53 ,       71 ,      148 ,       90 ,       78 ,      100 ,      144 ,       35 ,       74 ,      101 ,       42 ,      111 ,       91 ,       68 ,       76 ,      117 ,      124 ,       96 ,      132 ,      131 ,       51 ,       46 ,       37 ,      142 ,       87 ,        7 ,       54 ,       57 , 
      44 ,       41 ,       22 ,      112 ,        1 ,       26 ,       84 ,      104 ,       19 ,       12 ,      120 ,      141 ,       50 ,       93 ,      147 ,       81 ,       99 ,        5 ,       43 ,       82 ,      109 ,        4 ,       13 ,       28 ,       86 ,      136 ,      137 ,        0 ,       92 ,       25 ,       59 ,       80 ,       14 ,      106 ,       30 ,      140 ,      110 ,       73 ,       55 ,       34 ,      108 ,        8 ,       24 ,       17 ,      102 ,       45 ,      130 ,       18 ,      133 ,       49 ,       89 ,       79 ,       56 ,      135 ,       94 ,       75 ,       58 ,       60 ,       64 ,      115 ,       83 ,       15 ,      149 ,       85 ,      129 ,       67 ,       95 ,      113 ,       77 ,        9 ,       69 ,       33 ,      118 ,       72 ,       48 ,       88 ,      107 ,       36 ,       52 ,       21 ,      105 ,       27 ,      145 ,      122 ,       97 ,       38 ,       98 ,      125 ,       23 ,      116 ,      143 ,       61 ,       63 ,       32 ,       11 ,      127 ,      103 ,        2 ,       39 ,       40 ,      126 ,      121 ,      128 ,      146 ,       65 ,       47 ,      138 ,        3 ,       62 ,       20 ,      139 ,      114 ,      123 ,       16 ,       70 ,        6 ,       31 ,       10 ,      134 ,      119 ,       66 ,       29 ,       78 ,      100 ,      148 ,       53 ,       71 ,       35 ,      101 ,       42 ,       74 ,       91 ,      111 ,      144 ,       76 ,       90 ,      132 ,       68 ,       51 ,      117 ,      124 ,      142 ,       46 ,      131 ,        7 ,       96 ,       37 ,       87 ,       54 ,       57 , 
