842 , 200 , 10 , 185966 , ILS
      69 ,       55 ,      118 ,      106 ,       30 ,      158 ,       65 ,       40 ,      165 ,      153 ,       74 ,      164 ,      128 ,       14 ,      199 ,      186 ,      117 ,        9 ,       75 ,      159 ,      139 ,       88 ,       78 ,       94 ,      198 ,      142 ,       62 ,       32 ,       37 ,      187 ,      185 ,       79 ,       63 ,       87 ,      192 ,       91 ,      178 ,       26 ,       34 ,       67 ,      115 ,        0 ,       70 ,      193 ,       48 ,      191 ,      143 ,       42 ,        1 ,      122 ,        4 ,       23 ,      100 ,       59 ,      173 ,      107 ,       89 ,       84 ,        6 ,       61 ,       85 ,      181 ,      182 ,      137 ,       25 ,      141 ,       97 ,       80 ,      163 ,       29 ,      154 ,       16 ,       19 ,      138 ,       73 ,      196 ,      132 ,      129 ,       36 ,      131 ,      194 ,       92 ,      125 ,       17 ,      110 ,       13 ,      174 ,       81 ,       53 ,        5 ,      195 ,       72 ,      152 ,      112 ,       86 ,       38 ,      177 ,      140 ,      188 ,       58 ,      184 ,      151 ,       18 ,      113 ,       10 ,       47 ,       95 ,       31 ,       50 ,      148 ,      161 ,      183 ,      134 ,       96 ,       60 ,      130 ,      147 ,      170 ,      190 ,      121 ,       49 ,       27 ,       43 ,      172 ,      111 ,      155 ,      103 ,      109 ,       12 ,      166 ,       44 ,      124 ,      126 ,       76 ,      120 ,      168 ,       11 ,       22 ,       56 ,       64 ,       82 ,      133 ,      145 ,       66 ,      108 ,       68 ,       33 ,       41 ,      157 ,       15 ,      119 ,      104 ,       54 ,       77 ,       21 ,      167 ,       57 ,       98 ,       35 ,      156 ,       24 ,       46 ,      149 ,      102 ,      171 ,      197 ,      144 ,      116 ,      189 ,       51 ,        7 ,      114 ,       90 ,      136 ,       28 ,      176 ,      101 ,        8 ,       83 ,       99 ,       45 ,      160 ,      135 ,      127 ,      179 ,      105 ,        2 ,       20 ,      180 ,       52 ,       39 ,      123 ,        3 ,      146 ,      150 ,      169 ,      175 ,       71 ,       93 ,      162 , 
      30 ,      158 ,       65 ,      118 ,       55 ,       40 ,      106 ,       69 ,      128 ,       14 ,      153 ,      164 ,      186 ,      199 ,      165 ,       74 ,       75 ,      117 ,       78 ,       88 ,       94 ,        9 ,      142 ,       62 ,      159 ,      187 ,      139 ,      198 ,       32 ,       87 ,       63 ,       37 ,      185 ,       79 ,       34 ,       91 ,      192 ,       67 ,       26 ,      178 ,      193 ,      115 ,       48 ,       70 ,        1 ,        0 ,      143 ,      191 ,       42 ,       59 ,      122 ,      173 ,        4 ,       23 ,        6 ,      100 ,       89 ,       84 ,      107 ,       61 ,       85 ,      181 ,       97 ,       25 ,      163 ,      137 ,      182 ,      141 ,       80 ,      154 ,      138 ,       29 ,       19 ,      196 ,       16 ,       73 ,      132 ,       36 ,       92 ,      131 ,      129 ,      194 ,      125 ,      110 ,       17 ,       53 ,      152 ,      195 ,       81 ,      112 ,       13 ,        5 ,      174 ,      177 ,       38 ,       72 ,       86 ,      188 ,       18 ,      113 ,      140 ,      184 ,       47 ,       58 ,      151 ,       10 ,       95 ,      148 ,       50 ,       31 ,      183 ,      161 ,      147 ,       60 ,      170 ,       96 ,      190 ,      134 ,      130 ,       49 ,      121 ,       27 ,       43 ,      155 ,      111 ,      109 ,      172 ,      166 ,      126 ,      103 ,       12 ,       76 ,       44 ,      124 ,       11 ,      168 ,       64 ,      120 ,       82 ,       22 ,       66 ,       56 ,      108 ,      133 ,      145 ,       68 ,      157 ,       33 ,       41 ,      119 ,      104 ,       15 ,       54 ,       77 ,      167 ,       21 ,       98 ,       46 ,       57 ,       24 ,      149 ,      197 ,       35 ,      102 ,      171 ,      156 ,      189 ,      116 ,       51 ,        7 ,      136 ,      144 ,       28 ,      101 ,      114 ,       90 ,        8 ,      176 ,       83 ,      160 ,       45 ,      127 ,      105 ,       52 ,      135 ,      180 ,       99 ,      179 ,      123 ,       20 ,       39 ,        2 ,      150 ,      169 ,       93 ,      146 ,        3 ,      175 ,      162 ,       71 , 
      65 ,      158 ,       30 ,      118 ,      106 ,       55 ,      128 ,       40 ,       69 ,       14 ,      164 ,      165 ,      153 ,       74 ,      199 ,      117 ,      186 ,       75 ,       88 ,       62 ,       78 ,      187 ,       94 ,      159 ,        9 ,      142 ,      198 ,      139 ,      185 ,       26 ,       63 ,       32 ,       37 ,       79 ,       87 ,       34 ,       91 ,      178 ,      192 ,       67 ,       48 ,      115 ,      193 ,       70 ,        1 ,      191 ,      143 ,       42 ,       59 ,      173 ,        4 ,        0 ,      122 ,       23 ,       89 ,      100 ,      107 ,        6 ,       84 ,       25 ,       61 ,       97 ,       85 ,      141 ,      181 ,      154 ,      182 ,      137 ,      163 ,      138 ,       80 ,       19 ,       29 ,      196 ,       92 ,       16 ,       36 ,      132 ,       73 ,      194 ,      129 ,      125 ,      152 ,      195 ,      131 ,       53 ,      110 ,       81 ,       17 ,       13 ,      177 ,      174 ,       38 ,      112 ,       18 ,        5 ,       86 ,       72 ,      140 ,       47 ,      188 ,      113 ,      184 ,       58 ,       50 ,       31 ,      151 ,      148 ,       10 ,       95 ,      183 ,      161 ,       96 ,      134 ,      170 ,      130 ,       60 ,      190 ,       43 ,      147 ,       27 ,      121 ,      111 ,      109 ,      155 ,       49 ,      126 ,      172 ,      124 ,       44 ,      103 ,       76 ,       12 ,      166 ,       11 ,      120 ,      168 ,       66 ,       22 ,       64 ,       82 ,      133 ,      145 ,       33 ,       68 ,      108 ,       56 ,      104 ,       41 ,      157 ,       77 ,      119 ,       54 ,      167 ,       98 ,       21 ,       24 ,       15 ,       35 ,      102 ,       57 ,       46 ,      197 ,      171 ,      156 ,      149 ,      116 ,        7 ,      189 ,      144 ,      136 ,       51 ,       28 ,        8 ,      101 ,      114 ,       90 ,       83 ,      176 ,      160 ,       45 ,      135 ,      180 ,       52 ,      105 ,      127 ,       99 ,       20 ,      169 ,       93 ,        2 ,      179 ,      123 ,       39 ,      150 ,      146 ,        3 ,      175 ,       71 ,      162 , 
      65 ,       55 ,      118 ,       30 ,      128 ,       40 ,       69 ,      106 ,      158 ,      164 ,       74 ,      199 ,      117 ,       75 ,      153 ,       14 ,      165 ,       78 ,      186 ,      187 ,       62 ,       88 ,       94 ,        9 ,      159 ,      139 ,      142 ,       63 ,       32 ,       79 ,       26 ,       37 ,      185 ,      198 ,      192 ,       91 ,      178 ,       67 ,       87 ,       34 ,      193 ,      115 ,       48 ,        1 ,      143 ,       70 ,       59 ,      191 ,       42 ,       23 ,      173 ,      122 ,        4 ,       89 ,      107 ,        0 ,      100 ,        6 ,       25 ,       84 ,      181 ,       61 ,       97 ,       85 ,      154 ,      141 ,      137 ,       19 ,      163 ,      138 ,      182 ,      196 ,       36 ,       80 ,      132 ,       29 ,      194 ,       92 ,       16 ,       73 ,      129 ,      131 ,      125 ,      195 ,      152 ,       53 ,      110 ,      177 ,       17 ,      174 ,       81 ,       13 ,       38 ,        5 ,      140 ,      112 ,       72 ,       18 ,       86 ,       47 ,      184 ,      188 ,      113 ,       58 ,       31 ,      148 ,      183 ,       50 ,       95 ,      151 ,      161 ,       10 ,      130 ,       60 ,       96 ,      170 ,      134 ,      190 ,      111 ,       27 ,       43 ,      109 ,      147 ,      121 ,      155 ,      124 ,       49 ,      126 ,       12 ,      172 ,       11 ,       76 ,       44 ,      166 ,       22 ,      103 ,      168 ,       82 ,      120 ,      145 ,       66 ,       68 ,       64 ,       56 ,      108 ,      133 ,       77 ,       33 ,      104 ,      167 ,       98 ,      119 ,       41 ,      157 ,       21 ,       15 ,      102 ,       46 ,       54 ,      171 ,      156 ,       24 ,       57 ,       35 ,      197 ,      149 ,      116 ,      144 ,        7 ,      189 ,      101 ,       51 ,       28 ,      114 ,      136 ,       83 ,      160 ,        8 ,       45 ,      135 ,       90 ,      176 ,      127 ,       20 ,      180 ,       52 ,       93 ,      123 ,        2 ,       99 ,      150 ,      169 ,      105 ,        3 ,       39 ,      179 ,      175 ,      146 ,       71 ,      162 , 
      65 ,      118 ,      128 ,       55 ,       30 ,       40 ,      158 ,       69 ,      117 ,      106 ,      164 ,      153 ,      199 ,       74 ,      165 ,      187 ,       78 ,       14 ,       88 ,       75 ,       94 ,      186 ,       62 ,      139 ,        9 ,       32 ,      142 ,       63 ,       79 ,       26 ,      192 ,       91 ,      159 ,      198 ,      185 ,       37 ,       67 ,       48 ,      115 ,        1 ,       34 ,      178 ,       87 ,      193 ,       70 ,      143 ,      191 ,      173 ,       59 ,      122 ,       42 ,       23 ,      107 ,        4 ,      100 ,        6 ,       89 ,        0 ,       25 ,       84 ,       61 ,      181 ,      154 ,       19 ,       85 ,      137 ,      163 ,      182 ,      141 ,      138 ,       97 ,      196 ,       80 ,       92 ,       29 ,       36 ,      132 ,       73 ,      194 ,      129 ,      131 ,       16 ,      195 ,      152 ,      125 ,      110 ,       81 ,       17 ,       53 ,      177 ,        5 ,       13 ,       38 ,      174 ,      140 ,       18 ,       72 ,       86 ,      112 ,      113 ,       58 ,      184 ,       31 ,       47 ,      188 ,      151 ,      148 ,      183 ,       50 ,       95 ,      161 ,       10 ,      134 ,       60 ,      130 ,      170 ,       96 ,      190 ,      109 ,      121 ,      111 ,       43 ,       27 ,      124 ,      155 ,       49 ,      147 ,      126 ,       12 ,       76 ,       11 ,      166 ,      103 ,      172 ,       44 ,      168 ,       82 ,      145 ,       66 ,      120 ,       22 ,      133 ,       64 ,       77 ,       68 ,      108 ,       56 ,       33 ,      167 ,      119 ,       21 ,      104 ,       41 ,       15 ,      157 ,       98 ,      171 ,       24 ,       54 ,       46 ,      102 ,      156 ,      197 ,      144 ,       57 ,      116 ,       35 ,      149 ,      101 ,      189 ,       51 ,        7 ,       28 ,      136 ,      114 ,       83 ,      160 ,       45 ,        8 ,      135 ,       20 ,      180 ,      176 ,       90 ,       93 ,       99 ,      123 ,      127 ,      150 ,        2 ,       39 ,       52 ,      179 ,      175 ,        3 ,      169 ,      105 ,      162 ,       71 ,      146 , 
      65 ,      118 ,       55 ,      128 ,       30 ,       69 ,       40 ,      106 ,      117 ,      158 ,      164 ,      153 ,      199 ,       14 ,      187 ,       74 ,      165 ,       88 ,       78 ,      139 ,       94 ,       75 ,       62 ,       63 ,      186 ,       32 ,      192 ,        9 ,       91 ,      142 ,       26 ,       79 ,       37 ,       67 ,      115 ,      159 ,      185 ,      198 ,       87 ,        1 ,       48 ,      178 ,      193 ,       34 ,       70 ,      143 ,       59 ,      173 ,      191 ,      107 ,        4 ,       42 ,       23 ,       89 ,      122 ,      100 ,       84 ,      181 ,        6 ,       61 ,       25 ,      154 ,      137 ,        0 ,       85 ,       19 ,      163 ,      138 ,      141 ,      182 ,       92 ,      196 ,      132 ,       36 ,       97 ,       29 ,       80 ,      194 ,       73 ,       16 ,      152 ,      131 ,      129 ,       81 ,      195 ,      110 ,      125 ,      177 ,       38 ,       13 ,       17 ,      174 ,        5 ,       18 ,       53 ,       86 ,      113 ,       72 ,      140 ,      112 ,      184 ,       31 ,      151 ,      188 ,       47 ,       58 ,      183 ,      161 ,      148 ,       50 ,       60 ,      170 ,       95 ,      130 ,       96 ,       10 ,      109 ,      111 ,       27 ,      124 ,      134 ,       43 ,      121 ,      190 ,      155 ,      126 ,      147 ,       12 ,       49 ,      103 ,      166 ,       76 ,       44 ,       11 ,       82 ,       66 ,      172 ,      120 ,      168 ,      145 ,       22 ,       64 ,      133 ,       56 ,      167 ,       33 ,      108 ,       77 ,       21 ,       68 ,      157 ,      119 ,      171 ,      104 ,       41 ,       46 ,       15 ,      102 ,       98 ,      156 ,       54 ,       24 ,      197 ,      144 ,       57 ,      116 ,       51 ,        7 ,      149 ,       35 ,      101 ,      189 ,       83 ,       28 ,      136 ,      114 ,       20 ,       45 ,      160 ,       90 ,      135 ,       99 ,        8 ,      180 ,       93 ,      176 ,       39 ,       52 ,      150 ,      123 ,      127 ,      179 ,        2 ,        3 ,      175 ,       71 ,      169 ,      162 ,      105 ,      146 , 
      65 ,       30 ,       69 ,      118 ,       40 ,       55 ,      128 ,      164 ,      117 ,      106 ,      199 ,      158 ,       14 ,      153 ,      187 ,       88 ,      165 ,       94 ,       75 ,       74 ,       62 ,      139 ,       78 ,       63 ,      192 ,      186 ,      142 ,       32 ,       91 ,        9 ,       26 ,       37 ,       79 ,       67 ,      159 ,      115 ,      198 ,       48 ,      185 ,        1 ,      178 ,      193 ,       87 ,       34 ,       70 ,       59 ,      191 ,      143 ,      107 ,       89 ,       42 ,      173 ,      100 ,        4 ,       84 ,      181 ,       23 ,      122 ,       25 ,      137 ,       61 ,        6 ,       85 ,      154 ,       19 ,      163 ,       92 ,      138 ,        0 ,      141 ,      196 ,      182 ,       29 ,      132 ,       36 ,       97 ,      194 ,      152 ,       73 ,       80 ,      195 ,      131 ,      129 ,       16 ,      125 ,       81 ,      177 ,      110 ,       17 ,       13 ,       38 ,       53 ,      174 ,        5 ,      140 ,       18 ,      184 ,       86 ,      113 ,      151 ,       47 ,      112 ,      188 ,       72 ,      148 ,       31 ,      183 ,      161 ,       58 ,       50 ,       96 ,       95 ,       60 ,       10 ,      130 ,      170 ,      124 ,      109 ,      121 ,      111 ,       43 ,       27 ,      155 ,      190 ,      134 ,       49 ,       12 ,      147 ,      126 ,       76 ,       44 ,      103 ,      172 ,       82 ,      166 ,      145 ,       22 ,       11 ,      120 ,       66 ,       64 ,       56 ,      168 ,      167 ,      108 ,      133 ,       33 ,       68 ,       77 ,       21 ,      119 ,       41 ,      104 ,      157 ,      171 ,      156 ,       15 ,      102 ,       98 ,       46 ,       24 ,      197 ,       54 ,       57 ,      144 ,       35 ,        7 ,      116 ,      149 ,       83 ,       51 ,      136 ,      114 ,      101 ,      189 ,       28 ,       20 ,       45 ,       99 ,       90 ,      160 ,      135 ,      176 ,       93 ,      180 ,       52 ,        8 ,       39 ,      179 ,        2 ,      150 ,      123 ,      127 ,        3 ,      175 ,      162 ,       71 ,      169 ,      146 ,      105 , 
      65 ,       69 ,      118 ,       30 ,       55 ,      128 ,       40 ,      199 ,      117 ,      106 ,      164 ,      165 ,      187 ,      158 ,      153 ,       14 ,       88 ,       62 ,       75 ,       94 ,       63 ,       74 ,      139 ,      192 ,       78 ,      142 ,      186 ,       26 ,       37 ,       32 ,       91 ,        9 ,      115 ,       67 ,      185 ,       79 ,      159 ,      178 ,      198 ,      193 ,       48 ,       59 ,       34 ,        1 ,       87 ,       70 ,      143 ,       42 ,      107 ,      191 ,       84 ,       89 ,      181 ,      173 ,       25 ,      100 ,        4 ,        6 ,      122 ,      154 ,       61 ,       23 ,      137 ,       85 ,      163 ,      138 ,        0 ,       92 ,       19 ,      182 ,      141 ,      132 ,      196 ,       36 ,      152 ,       97 ,       80 ,       73 ,       29 ,      194 ,      129 ,       81 ,      195 ,      177 ,       16 ,      131 ,      110 ,       13 ,       17 ,       38 ,      174 ,      125 ,       53 ,       18 ,      184 ,      151 ,      113 ,      140 ,        5 ,      112 ,       72 ,       47 ,       86 ,      148 ,       58 ,       31 ,      183 ,      188 ,      161 ,       96 ,      130 ,       95 ,      170 ,       50 ,       60 ,      109 ,       43 ,      124 ,       10 ,      111 ,      121 ,       27 ,       49 ,      134 ,      190 ,      126 ,       76 ,      147 ,      172 ,       12 ,      155 ,       82 ,       44 ,      103 ,      120 ,      145 ,      166 ,       22 ,       56 ,       66 ,       64 ,       11 ,      133 ,       68 ,       33 ,      108 ,      168 ,      167 ,       77 ,      104 ,       21 ,      171 ,      119 ,      156 ,       41 ,      157 ,       24 ,      102 ,      197 ,       98 ,       15 ,       46 ,       54 ,       35 ,       57 ,      116 ,        7 ,      144 ,      149 ,      101 ,       83 ,       51 ,      114 ,      136 ,       28 ,      189 ,       20 ,      135 ,       45 ,       99 ,      160 ,       93 ,      176 ,       90 ,       52 ,       39 ,      180 ,        8 ,      179 ,      150 ,      127 ,        3 ,        2 ,      123 ,      169 ,      175 ,      162 ,      146 ,      105 ,       71 , 
      65 ,       30 ,       69 ,      118 ,       55 ,      128 ,      164 ,       40 ,      199 ,      117 ,      187 ,      153 ,      158 ,       14 ,      106 ,      165 ,       63 ,       94 ,       62 ,       75 ,       88 ,      139 ,      142 ,       74 ,       78 ,      186 ,       32 ,        9 ,      192 ,       26 ,       67 ,       79 ,       37 ,       91 ,      115 ,      178 ,       48 ,      185 ,       59 ,      193 ,      159 ,       34 ,       87 ,      198 ,       42 ,      107 ,        1 ,       70 ,      143 ,      191 ,       89 ,       25 ,       84 ,      181 ,      100 ,      173 ,       61 ,        4 ,      137 ,       23 ,        6 ,      154 ,      163 ,      138 ,      122 ,       19 ,       85 ,      141 ,        0 ,       92 ,      196 ,      182 ,      132 ,      152 ,       80 ,       97 ,      194 ,       29 ,       81 ,       36 ,       73 ,      177 ,      195 ,      131 ,      129 ,       16 ,       13 ,      110 ,       17 ,       53 ,      125 ,      151 ,       18 ,       38 ,      113 ,      184 ,      174 ,      112 ,       47 ,        5 ,       86 ,      183 ,      140 ,      148 ,       72 ,      188 ,       96 ,       31 ,      161 ,       58 ,      170 ,       60 ,       50 ,      130 ,       95 ,       10 ,      111 ,       27 ,      109 ,      124 ,       49 ,       43 ,      121 ,       76 ,      172 ,      190 ,      155 ,      134 ,      126 ,       12 ,      147 ,       44 ,      120 ,       82 ,      103 ,      166 ,      145 ,       64 ,       22 ,       68 ,       66 ,      133 ,       11 ,       56 ,      168 ,       33 ,      108 ,       77 ,      171 ,      167 ,      104 ,       21 ,      156 ,      157 ,      119 ,       41 ,      197 ,       98 ,       54 ,       24 ,      102 ,       15 ,       35 ,       46 ,       57 ,      116 ,        7 ,       83 ,      149 ,      144 ,      136 ,      101 ,       20 ,      114 ,       28 ,       45 ,       51 ,      135 ,      189 ,       93 ,      176 ,       90 ,       39 ,      160 ,       99 ,       52 ,      127 ,      180 ,      150 ,        8 ,      179 ,        2 ,        3 ,      162 ,      175 ,      169 ,      123 ,      105 ,      146 ,       71 , 
      69 ,       30 ,       65 ,      118 ,      128 ,       55 ,      117 ,      199 ,      158 ,      153 ,      164 ,      106 ,       40 ,      187 ,       14 ,      165 ,       94 ,       63 ,       62 ,      142 ,       75 ,       74 ,       88 ,      139 ,      192 ,       78 ,       67 ,      186 ,       26 ,       79 ,       32 ,        9 ,       37 ,      178 ,       91 ,      115 ,      193 ,      185 ,       48 ,       59 ,       87 ,      107 ,       34 ,      159 ,      198 ,       42 ,      143 ,      191 ,        1 ,      181 ,       70 ,      173 ,       25 ,       89 ,       84 ,      100 ,       23 ,       61 ,        4 ,      137 ,      154 ,       19 ,      138 ,        6 ,      163 ,      141 ,      122 ,       92 ,      196 ,      132 ,       85 ,      152 ,        0 ,       29 ,      182 ,       36 ,       81 ,       97 ,      177 ,       80 ,      129 ,      194 ,      195 ,       13 ,       16 ,       73 ,       17 ,      131 ,       53 ,      151 ,      110 ,      125 ,       38 ,       18 ,      174 ,      113 ,        5 ,       86 ,      184 ,       47 ,      148 ,      112 ,      183 ,      188 ,      140 ,       72 ,      170 ,       58 ,       31 ,       10 ,       96 ,       50 ,       95 ,      111 ,      161 ,       60 ,      130 ,      109 ,      121 ,       49 ,      124 ,       27 ,      190 ,      155 ,       43 ,      134 ,       12 ,      126 ,      172 ,       76 ,       44 ,       82 ,      147 ,      120 ,      166 ,       64 ,      103 ,       66 ,      145 ,       22 ,       68 ,      168 ,       56 ,      133 ,       11 ,      108 ,       33 ,       77 ,      171 ,      104 ,      167 ,       21 ,      119 ,      156 ,       98 ,      157 ,       54 ,       41 ,       15 ,      197 ,       57 ,       35 ,       46 ,      149 ,       24 ,        7 ,      116 ,      102 ,       83 ,      144 ,       20 ,       45 ,       28 ,       51 ,      136 ,       90 ,      114 ,      101 ,      189 ,       39 ,      135 ,      160 ,       52 ,      176 ,      127 ,       93 ,       99 ,      179 ,      180 ,        2 ,      150 ,      175 ,      123 ,        8 ,      162 ,      169 ,        3 ,      105 ,      146 ,       71 , 
