761 , 200 , 10 , 82708 , ILST
     104 ,      129 ,       10 ,       43 ,       49 ,       64 ,      177 ,      108 ,      171 ,      163 ,       31 ,       12 ,       54 ,      142 ,      160 ,      148 ,       36 ,      178 ,       23 ,       32 ,       76 ,      135 ,       60 ,       58 ,      115 ,      189 ,      197 ,       16 ,      184 ,      166 ,      132 ,      145 ,       46 ,      181 ,       70 ,       24 ,      102 ,       40 ,      143 ,      154 ,      180 ,       15 ,      131 ,      152 ,       91 ,      179 ,      188 ,      128 ,       34 ,      173 ,       67 ,      111 ,      149 ,       78 ,       79 ,      159 ,      138 ,       84 ,      151 ,      156 ,      140 ,      155 ,      194 ,      119 ,       83 ,      134 ,        6 ,       37 ,      139 ,      146 ,       72 ,      165 ,       71 ,       50 ,       90 ,      157 ,      168 ,      199 ,      124 ,       59 ,      114 ,       28 ,        2 ,       62 ,       57 ,       56 ,       96 ,      158 ,       18 ,       20 ,      153 ,       68 ,       44 ,       94 ,      120 ,       22 ,       26 ,      106 ,      167 ,       61 ,      195 ,       39 ,       27 ,       75 ,       17 ,      118 ,        0 ,      141 ,       47 ,      133 ,      170 ,       89 ,      136 ,      137 ,       52 ,        8 ,       98 ,      110 ,       87 ,       35 ,       93 ,       88 ,       29 ,      187 ,       74 ,      123 ,       13 ,       42 ,       99 ,      107 ,      147 ,       14 ,       81 ,       82 ,       97 ,      116 ,      185 ,       55 ,       33 ,      193 ,      144 ,       48 ,       25 ,      183 ,      105 ,       63 ,      127 ,      182 ,       45 ,      186 ,       30 ,       53 ,        1 ,       95 ,      196 ,       66 ,       51 ,       65 ,       41 ,        7 ,       21 ,      172 ,      122 ,       69 ,       92 ,       38 ,       11 ,      100 ,      103 ,      169 ,        9 ,      164 ,      174 ,       73 ,      162 ,      191 ,      175 ,       85 ,      101 ,       86 ,       80 ,      198 ,      117 ,       77 ,      150 ,      125 ,        3 ,        5 ,      113 ,      126 ,      190 ,        4 ,      121 ,      109 ,      192 ,      112 ,      130 ,      176 ,      161 ,       19 , 
     129 ,       43 ,      104 ,       10 ,      177 ,       49 ,       64 ,      108 ,       31 ,      171 ,       12 ,      163 ,      142 ,       54 ,      148 ,      160 ,      178 ,       36 ,       23 ,       76 ,       32 ,       60 ,      115 ,       58 ,      135 ,      197 ,       16 ,      189 ,      184 ,      166 ,       46 ,      132 ,       70 ,      145 ,      181 ,      102 ,       24 ,       40 ,      154 ,      180 ,      131 ,      152 ,      143 ,       15 ,      179 ,       91 ,      128 ,       34 ,      188 ,      173 ,       67 ,      111 ,      149 ,       78 ,       79 ,      138 ,      151 ,      159 ,      156 ,      140 ,       84 ,      119 ,      155 ,      194 ,       83 ,      134 ,        6 ,       37 ,      139 ,      165 ,      146 ,       50 ,       90 ,       72 ,      157 ,       59 ,      168 ,      199 ,       71 ,       28 ,      124 ,      114 ,       62 ,       56 ,       57 ,        2 ,       96 ,       18 ,      158 ,      153 ,       68 ,       94 ,       20 ,       44 ,       22 ,      120 ,       26 ,       61 ,      167 ,      106 ,       39 ,       27 ,       75 ,      195 ,      118 ,        0 ,       17 ,      133 ,      141 ,      170 ,       89 ,      136 ,      110 ,      137 ,        8 ,       47 ,       98 ,       52 ,       87 ,       93 ,       35 ,       29 ,       88 ,       74 ,      187 ,      123 ,       42 ,       99 ,       13 ,      147 ,       14 ,      107 ,       82 ,       97 ,      116 ,      185 ,       81 ,       55 ,       33 ,      144 ,      193 ,      183 ,       48 ,       45 ,       30 ,      186 ,      105 ,       25 ,       63 ,      182 ,        1 ,      127 ,       95 ,       53 ,      196 ,       51 ,       66 ,       21 ,      172 ,       41 ,      122 ,        7 ,        9 ,       38 ,       69 ,      174 ,      164 ,       11 ,       65 ,      175 ,      169 ,       92 ,      103 ,      191 ,       73 ,      162 ,      100 ,      101 ,       86 ,      198 ,       85 ,       80 ,      117 ,      150 ,        4 ,      113 ,      125 ,       77 ,        3 ,      190 ,      121 ,        5 ,      126 ,      112 ,      192 ,      130 ,      176 ,      109 ,      161 ,       19 , 
      43 ,      129 ,      104 ,      177 ,       10 ,       49 ,      108 ,      171 ,       64 ,       31 ,      142 ,       12 ,      163 ,      160 ,       54 ,      148 ,      178 ,       36 ,       32 ,       23 ,       76 ,       60 ,      115 ,       58 ,      135 ,      189 ,      184 ,      166 ,      197 ,       16 ,       46 ,       70 ,      181 ,      145 ,      132 ,       24 ,      154 ,      102 ,       40 ,      131 ,      143 ,      180 ,      152 ,       15 ,      179 ,       91 ,      128 ,       34 ,      173 ,      188 ,       67 ,       78 ,      149 ,      111 ,       79 ,      151 ,      156 ,      140 ,      138 ,       84 ,      159 ,      119 ,      194 ,      155 ,      134 ,       83 ,       37 ,      139 ,        6 ,      146 ,      165 ,       90 ,       72 ,       50 ,       59 ,      199 ,      157 ,      168 ,       71 ,      124 ,       28 ,      114 ,       56 ,       57 ,       96 ,       62 ,        2 ,      158 ,       18 ,       68 ,      153 ,       20 ,       94 ,      120 ,       44 ,       22 ,       61 ,      106 ,      167 ,       26 ,       27 ,       39 ,       75 ,      118 ,       17 ,      195 ,        0 ,      141 ,      133 ,      170 ,      110 ,      136 ,        8 ,       89 ,      137 ,       47 ,       98 ,       87 ,       52 ,       35 ,       29 ,       93 ,       74 ,      123 ,       42 ,       88 ,       99 ,       13 ,      187 ,       14 ,       82 ,      147 ,      107 ,       97 ,      116 ,      185 ,       81 ,       33 ,       55 ,      144 ,      193 ,       45 ,      183 ,       48 ,       30 ,      105 ,      186 ,       63 ,        1 ,      127 ,       25 ,      182 ,       53 ,       95 ,       66 ,      196 ,       51 ,       41 ,       21 ,      172 ,        9 ,      122 ,        7 ,      174 ,      164 ,       38 ,       69 ,      175 ,      169 ,       92 ,       65 ,       11 ,      103 ,      191 ,      100 ,      162 ,      101 ,       73 ,       85 ,       86 ,       80 ,      198 ,      117 ,      150 ,      125 ,      113 ,        4 ,       77 ,        3 ,      121 ,      190 ,      126 ,        5 ,      192 ,      176 ,      109 ,      130 ,      161 ,      112 ,       19 , 
      43 ,      129 ,      104 ,      177 ,      108 ,       49 ,       10 ,       64 ,      171 ,       31 ,      142 ,       12 ,      163 ,      148 ,       54 ,      160 ,      178 ,       23 ,       36 ,       76 ,       60 ,       32 ,      115 ,      135 ,       58 ,      184 ,      197 ,      189 ,      166 ,       46 ,      181 ,       16 ,      145 ,      132 ,       70 ,       24 ,       40 ,      154 ,      131 ,      143 ,      102 ,      180 ,       15 ,       91 ,      152 ,      128 ,      173 ,      179 ,       34 ,      188 ,       78 ,       67 ,       79 ,      111 ,      156 ,      151 ,      149 ,      140 ,      159 ,      138 ,       84 ,      119 ,      134 ,      155 ,      194 ,       83 ,       37 ,      146 ,      165 ,      139 ,       72 ,       50 ,        6 ,       90 ,      157 ,      199 ,       59 ,       71 ,      168 ,      124 ,      114 ,       28 ,       56 ,       62 ,       96 ,        2 ,       57 ,       68 ,      153 ,       18 ,       94 ,      158 ,       44 ,       22 ,       20 ,      120 ,       61 ,      106 ,      167 ,       27 ,       26 ,      118 ,       75 ,       39 ,       17 ,      195 ,        0 ,      170 ,      141 ,      133 ,      136 ,      110 ,      137 ,        8 ,       47 ,       89 ,       87 ,       98 ,       29 ,       52 ,       74 ,       93 ,      123 ,       35 ,       42 ,       88 ,      187 ,       99 ,       13 ,      147 ,      107 ,       82 ,       14 ,      116 ,       81 ,       97 ,      185 ,       55 ,       33 ,      193 ,      144 ,       45 ,      183 ,      105 ,       30 ,      186 ,       63 ,       48 ,      127 ,        1 ,       53 ,       25 ,       95 ,      182 ,       66 ,       41 ,       21 ,      196 ,       51 ,      122 ,        7 ,      174 ,        9 ,      172 ,       38 ,      175 ,      164 ,       69 ,      169 ,       11 ,       65 ,       92 ,      103 ,      191 ,      100 ,       73 ,      101 ,      162 ,       80 ,       85 ,       86 ,      150 ,      117 ,      198 ,      125 ,        4 ,        3 ,      113 ,      121 ,       77 ,      126 ,      190 ,      192 ,        5 ,      176 ,      109 ,      112 ,       19 ,      161 ,      130 , 
      43 ,      104 ,      129 ,      177 ,       49 ,       64 ,      108 ,       10 ,      142 ,       31 ,      171 ,      163 ,       12 ,       54 ,      148 ,      178 ,       36 ,       23 ,      160 ,       60 ,       76 ,      135 ,       32 ,      184 ,      115 ,       58 ,      189 ,      166 ,      197 ,       16 ,       46 ,      181 ,      132 ,      145 ,       40 ,       70 ,       24 ,      143 ,      154 ,      102 ,      131 ,       15 ,      180 ,      128 ,      152 ,       91 ,       34 ,      179 ,      173 ,       78 ,      188 ,       67 ,      156 ,       79 ,      111 ,      151 ,      149 ,      140 ,       84 ,      119 ,      159 ,      138 ,      134 ,      194 ,       83 ,      155 ,      165 ,       37 ,      146 ,       50 ,        6 ,       72 ,      139 ,       90 ,      199 ,      157 ,       71 ,      168 ,       59 ,       28 ,       56 ,      114 ,      124 ,       96 ,        2 ,       62 ,       68 ,      153 ,       94 ,       57 ,       18 ,      158 ,       20 ,       44 ,       22 ,      120 ,      106 ,      167 ,       26 ,       61 ,       27 ,      118 ,       17 ,       75 ,       39 ,      170 ,        0 ,      195 ,      136 ,      133 ,      141 ,      110 ,       47 ,        8 ,       87 ,      137 ,       98 ,       89 ,       52 ,       29 ,      123 ,       74 ,       93 ,       88 ,       35 ,       42 ,       99 ,      187 ,      147 ,       82 ,      107 ,      116 ,       13 ,       81 ,       14 ,       97 ,       55 ,      185 ,       33 ,      144 ,       45 ,      193 ,       30 ,      183 ,      105 ,      186 ,       63 ,      127 ,       48 ,       53 ,        1 ,       25 ,      182 ,       66 ,       95 ,       41 ,       21 ,      196 ,       51 ,        7 ,        9 ,      174 ,      122 ,       38 ,      175 ,       69 ,      172 ,      164 ,       11 ,      169 ,       65 ,      103 ,       92 ,      191 ,      101 ,      100 ,      162 ,       73 ,       86 ,       80 ,       85 ,      150 ,      198 ,      117 ,        3 ,      125 ,        4 ,      113 ,       77 ,      121 ,      192 ,      126 ,      190 ,        5 ,      112 ,      109 ,      176 ,      161 ,       19 ,      130 , 
      43 ,      129 ,      104 ,      177 ,       49 ,       64 ,      108 ,       10 ,       31 ,      142 ,      171 ,      163 ,       12 ,      148 ,       54 ,       23 ,      178 ,       36 ,       76 ,      135 ,       32 ,      160 ,      184 ,       60 ,       58 ,      115 ,      166 ,      189 ,      197 ,      181 ,       46 ,      132 ,       16 ,       70 ,       40 ,      145 ,       24 ,      143 ,      131 ,      102 ,      154 ,      180 ,      152 ,       15 ,       91 ,      128 ,      179 ,       34 ,      173 ,      188 ,       78 ,      156 ,      111 ,      151 ,       67 ,      140 ,       79 ,      119 ,      159 ,      149 ,      138 ,       84 ,      134 ,      155 ,      194 ,       83 ,      146 ,       50 ,       37 ,       72 ,      165 ,      139 ,        6 ,       90 ,      199 ,      168 ,      157 ,       59 ,       71 ,       56 ,      114 ,       28 ,       96 ,        2 ,      124 ,      153 ,       62 ,       94 ,       18 ,       57 ,       68 ,       20 ,      158 ,       44 ,       22 ,      167 ,      120 ,      106 ,       26 ,       61 ,       17 ,      118 ,       75 ,       27 ,      170 ,      195 ,        0 ,       39 ,      141 ,      136 ,      110 ,      133 ,       87 ,       47 ,        8 ,      137 ,       52 ,       29 ,       98 ,       89 ,      123 ,       74 ,       88 ,       35 ,       93 ,       99 ,      147 ,      187 ,       42 ,      107 ,       82 ,      116 ,       13 ,       97 ,       55 ,       14 ,      185 ,       81 ,      144 ,       33 ,       45 ,       30 ,      193 ,      183 ,      105 ,      186 ,      127 ,       63 ,        1 ,       48 ,       25 ,       53 ,      182 ,       41 ,       66 ,       95 ,        9 ,        7 ,      196 ,       21 ,       51 ,      174 ,      122 ,      175 ,       38 ,      172 ,      164 ,      169 ,       69 ,      103 ,       11 ,       65 ,       92 ,      101 ,      100 ,      191 ,      162 ,       80 ,       73 ,      150 ,       86 ,       85 ,      198 ,      117 ,        3 ,      125 ,      113 ,       77 ,        4 ,      126 ,      121 ,      192 ,      190 ,        5 ,      112 ,      176 ,       19 ,      161 ,      109 ,      130 , 
      43 ,      129 ,      104 ,      177 ,       64 ,       49 ,       31 ,      108 ,       10 ,      142 ,      163 ,      171 ,       12 ,      148 ,       23 ,       36 ,       54 ,      178 ,       32 ,      135 ,      184 ,       76 ,       60 ,      160 ,      166 ,       58 ,      115 ,      197 ,      189 ,       46 ,      181 ,       16 ,      132 ,       70 ,       24 ,       40 ,      145 ,      102 ,      154 ,      143 ,      180 ,       15 ,      131 ,       91 ,      173 ,      179 ,      128 ,      152 ,       34 ,       78 ,      156 ,      188 ,      151 ,      111 ,      140 ,      119 ,       79 ,       67 ,      159 ,      138 ,      149 ,       84 ,      134 ,      155 ,       83 ,      146 ,       50 ,       37 ,      194 ,      139 ,      165 ,       72 ,       90 ,        6 ,      168 ,      199 ,      157 ,       71 ,       56 ,       59 ,      114 ,        2 ,       28 ,       96 ,      153 ,       94 ,      124 ,       57 ,       18 ,       62 ,      158 ,       44 ,       68 ,       20 ,      167 ,      120 ,       22 ,       61 ,      106 ,      118 ,       26 ,       17 ,      170 ,        0 ,       27 ,       75 ,      195 ,       39 ,      141 ,      136 ,      133 ,      110 ,       87 ,        8 ,      137 ,       98 ,       89 ,       47 ,       52 ,       29 ,      123 ,       35 ,       93 ,       88 ,       74 ,      147 ,       99 ,      107 ,      187 ,      116 ,       42 ,       82 ,       13 ,       55 ,       97 ,      185 ,       14 ,      144 ,       33 ,       30 ,       81 ,       45 ,      183 ,      105 ,      127 ,      193 ,      186 ,       25 ,       48 ,        1 ,       63 ,      182 ,       53 ,       41 ,        9 ,       66 ,       95 ,      196 ,       21 ,        7 ,       51 ,      122 ,      175 ,       38 ,      174 ,      172 ,      164 ,       69 ,      169 ,      103 ,       92 ,       65 ,       11 ,      101 ,      100 ,      162 ,      191 ,       80 ,       73 ,       85 ,      150 ,       86 ,      198 ,      125 ,      117 ,        3 ,       77 ,        4 ,      113 ,      126 ,      192 ,      121 ,      190 ,      176 ,        5 ,      112 ,       19 ,      161 ,      109 ,      130 , 
      43 ,      129 ,      104 ,       49 ,      177 ,       64 ,      108 ,       10 ,       31 ,      142 ,       12 ,      163 ,      171 ,       23 ,      148 ,      178 ,       36 ,       54 ,       32 ,      135 ,       76 ,      184 ,       60 ,      160 ,       58 ,      166 ,      197 ,      189 ,      115 ,       46 ,      181 ,      132 ,       16 ,       70 ,       40 ,       24 ,      154 ,      145 ,      180 ,      143 ,      102 ,      131 ,       91 ,       15 ,      173 ,      179 ,       34 ,      128 ,      156 ,      152 ,       78 ,      151 ,      188 ,      119 ,      140 ,      111 ,      159 ,       79 ,      138 ,       67 ,       84 ,      149 ,      134 ,      155 ,      146 ,       37 ,      194 ,      139 ,       83 ,       50 ,       72 ,      165 ,      168 ,       90 ,        6 ,      199 ,       71 ,       59 ,      114 ,      157 ,        2 ,       96 ,       56 ,      153 ,       28 ,       57 ,       94 ,      124 ,       18 ,       62 ,       44 ,      158 ,       20 ,       68 ,      120 ,       22 ,       61 ,      167 ,      106 ,      118 ,       17 ,       26 ,       27 ,      170 ,        0 ,       75 ,      195 ,       39 ,      141 ,      136 ,      110 ,       87 ,      133 ,        8 ,       98 ,       47 ,      137 ,       52 ,       29 ,       89 ,       93 ,      123 ,       88 ,       74 ,       35 ,      147 ,       99 ,      187 ,      107 ,       42 ,       13 ,       82 ,      116 ,       55 ,       97 ,       14 ,       33 ,      144 ,      185 ,       30 ,       81 ,      183 ,       45 ,      105 ,      193 ,       25 ,      127 ,      186 ,       48 ,        1 ,       63 ,      182 ,       53 ,       66 ,       41 ,       95 ,      196 ,        9 ,       21 ,       51 ,        7 ,      122 ,      175 ,      172 ,       38 ,       69 ,      164 ,      174 ,      169 ,       65 ,       11 ,       92 ,      103 ,      162 ,      101 ,      191 ,      100 ,       80 ,       85 ,      150 ,       73 ,      125 ,       86 ,      117 ,      198 ,        4 ,        3 ,       77 ,      113 ,      126 ,      190 ,      121 ,      192 ,        5 ,      112 ,      176 ,      161 ,       19 ,      130 ,      109 , 
      43 ,      129 ,      104 ,       49 ,      177 ,       64 ,      108 ,       10 ,       31 ,      142 ,      163 ,      171 ,       12 ,       23 ,      178 ,      148 ,       36 ,       54 ,       32 ,      184 ,      135 ,       76 ,       60 ,      160 ,      197 ,       58 ,      115 ,      166 ,      189 ,      181 ,       16 ,       46 ,      132 ,       40 ,       24 ,      154 ,       70 ,      180 ,      145 ,      131 ,      102 ,       91 ,       15 ,      143 ,      179 ,      128 ,      173 ,       34 ,      152 ,       78 ,      156 ,      151 ,      119 ,      188 ,      140 ,       79 ,      159 ,      111 ,      138 ,       84 ,       67 ,      134 ,      155 ,      146 ,      194 ,      149 ,       37 ,       50 ,      139 ,       83 ,      165 ,       72 ,      168 ,      199 ,       90 ,        6 ,       71 ,       59 ,      157 ,      114 ,       96 ,       56 ,        2 ,      153 ,       57 ,       28 ,      124 ,       62 ,       94 ,      158 ,       18 ,       44 ,       20 ,       68 ,      120 ,       22 ,      167 ,       61 ,      118 ,      106 ,       27 ,       26 ,       17 ,       75 ,      170 ,      195 ,        0 ,      136 ,       39 ,      141 ,      133 ,        8 ,       87 ,       47 ,      110 ,      137 ,       52 ,       98 ,       93 ,       29 ,       89 ,       74 ,       88 ,      123 ,      147 ,       35 ,      187 ,       99 ,       13 ,      107 ,       42 ,       82 ,       55 ,       97 ,       14 ,      116 ,      185 ,       30 ,       33 ,      144 ,      183 ,       45 ,       81 ,      193 ,      105 ,       25 ,      127 ,        1 ,       66 ,      182 ,      186 ,       48 ,       41 ,       63 ,      196 ,       53 ,        9 ,       51 ,       21 ,       95 ,        7 ,      172 ,      122 ,      175 ,      164 ,       38 ,       69 ,      169 ,      174 ,       65 ,       11 ,      162 ,       92 ,      191 ,      103 ,      101 ,       80 ,       85 ,      100 ,      150 ,       86 ,       73 ,      117 ,      125 ,      198 ,        3 ,        4 ,      113 ,      126 ,       77 ,      192 ,      190 ,      121 ,        5 ,      176 ,      112 ,      161 ,       19 ,      130 ,      109 , 
      43 ,      129 ,      104 ,      177 ,       49 ,      108 ,       64 ,       31 ,       10 ,      142 ,      171 ,       12 ,      163 ,       23 ,      148 ,      178 ,       36 ,       54 ,       32 ,      184 ,      135 ,       76 ,      160 ,       60 ,      197 ,       58 ,      166 ,      181 ,      115 ,      189 ,       46 ,       16 ,       40 ,      154 ,       24 ,      132 ,      145 ,       70 ,      102 ,      180 ,       15 ,       91 ,      179 ,      131 ,      143 ,      128 ,      173 ,       34 ,      152 ,      156 ,      151 ,       78 ,      188 ,      119 ,       79 ,      140 ,      159 ,      138 ,      111 ,       84 ,      134 ,      155 ,      146 ,      194 ,       67 ,      149 ,       37 ,       50 ,       83 ,       72 ,      139 ,      199 ,      165 ,       90 ,      168 ,       71 ,        6 ,      157 ,      114 ,       59 ,        2 ,       96 ,       56 ,      153 ,       57 ,      124 ,       28 ,       62 ,       18 ,      158 ,       94 ,       20 ,      120 ,       44 ,       68 ,      167 ,       61 ,       22 ,      106 ,      118 ,       17 ,       27 ,       26 ,      170 ,       75 ,      195 ,        0 ,      136 ,      141 ,      133 ,       39 ,       87 ,       47 ,      110 ,        8 ,      137 ,       98 ,       93 ,       52 ,       74 ,       35 ,       29 ,       88 ,      187 ,       89 ,      123 ,      147 ,       13 ,      107 ,       99 ,       55 ,       82 ,       42 ,       14 ,      185 ,       97 ,      116 ,       30 ,       33 ,       45 ,      144 ,       81 ,      183 ,      105 ,       25 ,      193 ,       66 ,        1 ,       63 ,       48 ,      182 ,      186 ,      127 ,       41 ,       53 ,      196 ,       21 ,       95 ,        9 ,        7 ,      172 ,       51 ,      122 ,      164 ,      175 ,       38 ,      169 ,       69 ,       65 ,      174 ,       11 ,       92 ,      103 ,      162 ,      101 ,      191 ,       80 ,      150 ,      100 ,       85 ,      117 ,       86 ,       73 ,      125 ,        3 ,      198 ,      113 ,        4 ,      126 ,       77 ,      192 ,      121 ,        5 ,      190 ,      161 ,      112 ,      176 ,      130 ,      109 ,       19 , 
