403 , 150 , 10 , 92956 , IGT
     119 ,       40 ,       81 ,      110 ,       24 ,      132 ,       83 ,      143 ,      130 ,      139 ,       59 ,       28 ,       37 ,       85 ,       25 ,      121 ,       19 ,       53 ,       44 ,       96 ,       87 ,       75 ,       32 ,       97 ,      142 ,       66 ,       86 ,      126 ,       90 ,       82 ,       38 ,      146 ,       74 ,       56 ,       95 ,       14 ,      145 ,      112 ,       93 ,       63 ,      105 ,       36 ,      106 ,      131 ,      128 ,       84 ,       22 ,       99 ,       13 ,      113 ,       12 ,      127 ,      134 ,       47 ,       26 ,       64 ,       35 ,       11 ,       50 ,        6 ,        2 ,       98 ,      125 ,       48 ,       52 ,        3 ,        9 ,      141 ,      104 ,       94 ,       31 ,       34 ,       77 ,      136 ,       15 ,      116 ,      109 ,       45 ,       61 ,      114 ,      147 ,        0 ,      124 ,       62 ,       76 ,       46 ,       78 ,      111 ,       68 ,       65 ,       27 ,       80 ,       54 ,      100 ,       88 ,      148 ,       91 ,       57 ,      149 ,        7 ,       49 ,       18 ,       41 ,      123 ,       73 ,      103 ,       79 ,      117 ,       71 ,      144 ,      118 ,      108 ,       43 ,       10 ,      120 ,       17 ,       92 ,      129 ,      107 ,       67 ,        5 ,       42 ,       29 ,       20 ,       21 ,      133 ,      140 ,       69 ,       39 ,      122 ,        1 ,      102 ,       70 ,       58 ,       72 ,       60 ,       33 ,       16 ,      138 ,      115 ,        4 ,       23 ,      101 ,       55 ,      137 ,       30 ,        8 ,       89 ,      135 ,       51 , 
      81 ,      119 ,       40 ,       24 ,       83 ,      132 ,      143 ,      110 ,      130 ,       28 ,      139 ,       85 ,       37 ,       25 ,       59 ,      121 ,       53 ,       19 ,       96 ,       44 ,       75 ,       97 ,       87 ,      142 ,       66 ,       32 ,       86 ,       82 ,      126 ,       90 ,      146 ,       38 ,       95 ,       74 ,      145 ,       56 ,       93 ,       14 ,       63 ,      112 ,      105 ,      106 ,      128 ,       36 ,      131 ,       99 ,       22 ,       84 ,       13 ,      113 ,      127 ,       12 ,      134 ,       47 ,       64 ,       26 ,       35 ,       11 ,       50 ,        6 ,        2 ,       48 ,       98 ,      125 ,        3 ,       52 ,      141 ,        9 ,       94 ,      104 ,       31 ,       34 ,       15 ,       77 ,      109 ,      136 ,       45 ,       61 ,      116 ,      147 ,      114 ,        0 ,      124 ,       76 ,       62 ,       46 ,       78 ,      111 ,       68 ,       27 ,       54 ,       80 ,       65 ,      148 ,      100 ,       57 ,       88 ,       91 ,        7 ,       18 ,      149 ,       49 ,       73 ,      123 ,       41 ,       79 ,      103 ,      117 ,       71 ,      118 ,      144 ,       10 ,      108 ,       43 ,      120 ,      129 ,       92 ,       17 ,      107 ,       67 ,        5 ,       20 ,       42 ,       29 ,      140 ,      133 ,       21 ,       69 ,        1 ,       39 ,      102 ,       70 ,      122 ,       60 ,       72 ,       58 ,       33 ,       16 ,      138 ,      115 ,      101 ,        4 ,       23 ,       55 ,       30 ,      137 ,       89 ,        8 ,       51 ,      135 , 
     119 ,       81 ,       24 ,      132 ,       40 ,       83 ,      143 ,      110 ,      130 ,       28 ,       37 ,       85 ,       25 ,      139 ,      121 ,       59 ,       53 ,       19 ,       75 ,       96 ,       44 ,       97 ,       87 ,       32 ,       86 ,      142 ,       66 ,      126 ,       90 ,       82 ,      146 ,       38 ,       74 ,       95 ,       93 ,       14 ,       56 ,       63 ,      145 ,      105 ,      106 ,      112 ,       36 ,      128 ,       99 ,       22 ,       84 ,      131 ,       13 ,      113 ,      127 ,       12 ,       47 ,       26 ,       64 ,      134 ,       11 ,       35 ,        2 ,       50 ,        6 ,       98 ,       48 ,      125 ,        3 ,       52 ,        9 ,      141 ,       31 ,       94 ,      104 ,       77 ,       34 ,      136 ,      109 ,       61 ,       15 ,      147 ,      116 ,        0 ,       45 ,      114 ,       76 ,       62 ,      124 ,       46 ,       78 ,       68 ,       27 ,       54 ,      111 ,       80 ,      100 ,       57 ,       65 ,      148 ,        7 ,       18 ,       91 ,       88 ,       73 ,       49 ,      149 ,       79 ,       41 ,      123 ,      103 ,      117 ,       71 ,      144 ,      118 ,       10 ,      108 ,      120 ,       43 ,      129 ,       17 ,       92 ,        5 ,      107 ,       67 ,       29 ,       42 ,       20 ,      140 ,      133 ,        1 ,       21 ,       39 ,       69 ,      102 ,      122 ,       70 ,       72 ,       58 ,       16 ,       33 ,       60 ,      115 ,      138 ,       23 ,      101 ,        4 ,      137 ,       30 ,       55 ,        8 ,       89 ,       51 ,      135 , 
     119 ,       81 ,       24 ,      132 ,      143 ,       83 ,       40 ,      110 ,       37 ,       28 ,      130 ,       25 ,       85 ,      139 ,       59 ,      121 ,       53 ,       19 ,       96 ,       75 ,       44 ,       87 ,       86 ,       32 ,       97 ,      142 ,       66 ,       82 ,       90 ,      146 ,      126 ,       74 ,       95 ,       38 ,       93 ,       56 ,       63 ,       14 ,      105 ,      145 ,      112 ,      106 ,       36 ,      128 ,       99 ,       84 ,      131 ,       22 ,      113 ,      127 ,       12 ,       13 ,       64 ,       47 ,       26 ,      134 ,       11 ,       50 ,       35 ,        2 ,        6 ,      125 ,       98 ,       48 ,       52 ,        9 ,      141 ,        3 ,       77 ,       94 ,       31 ,       34 ,      104 ,      136 ,       15 ,      109 ,      116 ,        0 ,      147 ,       61 ,       45 ,       76 ,      114 ,      124 ,       78 ,       62 ,       46 ,       68 ,      111 ,       27 ,       54 ,      100 ,       80 ,       65 ,      148 ,        7 ,       57 ,       18 ,       91 ,       49 ,       88 ,       73 ,       79 ,      149 ,      123 ,      117 ,       41 ,      103 ,       71 ,       10 ,      118 ,      108 ,      144 ,      129 ,      120 ,       43 ,       92 ,       17 ,      107 ,       29 ,        5 ,       67 ,       42 ,       20 ,        1 ,      140 ,       39 ,      133 ,       21 ,      102 ,       70 ,       69 ,      122 ,       58 ,       16 ,       72 ,       60 ,       33 ,      137 ,      101 ,      115 ,      138 ,        4 ,       30 ,       23 ,       51 ,       89 ,       55 ,        8 ,      135 , 
     119 ,       81 ,       24 ,       83 ,      143 ,      132 ,       37 ,      110 ,       28 ,       40 ,      130 ,       85 ,       25 ,      139 ,       53 ,       59 ,      121 ,       75 ,       96 ,       19 ,       87 ,       44 ,       32 ,       97 ,       86 ,      142 ,       66 ,       90 ,      126 ,       82 ,      146 ,       95 ,       38 ,       63 ,       93 ,       74 ,       14 ,       56 ,      105 ,      112 ,      145 ,      128 ,       36 ,      106 ,       84 ,       99 ,      113 ,      127 ,       22 ,      131 ,       12 ,       64 ,       47 ,       13 ,      134 ,       11 ,       35 ,       26 ,       50 ,        6 ,        2 ,       98 ,       48 ,       52 ,      141 ,        9 ,      125 ,        3 ,       77 ,       94 ,       31 ,      136 ,       15 ,       34 ,      104 ,      109 ,      147 ,      116 ,        0 ,       76 ,       61 ,       45 ,      114 ,       78 ,       62 ,       46 ,      124 ,      111 ,       27 ,       54 ,       68 ,      100 ,       80 ,      148 ,        7 ,       65 ,       18 ,       91 ,       57 ,       49 ,       79 ,       73 ,       88 ,      123 ,      149 ,      103 ,      117 ,       41 ,      118 ,      129 ,      108 ,       10 ,       71 ,      144 ,       43 ,      120 ,       92 ,       17 ,      107 ,        5 ,       29 ,       42 ,       67 ,       20 ,        1 ,      133 ,      140 ,      102 ,       39 ,       21 ,       70 ,       58 ,       16 ,       69 ,      122 ,       33 ,       72 ,       60 ,      137 ,      138 ,      115 ,      101 ,        4 ,       30 ,       89 ,       23 ,        8 ,      135 ,       51 ,       55 , 
     119 ,       83 ,       81 ,       24 ,      132 ,       37 ,      143 ,      110 ,       40 ,      130 ,       25 ,       28 ,       53 ,       85 ,      121 ,      139 ,       75 ,       59 ,       96 ,       44 ,       19 ,       87 ,       32 ,       86 ,      142 ,       97 ,       90 ,       82 ,       66 ,      126 ,      146 ,       38 ,       93 ,       63 ,       95 ,       14 ,      105 ,       56 ,       74 ,      112 ,      128 ,      106 ,       36 ,      145 ,      113 ,       84 ,       99 ,      127 ,      131 ,       12 ,       22 ,       13 ,      134 ,       64 ,       47 ,       35 ,       11 ,       50 ,       26 ,        6 ,        2 ,       52 ,      141 ,       98 ,       48 ,        3 ,        9 ,      125 ,       77 ,      136 ,       94 ,       31 ,       34 ,       15 ,      104 ,      109 ,      147 ,       76 ,        0 ,      116 ,       61 ,       45 ,      114 ,       62 ,      124 ,       78 ,       46 ,       27 ,       68 ,      111 ,       54 ,      100 ,       80 ,        7 ,      148 ,       18 ,       65 ,       57 ,       91 ,       49 ,       79 ,       88 ,      149 ,       73 ,      123 ,      117 ,      103 ,       41 ,       10 ,      108 ,      129 ,      118 ,      144 ,       43 ,       71 ,      120 ,       92 ,      107 ,        5 ,       17 ,       42 ,       20 ,       29 ,        1 ,       67 ,      140 ,       39 ,      102 ,       21 ,      133 ,       70 ,       58 ,       16 ,       69 ,       33 ,      122 ,      137 ,       72 ,       60 ,      138 ,        4 ,      115 ,       30 ,      101 ,       89 ,       23 ,        8 ,      135 ,       55 ,       51 , 
     119 ,       24 ,       83 ,      132 ,       37 ,       81 ,      143 ,       40 ,      130 ,      110 ,       25 ,       28 ,       53 ,      121 ,       85 ,      139 ,       59 ,       44 ,       96 ,       87 ,       75 ,       19 ,       86 ,       32 ,      142 ,       90 ,       97 ,       66 ,       82 ,      126 ,      146 ,       93 ,       38 ,       95 ,       14 ,       63 ,      105 ,       74 ,       56 ,      112 ,      128 ,      106 ,       36 ,      113 ,      145 ,      127 ,      131 ,       84 ,       99 ,       13 ,       22 ,      134 ,       12 ,       47 ,       11 ,       64 ,       50 ,       35 ,       26 ,        6 ,        2 ,       98 ,      141 ,        3 ,       52 ,        9 ,       48 ,       77 ,      136 ,      125 ,       94 ,       34 ,       31 ,       15 ,      104 ,      109 ,      147 ,        0 ,       76 ,       61 ,      116 ,      114 ,       62 ,       45 ,       46 ,       78 ,      124 ,       68 ,       27 ,       54 ,       80 ,      111 ,      100 ,        7 ,       18 ,      148 ,       57 ,       91 ,       65 ,       49 ,       79 ,       88 ,      149 ,       73 ,      117 ,       41 ,      123 ,      103 ,       10 ,      118 ,      144 ,      108 ,      129 ,       71 ,       92 ,       43 ,      120 ,        5 ,      107 ,       42 ,       20 ,       29 ,        1 ,       17 ,       67 ,       39 ,      140 ,      102 ,       21 ,       58 ,       70 ,      133 ,       16 ,       69 ,      122 ,       33 ,      137 ,      138 ,        4 ,       72 ,       30 ,       60 ,       89 ,      115 ,      101 ,       23 ,        8 ,      135 ,       55 ,       51 , 
      24 ,      119 ,       83 ,       81 ,      132 ,       37 ,      143 ,      130 ,       40 ,      110 ,       25 ,      121 ,       53 ,       28 ,      139 ,       85 ,       96 ,       44 ,       87 ,       59 ,       86 ,       32 ,       75 ,       90 ,       19 ,      142 ,       97 ,      126 ,       66 ,       82 ,       93 ,      146 ,       38 ,       95 ,       14 ,       63 ,       74 ,      112 ,      105 ,       56 ,      128 ,      113 ,       36 ,      145 ,      106 ,      127 ,       99 ,      131 ,       13 ,       84 ,      134 ,       22 ,       47 ,       12 ,       11 ,       35 ,       64 ,       50 ,        2 ,       26 ,        6 ,        3 ,      141 ,        9 ,       52 ,       48 ,       98 ,      125 ,       77 ,       94 ,      136 ,       15 ,      104 ,      109 ,       31 ,       76 ,       34 ,        0 ,      147 ,       61 ,      114 ,      116 ,       45 ,       46 ,       62 ,       78 ,      124 ,       54 ,      111 ,       80 ,       68 ,       27 ,      100 ,      148 ,        7 ,       18 ,       91 ,       57 ,       49 ,       79 ,       65 ,      149 ,       88 ,      117 ,       73 ,       41 ,      123 ,      118 ,      103 ,       10 ,      144 ,      108 ,       71 ,       92 ,      129 ,      120 ,        5 ,       42 ,       43 ,       20 ,       29 ,      107 ,       67 ,       39 ,       17 ,        1 ,      102 ,       58 ,       21 ,       70 ,      140 ,       16 ,      133 ,      122 ,       33 ,       69 ,        4 ,      137 ,      138 ,       30 ,       89 ,      115 ,       72 ,       60 ,       23 ,        8 ,      101 ,       51 ,      135 ,       55 , 
     119 ,       24 ,       83 ,      132 ,       81 ,      143 ,       37 ,      130 ,      110 ,       40 ,       25 ,       28 ,      121 ,       53 ,      139 ,       85 ,       44 ,       59 ,       96 ,       87 ,       86 ,       90 ,       75 ,       32 ,      142 ,       19 ,       97 ,       82 ,      126 ,       93 ,       66 ,      146 ,       38 ,       95 ,       74 ,       63 ,      112 ,       14 ,      128 ,      105 ,      113 ,       56 ,      106 ,      145 ,       99 ,      127 ,       36 ,       13 ,      134 ,       22 ,      131 ,       84 ,       11 ,       47 ,       12 ,       50 ,       64 ,       35 ,        2 ,        6 ,       26 ,      141 ,       52 ,        3 ,        9 ,       98 ,       48 ,      125 ,      136 ,       77 ,       94 ,      109 ,       15 ,      104 ,       31 ,        0 ,       34 ,       76 ,      147 ,      116 ,      114 ,       45 ,       62 ,       61 ,       78 ,       46 ,       80 ,      124 ,       54 ,       68 ,      111 ,       27 ,      148 ,      100 ,       91 ,        7 ,       18 ,       79 ,       57 ,      149 ,       88 ,       49 ,       73 ,       65 ,       41 ,      103 ,      117 ,      123 ,      118 ,       10 ,      144 ,       92 ,      129 ,       71 ,      120 ,      108 ,        5 ,       42 ,       20 ,       43 ,       29 ,       39 ,       17 ,        1 ,      107 ,       67 ,       58 ,      102 ,       21 ,       16 ,       70 ,      140 ,      133 ,      122 ,        4 ,       33 ,      137 ,       69 ,      138 ,       89 ,       30 ,      115 ,       23 ,       72 ,        8 ,       60 ,      101 ,       51 ,      135 ,       55 , 
     119 ,       83 ,       24 ,      143 ,       81 ,       37 ,      132 ,      110 ,      130 ,       40 ,      121 ,       25 ,       28 ,       53 ,       85 ,       44 ,      139 ,       87 ,       59 ,       86 ,       96 ,       90 ,       32 ,       75 ,       19 ,      142 ,       82 ,       97 ,       66 ,       93 ,      126 ,      146 ,       38 ,       95 ,       63 ,       14 ,      128 ,       74 ,      112 ,      105 ,      113 ,      106 ,       99 ,       56 ,      145 ,       13 ,      127 ,       36 ,      131 ,       84 ,      134 ,       11 ,       22 ,       47 ,       12 ,       64 ,       35 ,       50 ,        6 ,        2 ,       26 ,       52 ,      141 ,        3 ,        9 ,       98 ,      136 ,       77 ,      125 ,       48 ,       94 ,      109 ,       15 ,      104 ,        0 ,       31 ,       34 ,      147 ,      116 ,       76 ,      114 ,       62 ,       45 ,       78 ,       46 ,       80 ,       61 ,       68 ,       54 ,      124 ,      111 ,      148 ,       27 ,      100 ,       91 ,       18 ,        7 ,       79 ,      149 ,       88 ,       49 ,       57 ,       41 ,       73 ,       65 ,      123 ,      103 ,      117 ,       10 ,      118 ,      129 ,       71 ,      144 ,       92 ,      120 ,       42 ,       20 ,        5 ,       29 ,      108 ,       39 ,       17 ,       43 ,       67 ,      107 ,      102 ,        1 ,       16 ,       70 ,       21 ,       58 ,      140 ,      122 ,      133 ,       33 ,        4 ,       69 ,      137 ,       89 ,      138 ,      115 ,       72 ,        8 ,       30 ,       23 ,       60 ,      101 ,       51 ,       55 ,      135 , 
