724 , 200 , 10 , 272969 , ILS
     196 ,       43 ,      183 ,       39 ,      157 ,      111 ,       47 ,      197 ,      185 ,      159 ,      127 ,       81 ,       98 ,      142 ,       75 ,       52 ,       37 ,       88 ,       68 ,       79 ,       34 ,      107 ,        4 ,      156 ,      124 ,      104 ,       90 ,      187 ,       32 ,      120 ,       99 ,       57 ,       27 ,      103 ,       44 ,      144 ,      136 ,       69 ,       51 ,      152 ,       30 ,      112 ,      195 ,      149 ,      165 ,       86 ,       62 ,      175 ,       48 ,      168 ,      198 ,      147 ,        2 ,      190 ,      177 ,      194 ,      176 ,        7 ,      140 ,       65 ,       46 ,      166 ,        6 ,      164 ,      116 ,      193 ,       14 ,       91 ,      161 ,        0 ,      186 ,       31 ,       73 ,       21 ,       24 ,      148 ,       84 ,      101 ,       16 ,      179 ,      192 ,       11 ,      123 ,       26 ,      118 ,      135 ,       50 ,        9 ,       35 ,      134 ,       70 ,       58 ,      139 ,      163 ,      117 ,       42 ,      150 ,      125 ,      162 ,      169 ,       77 ,      146 ,       19 ,       87 ,       64 ,      173 ,       61 ,      158 ,       67 ,       93 ,      128 ,        3 ,      133 ,      184 ,       20 ,      130 ,      100 ,       15 ,      174 ,       54 ,       95 ,       82 ,       72 ,      138 ,      108 ,      121 ,      105 ,        8 ,      191 ,      106 ,       59 ,      178 ,       55 ,      182 ,       40 ,       23 ,       56 ,       78 ,       38 ,       28 ,      181 ,       76 ,      119 ,      170 ,       13 ,       29 ,       89 ,      110 ,       18 ,      132 ,      160 ,      153 ,      115 ,      167 ,      180 ,        1 ,       10 ,       33 ,      189 ,       74 ,      126 ,      141 ,       94 ,      154 ,       12 ,      188 ,      122 ,       41 ,      155 ,      145 ,       71 ,       53 ,      137 ,      109 ,       17 ,      113 ,       60 ,      151 ,       22 ,       45 ,       83 ,      114 ,      199 ,      131 ,      143 ,      102 ,      129 ,        5 ,       25 ,       92 ,       80 ,       85 ,       63 ,       96 ,       49 ,      172 ,      171 ,       97 ,       66 ,       36 , 
     196 ,       43 ,      183 ,       39 ,       47 ,      197 ,      157 ,      111 ,      185 ,      159 ,       98 ,      142 ,       81 ,       79 ,       37 ,       52 ,       75 ,      127 ,       88 ,      107 ,       68 ,       34 ,      124 ,        4 ,      156 ,      104 ,       32 ,       90 ,      187 ,       57 ,      120 ,      144 ,       99 ,       27 ,      136 ,      103 ,       69 ,       44 ,       30 ,       51 ,      152 ,      195 ,      112 ,      165 ,       86 ,      175 ,      149 ,      176 ,       48 ,      190 ,        2 ,      168 ,      198 ,      177 ,      166 ,      194 ,        6 ,      140 ,       65 ,      147 ,       62 ,       46 ,      116 ,      193 ,        7 ,       14 ,      164 ,      161 ,        0 ,       91 ,       73 ,      186 ,       31 ,       24 ,       21 ,       84 ,      148 ,      101 ,       16 ,       11 ,      179 ,       26 ,      123 ,      192 ,      118 ,        9 ,       35 ,      134 ,       50 ,       70 ,      135 ,       58 ,      163 ,      117 ,       42 ,      125 ,      162 ,      169 ,      139 ,      150 ,       19 ,       77 ,       87 ,       64 ,      146 ,       61 ,      173 ,      158 ,       93 ,       67 ,       20 ,      128 ,      133 ,      184 ,        3 ,      130 ,       15 ,      174 ,       95 ,      100 ,       82 ,       72 ,      138 ,       54 ,       59 ,        8 ,      191 ,      121 ,      108 ,      105 ,      178 ,      106 ,      182 ,       40 ,       23 ,       55 ,       56 ,       78 ,       38 ,      181 ,       76 ,       28 ,      119 ,      170 ,       89 ,       29 ,      110 ,      132 ,       13 ,      160 ,      153 ,      167 ,      115 ,      180 ,       18 ,      141 ,       74 ,       10 ,       33 ,      154 ,      189 ,        1 ,      126 ,       94 ,       12 ,      188 ,       41 ,      122 ,      145 ,      155 ,       71 ,       53 ,      137 ,      113 ,      109 ,       17 ,       60 ,       22 ,       83 ,       45 ,      114 ,      151 ,      131 ,      143 ,      199 ,      102 ,       25 ,      129 ,        5 ,       85 ,       63 ,       80 ,       92 ,       96 ,       49 ,       97 ,      172 ,      171 ,       36 ,       66 , 
     183 ,       43 ,      196 ,      197 ,      157 ,       39 ,       47 ,      185 ,      111 ,      159 ,       98 ,      142 ,       79 ,       81 ,       37 ,       52 ,      127 ,       75 ,       88 ,       34 ,      107 ,      124 ,       68 ,        4 ,      104 ,      156 ,       32 ,       90 ,      120 ,      187 ,       57 ,       27 ,      144 ,      103 ,       99 ,      136 ,       30 ,       44 ,       69 ,      152 ,      195 ,       51 ,       86 ,      112 ,      175 ,      165 ,      149 ,      190 ,        2 ,       48 ,      168 ,      176 ,      177 ,      198 ,        6 ,      166 ,      194 ,      147 ,       65 ,       46 ,      140 ,      193 ,      116 ,        7 ,       62 ,       14 ,      164 ,       91 ,        0 ,      161 ,       31 ,       73 ,       21 ,       24 ,      186 ,       84 ,       16 ,      148 ,      179 ,      101 ,       11 ,      123 ,       26 ,      118 ,        9 ,      192 ,       50 ,      134 ,      135 ,       35 ,      163 ,       58 ,       70 ,       42 ,      125 ,      117 ,      139 ,      162 ,      169 ,      150 ,       19 ,       64 ,       77 ,      146 ,       87 ,      158 ,       61 ,       93 ,      173 ,       20 ,       67 ,      128 ,        3 ,      130 ,      184 ,      133 ,       95 ,       15 ,      174 ,       82 ,       72 ,      100 ,       59 ,       54 ,      138 ,        8 ,      191 ,      105 ,      121 ,      108 ,      178 ,      182 ,      106 ,       55 ,       40 ,       78 ,       23 ,       38 ,       56 ,       28 ,      181 ,       76 ,      170 ,       89 ,      119 ,       29 ,      110 ,       13 ,      153 ,      132 ,      160 ,      180 ,      167 ,       18 ,      115 ,       74 ,       33 ,       10 ,      141 ,      154 ,      189 ,        1 ,       12 ,       94 ,      126 ,      188 ,       41 ,      145 ,      122 ,      155 ,       71 ,      113 ,       53 ,      137 ,       60 ,      109 ,       17 ,       45 ,      114 ,       22 ,       83 ,      131 ,      143 ,      151 ,      199 ,      129 ,      102 ,       25 ,       85 ,       63 ,        5 ,       80 ,       96 ,       92 ,      172 ,       49 ,       97 ,      171 ,       36 ,       66 , 
     183 ,      196 ,       43 ,      197 ,       47 ,      157 ,      185 ,       39 ,      159 ,      111 ,       98 ,      142 ,       79 ,       52 ,       81 ,      127 ,       37 ,       75 ,       34 ,       88 ,      107 ,      124 ,       68 ,        4 ,      104 ,      156 ,       32 ,      120 ,       57 ,       90 ,      144 ,      187 ,      103 ,       27 ,       99 ,       44 ,      136 ,      152 ,      195 ,       69 ,       30 ,      112 ,       51 ,      175 ,      165 ,       86 ,      149 ,      190 ,       48 ,        2 ,      177 ,      168 ,      176 ,        6 ,      198 ,      166 ,      194 ,       65 ,       46 ,      147 ,      140 ,        7 ,      116 ,       62 ,      193 ,       91 ,       14 ,      161 ,        0 ,      164 ,       73 ,       31 ,       24 ,       21 ,       16 ,      186 ,       84 ,      148 ,      101 ,       11 ,      123 ,       26 ,      118 ,      179 ,        9 ,       50 ,      192 ,      135 ,      163 ,       58 ,       35 ,      134 ,       42 ,      125 ,      117 ,       70 ,      139 ,      162 ,      150 ,      169 ,       77 ,       19 ,       87 ,       64 ,       61 ,       93 ,      146 ,      173 ,      158 ,       67 ,       20 ,      128 ,        3 ,      184 ,      133 ,      130 ,       15 ,       82 ,       72 ,      100 ,       95 ,      174 ,       59 ,       54 ,      191 ,      138 ,        8 ,      105 ,      121 ,      108 ,      182 ,      178 ,       40 ,       78 ,       55 ,      106 ,       56 ,       38 ,      181 ,       28 ,       23 ,       89 ,       76 ,      170 ,       29 ,       13 ,      153 ,      119 ,      110 ,      132 ,      160 ,      167 ,      180 ,       18 ,       74 ,      115 ,       33 ,      154 ,      141 ,       10 ,        1 ,      189 ,       12 ,      126 ,       41 ,       94 ,      188 ,      145 ,      122 ,      155 ,       71 ,      137 ,      113 ,       53 ,      109 ,       60 ,       45 ,       22 ,      114 ,       83 ,      131 ,       17 ,      143 ,      129 ,      151 ,      102 ,       25 ,      199 ,       85 ,       80 ,       96 ,       63 ,        5 ,      172 ,       92 ,       49 ,       97 ,       66 ,       36 ,      171 , 
     183 ,      196 ,       43 ,      197 ,      157 ,       39 ,       47 ,      185 ,      159 ,      111 ,       79 ,      142 ,       98 ,       52 ,       81 ,       75 ,       37 ,      127 ,      107 ,       34 ,      124 ,       88 ,        4 ,       68 ,      104 ,      156 ,      120 ,       32 ,       90 ,      144 ,       57 ,      103 ,      187 ,       99 ,       27 ,       44 ,      195 ,      136 ,       30 ,      152 ,       69 ,       51 ,      165 ,      175 ,      112 ,       86 ,      149 ,       48 ,        2 ,      190 ,      176 ,      168 ,        6 ,      177 ,      198 ,      194 ,      166 ,       65 ,       46 ,      147 ,      140 ,      116 ,        7 ,       62 ,      193 ,       91 ,       14 ,        0 ,       73 ,      164 ,      161 ,       24 ,       16 ,       31 ,       21 ,      186 ,       84 ,      101 ,      123 ,       26 ,       11 ,      148 ,        9 ,      118 ,      192 ,      179 ,      135 ,       50 ,      163 ,       58 ,       35 ,      134 ,      117 ,       70 ,       42 ,      162 ,      125 ,      150 ,      139 ,       19 ,      169 ,       87 ,       77 ,       64 ,       61 ,      173 ,       93 ,      146 ,      158 ,       67 ,        3 ,       20 ,      128 ,      133 ,      184 ,       82 ,      130 ,       15 ,      100 ,       72 ,       95 ,       54 ,      191 ,      174 ,      138 ,       59 ,        8 ,      108 ,      105 ,      178 ,      121 ,      182 ,       55 ,       40 ,      106 ,       78 ,       38 ,      181 ,       28 ,       23 ,       56 ,       89 ,       76 ,       29 ,      170 ,      153 ,      110 ,       13 ,      132 ,      119 ,      160 ,      167 ,       18 ,      180 ,      115 ,      154 ,       33 ,       74 ,      141 ,      189 ,       10 ,       12 ,      126 ,        1 ,      188 ,       41 ,       94 ,      122 ,      145 ,      137 ,       71 ,      155 ,       53 ,      113 ,      109 ,       60 ,       45 ,       83 ,       22 ,      114 ,      131 ,      143 ,      129 ,       17 ,      151 ,       25 ,      199 ,      102 ,       85 ,       96 ,       80 ,       63 ,       92 ,        5 ,      172 ,       66 ,       49 ,       36 ,       97 ,      171 , 
     183 ,      196 ,      197 ,       43 ,       39 ,      157 ,      185 ,       47 ,      159 ,      142 ,      111 ,       79 ,       52 ,       98 ,       81 ,       75 ,       37 ,      107 ,      124 ,      127 ,       34 ,       68 ,        4 ,      104 ,       88 ,      156 ,       90 ,      144 ,      120 ,       32 ,      103 ,       57 ,      187 ,       99 ,       27 ,      136 ,       44 ,      195 ,      152 ,       69 ,       30 ,       51 ,      175 ,      165 ,      112 ,       86 ,      149 ,      190 ,        2 ,      176 ,       48 ,      168 ,        6 ,      177 ,      198 ,      166 ,      194 ,       46 ,       65 ,      140 ,      147 ,        7 ,      116 ,       62 ,       14 ,      193 ,        0 ,       91 ,      164 ,       24 ,       73 ,       31 ,      161 ,       21 ,       16 ,       84 ,      186 ,      101 ,      123 ,       11 ,       26 ,      148 ,      118 ,        9 ,      179 ,      192 ,      135 ,       50 ,      163 ,       58 ,      134 ,      117 ,       35 ,       70 ,       42 ,      125 ,      162 ,      139 ,      169 ,      150 ,       87 ,       19 ,       77 ,       64 ,      173 ,       61 ,      158 ,       93 ,      146 ,        3 ,       20 ,      128 ,      133 ,       67 ,      184 ,       82 ,      130 ,       15 ,       72 ,       95 ,      100 ,       54 ,      174 ,      138 ,       59 ,        8 ,      191 ,      108 ,      105 ,      121 ,      178 ,      182 ,       55 ,      106 ,       40 ,       38 ,       78 ,       28 ,       56 ,      181 ,       23 ,       89 ,      170 ,       76 ,       29 ,       13 ,      153 ,      132 ,      110 ,      119 ,      160 ,       18 ,      167 ,      180 ,      154 ,       33 ,      141 ,      115 ,       74 ,       10 ,      189 ,        1 ,       12 ,      188 ,      126 ,       41 ,      145 ,       94 ,      137 ,      122 ,       53 ,       71 ,      155 ,       60 ,      113 ,      109 ,       45 ,       83 ,       22 ,      114 ,      129 ,       17 ,      131 ,      143 ,      151 ,       25 ,      199 ,       85 ,      102 ,       96 ,       63 ,        5 ,       80 ,      172 ,       92 ,       66 ,       49 ,      171 ,       36 ,       97 , 
     183 ,       43 ,       39 ,      197 ,      157 ,      196 ,      185 ,       47 ,      111 ,      159 ,      142 ,       79 ,       52 ,       98 ,       81 ,       75 ,       37 ,      124 ,      107 ,      127 ,       34 ,      104 ,       68 ,        4 ,       88 ,      144 ,      156 ,       90 ,       32 ,      120 ,       57 ,      103 ,       99 ,      187 ,       27 ,      136 ,       44 ,      195 ,       69 ,      152 ,       51 ,      175 ,      165 ,       30 ,      112 ,      190 ,      149 ,       86 ,        2 ,      168 ,       48 ,        6 ,      176 ,      198 ,      166 ,      194 ,      177 ,       65 ,      140 ,        7 ,       46 ,      147 ,       14 ,      116 ,      193 ,       62 ,      164 ,       24 ,        0 ,       31 ,      161 ,       21 ,       91 ,       84 ,       73 ,       16 ,      186 ,       11 ,       26 ,      101 ,      123 ,      118 ,      148 ,      179 ,      135 ,        9 ,      192 ,       58 ,      163 ,      134 ,       50 ,      117 ,       70 ,       35 ,       42 ,      125 ,      139 ,      169 ,      150 ,      162 ,       87 ,       19 ,       61 ,       77 ,      173 ,       64 ,      158 ,      146 ,       93 ,      128 ,       20 ,        3 ,      184 ,       67 ,      130 ,      133 ,       82 ,       15 ,       95 ,       72 ,      100 ,       54 ,      138 ,       59 ,      108 ,      174 ,      191 ,        8 ,      121 ,      178 ,      105 ,       55 ,      182 ,       40 ,       78 ,      106 ,       56 ,       38 ,       28 ,       23 ,       89 ,      181 ,       76 ,      170 ,       13 ,       29 ,      153 ,      132 ,      110 ,       18 ,      119 ,      180 ,      160 ,      167 ,      154 ,       33 ,      141 ,       74 ,       10 ,        1 ,      115 ,       41 ,       12 ,      189 ,      188 ,      126 ,      145 ,      122 ,       94 ,      137 ,       53 ,      155 ,       60 ,      113 ,       71 ,       45 ,      109 ,       25 ,       83 ,       22 ,      129 ,       17 ,      131 ,      114 ,      143 ,       85 ,      151 ,       96 ,      199 ,      102 ,       80 ,      172 ,       92 ,       63 ,        5 ,       66 ,      171 ,       97 ,       49 ,       36 , 
     183 ,      197 ,       39 ,       43 ,      185 ,      157 ,       47 ,      196 ,      142 ,      111 ,      159 ,       52 ,       79 ,       81 ,       98 ,       37 ,       75 ,      127 ,      124 ,      107 ,       68 ,       34 ,      104 ,        4 ,      144 ,       88 ,      156 ,       90 ,       57 ,       32 ,      120 ,      187 ,      103 ,       27 ,       99 ,      136 ,      195 ,       44 ,      152 ,       69 ,       51 ,      175 ,      165 ,      112 ,       30 ,      190 ,      149 ,       86 ,      168 ,        6 ,        2 ,      176 ,       48 ,      198 ,      166 ,      194 ,       65 ,      140 ,      177 ,        7 ,       46 ,      147 ,       14 ,      116 ,      164 ,       62 ,      193 ,        0 ,       24 ,       31 ,       91 ,       21 ,      161 ,       73 ,      186 ,       16 ,       26 ,       84 ,      123 ,       11 ,      118 ,      179 ,      101 ,        9 ,      192 ,      135 ,      148 ,      163 ,      134 ,       58 ,       50 ,      117 ,       70 ,       35 ,      125 ,       42 ,      139 ,      162 ,      150 ,      169 ,       19 ,       61 ,      173 ,       64 ,       77 ,       87 ,      158 ,       93 ,      146 ,        3 ,      184 ,       67 ,      128 ,      133 ,       20 ,      130 ,       15 ,       72 ,       82 ,       54 ,      138 ,      100 ,       95 ,      108 ,      174 ,       59 ,        8 ,      191 ,      121 ,      105 ,      182 ,      178 ,       55 ,       78 ,       40 ,       56 ,       28 ,      106 ,       23 ,       38 ,       89 ,      170 ,       76 ,      181 ,       29 ,      153 ,       13 ,       18 ,      110 ,      180 ,      119 ,      132 ,      167 ,       33 ,      160 ,       74 ,      154 ,      141 ,       10 ,      115 ,        1 ,      189 ,       41 ,       12 ,      188 ,      126 ,       94 ,      145 ,       53 ,      122 ,      137 ,      155 ,       71 ,       60 ,       45 ,      113 ,      109 ,       22 ,       83 ,      143 ,      131 ,       25 ,       17 ,       80 ,       96 ,      129 ,      102 ,      199 ,       49 ,      151 ,       92 ,      114 ,        5 ,      172 ,       66 ,       97 ,       63 ,       85 ,       36 ,      171 , 
     183 ,       39 ,       43 ,      197 ,      185 ,       47 ,      157 ,      142 ,      196 ,      111 ,       52 ,      159 ,       81 ,       37 ,       98 ,       79 ,       75 ,      127 ,      107 ,      124 ,      104 ,       34 ,       68 ,        4 ,      144 ,       90 ,      156 ,       88 ,       32 ,       57 ,      120 ,      103 ,      187 ,       27 ,       99 ,      136 ,       44 ,      195 ,       51 ,      152 ,       69 ,      165 ,      175 ,      112 ,      149 ,      190 ,       86 ,        2 ,       30 ,        6 ,      168 ,       48 ,      176 ,      166 ,      198 ,      194 ,       65 ,      140 ,      177 ,        7 ,       14 ,       46 ,      164 ,      147 ,       62 ,      116 ,       24 ,        0 ,      193 ,       91 ,       31 ,      161 ,       21 ,       73 ,       26 ,       16 ,      186 ,      123 ,       84 ,       11 ,      101 ,      118 ,        9 ,      179 ,      135 ,      148 ,      192 ,      163 ,      134 ,       58 ,      117 ,       50 ,      125 ,       35 ,       70 ,      139 ,      150 ,      162 ,       42 ,       19 ,      169 ,       61 ,       77 ,      173 ,       64 ,       87 ,      158 ,       93 ,      146 ,        3 ,      184 ,      128 ,       67 ,       72 ,      130 ,       15 ,      133 ,       82 ,       95 ,      100 ,       20 ,      138 ,       54 ,      108 ,      174 ,       59 ,      121 ,      105 ,      191 ,        8 ,      182 ,       78 ,      178 ,       55 ,       40 ,       28 ,      106 ,       38 ,       56 ,       89 ,       23 ,       76 ,      170 ,       29 ,      181 ,      153 ,      110 ,       18 ,      180 ,      132 ,       13 ,       33 ,      119 ,      167 ,      154 ,      141 ,       10 ,        1 ,       74 ,      115 ,      160 ,       12 ,       41 ,      189 ,      126 ,      145 ,       53 ,       94 ,      188 ,      122 ,      155 ,      137 ,       45 ,       71 ,       60 ,      113 ,       83 ,      109 ,      131 ,       22 ,       25 ,       80 ,      143 ,       17 ,       96 ,      129 ,      199 ,      102 ,        5 ,       66 ,      151 ,       49 ,       92 ,      114 ,       97 ,      172 ,       85 ,      171 ,       63 ,       36 , 
     183 ,       39 ,       43 ,      197 ,       47 ,      185 ,      157 ,      196 ,      142 ,       52 ,       81 ,      111 ,       37 ,      159 ,       79 ,       98 ,       75 ,      107 ,      124 ,      127 ,       34 ,       68 ,      104 ,        4 ,      144 ,      156 ,       90 ,       88 ,       32 ,       57 ,      120 ,      103 ,      187 ,       27 ,       44 ,       99 ,      195 ,      152 ,      136 ,       51 ,       69 ,      112 ,      165 ,      175 ,      149 ,       86 ,      190 ,        2 ,       30 ,        6 ,      168 ,      166 ,       48 ,      194 ,      198 ,      176 ,       65 ,      177 ,      140 ,       14 ,        7 ,       46 ,      164 ,      147 ,      116 ,       24 ,       62 ,       91 ,        0 ,      193 ,      161 ,       31 ,       26 ,       73 ,       21 ,       16 ,       84 ,       11 ,      118 ,      101 ,      135 ,      186 ,        9 ,      123 ,      192 ,      179 ,      148 ,      134 ,      163 ,       58 ,      125 ,      117 ,       50 ,       70 ,       35 ,      150 ,      162 ,      169 ,      139 ,       42 ,       19 ,       77 ,       61 ,      173 ,       64 ,       93 ,      158 ,       87 ,      146 ,        3 ,      184 ,       72 ,      128 ,       15 ,      133 ,       82 ,      130 ,       67 ,       95 ,       20 ,      100 ,      108 ,       54 ,       59 ,      138 ,      121 ,      174 ,      191 ,        8 ,      105 ,      182 ,       78 ,       40 ,      178 ,       55 ,      106 ,       28 ,       56 ,       89 ,       38 ,      170 ,       23 ,       76 ,      181 ,      153 ,       29 ,      110 ,      180 ,       18 ,       13 ,      132 ,      119 ,       33 ,      167 ,      141 ,      154 ,       10 ,        1 ,      115 ,      160 ,       12 ,      126 ,      189 ,       41 ,       74 ,      145 ,       94 ,       53 ,      122 ,      188 ,       45 ,      155 ,      137 ,       60 ,      113 ,       71 ,      109 ,      131 ,       83 ,       25 ,       22 ,      143 ,       80 ,       17 ,      199 ,      129 ,       97 ,       96 ,      151 ,       49 ,      102 ,      114 ,       92 ,      172 ,       36 ,       85 ,       63 ,       66 ,      171 ,        5 , 
