961 , 150 , 10 , 262864 , IG
     112 ,       33 ,       86 ,      114 ,        5 ,       87 ,       58 ,      120 ,      132 ,      128 ,       27 ,      142 ,      103 ,       83 ,       71 ,       85 ,       44 ,       94 ,       93 ,       97 ,       25 ,      121 ,        0 ,      101 ,        4 ,       92 ,       90 ,       22 ,       56 ,       42 ,       61 ,        6 ,       76 ,        9 ,       13 ,       28 ,       73 ,       69 ,      111 ,        2 ,       53 ,      108 ,      110 ,      115 ,       26 ,       46 ,      130 ,      116 ,       38 ,       60 ,       63 ,      141 ,       36 ,      133 ,       77 ,       72 ,       34 ,       64 ,      146 ,       41 ,       32 ,       39 ,       66 ,      118 ,       17 ,       48 ,       84 ,      137 ,      109 ,      134 ,      138 ,      107 ,       12 ,      143 ,      105 ,      117 ,       24 ,       67 ,      106 ,       37 ,        8 ,       57 ,       20 ,       11 ,       14 ,       16 ,      123 ,       91 ,       30 ,      140 ,       49 ,      125 ,       21 ,       29 ,       88 ,      129 ,       74 ,       10 ,       50 ,       55 ,       98 ,       43 ,       54 ,      149 ,      131 ,       68 ,      126 ,      119 ,       80 ,      122 ,       62 ,       65 ,       75 ,       23 ,       31 ,       81 ,       52 ,      102 ,        1 ,       47 ,       95 ,       96 ,       78 ,      144 ,       19 ,      100 ,       15 ,      136 ,       51 ,      139 ,      124 ,        3 ,       40 ,      147 ,      113 ,       59 ,      135 ,       18 ,       35 ,      127 ,       99 ,       79 ,       89 ,      148 ,      104 ,       82 ,       70 ,        7 ,      145 ,       45 , 
      33 ,       86 ,      112 ,      114 ,        5 ,       58 ,       87 ,      128 ,      132 ,      142 ,      120 ,      103 ,       27 ,       71 ,       44 ,       93 ,       83 ,       94 ,       85 ,       97 ,      121 ,      101 ,        4 ,       25 ,        0 ,       22 ,       92 ,       90 ,       42 ,       56 ,       76 ,        9 ,        6 ,       61 ,       28 ,       73 ,       13 ,       69 ,       53 ,      111 ,      110 ,      108 ,        2 ,       46 ,      115 ,      130 ,      116 ,       26 ,       60 ,       38 ,      141 ,       36 ,      133 ,       63 ,       77 ,       34 ,       72 ,       41 ,      146 ,       64 ,       32 ,       66 ,       39 ,       48 ,       84 ,       17 ,      118 ,      109 ,      138 ,      137 ,       12 ,      143 ,      134 ,      107 ,      117 ,       24 ,       67 ,      105 ,        8 ,      106 ,       37 ,       20 ,       57 ,       14 ,      123 ,       11 ,       91 ,       16 ,      140 ,      125 ,       30 ,       29 ,       49 ,      129 ,       88 ,       21 ,       10 ,       50 ,       74 ,       55 ,       98 ,      149 ,       54 ,       43 ,      131 ,       68 ,      119 ,      126 ,       80 ,       65 ,       62 ,      122 ,       31 ,       23 ,       75 ,       81 ,       52 ,        1 ,      102 ,       47 ,       96 ,       78 ,       95 ,      144 ,       19 ,      100 ,       15 ,       51 ,      136 ,      139 ,        3 ,      147 ,       40 ,      124 ,      135 ,       59 ,      113 ,      127 ,       35 ,       99 ,       18 ,       79 ,       89 ,      104 ,       82 ,      148 ,        7 ,       70 ,       45 ,      145 , 
      33 ,      112 ,       86 ,        5 ,       87 ,      114 ,       58 ,      142 ,      120 ,      132 ,      128 ,       71 ,       44 ,       27 ,       83 ,       93 ,      103 ,       85 ,       94 ,      121 ,        4 ,       97 ,       25 ,      101 ,        0 ,       92 ,       22 ,       42 ,       76 ,       56 ,       90 ,        6 ,       61 ,        9 ,       28 ,       73 ,       13 ,       69 ,       53 ,      111 ,      108 ,        2 ,      115 ,      110 ,       46 ,      116 ,      130 ,       60 ,       26 ,       36 ,      141 ,      133 ,       38 ,       63 ,       34 ,       41 ,       77 ,       72 ,       64 ,       32 ,      146 ,       39 ,       66 ,       84 ,       17 ,      109 ,       48 ,      137 ,      138 ,      118 ,      143 ,       12 ,      134 ,      107 ,       67 ,      117 ,       24 ,      105 ,       37 ,       20 ,      106 ,        8 ,       57 ,      123 ,       14 ,      140 ,       16 ,       11 ,       91 ,      125 ,       30 ,       29 ,       49 ,       21 ,       88 ,      129 ,       10 ,       50 ,       98 ,      149 ,       74 ,       55 ,       43 ,       54 ,      119 ,      131 ,       68 ,      126 ,       80 ,       65 ,       62 ,       23 ,       31 ,      122 ,       75 ,        1 ,       81 ,       52 ,      102 ,       47 ,       96 ,      144 ,       19 ,       78 ,       95 ,      100 ,       15 ,       51 ,      136 ,      147 ,      139 ,        3 ,      124 ,      135 ,       40 ,      113 ,      127 ,       59 ,       35 ,       18 ,       99 ,       79 ,       89 ,      104 ,       82 ,       70 ,      148 ,        7 ,       45 ,      145 , 
      33 ,      112 ,        5 ,       87 ,       86 ,      114 ,      142 ,       58 ,      132 ,      120 ,      128 ,       44 ,       83 ,       27 ,       71 ,      103 ,       85 ,       94 ,      121 ,       93 ,        4 ,      101 ,       25 ,       92 ,       97 ,        0 ,       76 ,       42 ,       22 ,       90 ,       61 ,        9 ,       56 ,        6 ,       73 ,       69 ,       28 ,       13 ,       53 ,      111 ,      108 ,      115 ,        2 ,      116 ,      130 ,      110 ,       46 ,       36 ,       26 ,       60 ,      141 ,      133 ,       63 ,       38 ,       77 ,       34 ,       72 ,       41 ,       64 ,       39 ,      146 ,       32 ,       17 ,       66 ,       84 ,       48 ,      137 ,      109 ,      118 ,      138 ,      143 ,      134 ,      107 ,       12 ,       67 ,      105 ,      117 ,       24 ,       20 ,        8 ,      106 ,       37 ,       14 ,       57 ,      123 ,       11 ,       16 ,       91 ,      140 ,      125 ,       49 ,       21 ,       29 ,       30 ,       88 ,      129 ,       50 ,       10 ,       98 ,      149 ,       43 ,       74 ,      119 ,       54 ,       55 ,       68 ,      131 ,      126 ,       80 ,       65 ,       31 ,       62 ,      122 ,        1 ,       23 ,       81 ,       75 ,      102 ,       52 ,       47 ,       96 ,       78 ,      144 ,       19 ,       15 ,      100 ,       95 ,       51 ,      147 ,      139 ,      136 ,      124 ,      135 ,        3 ,      127 ,       40 ,       59 ,      113 ,       35 ,       18 ,       99 ,       79 ,      104 ,       89 ,       70 ,      148 ,       82 ,        7 ,       45 ,      145 , 
      33 ,      112 ,       87 ,       86 ,      142 ,        5 ,      114 ,      120 ,       58 ,      132 ,       44 ,      128 ,       83 ,      103 ,       27 ,       94 ,       71 ,      121 ,       85 ,       93 ,        4 ,      101 ,       25 ,        0 ,       97 ,       92 ,       42 ,       22 ,       61 ,       76 ,       90 ,        9 ,       56 ,        6 ,       73 ,       69 ,       53 ,       28 ,       13 ,      108 ,      111 ,      115 ,        2 ,      130 ,      116 ,       46 ,       36 ,      110 ,       26 ,      133 ,      141 ,       60 ,       63 ,       34 ,       38 ,       72 ,       64 ,       77 ,       41 ,       39 ,      146 ,       17 ,       32 ,       66 ,      137 ,      109 ,       84 ,      138 ,      118 ,       48 ,      143 ,      134 ,      107 ,      105 ,       67 ,       12 ,       20 ,      117 ,        8 ,      106 ,       24 ,       37 ,       57 ,       14 ,       11 ,       16 ,      123 ,      125 ,       49 ,       91 ,      140 ,       29 ,       21 ,       30 ,      129 ,       50 ,       88 ,       10 ,       98 ,      149 ,       74 ,      119 ,       43 ,       68 ,       54 ,       55 ,      131 ,       65 ,       80 ,      126 ,       62 ,       31 ,        1 ,      122 ,       75 ,       81 ,       23 ,       52 ,      102 ,       47 ,      144 ,       96 ,       78 ,      100 ,       15 ,       51 ,       95 ,       19 ,      136 ,      124 ,      147 ,      139 ,        3 ,      127 ,      135 ,       59 ,       40 ,      113 ,       35 ,       99 ,       18 ,       89 ,      104 ,       79 ,       70 ,      148 ,       45 ,       82 ,        7 ,      145 , 
      33 ,      112 ,       86 ,      142 ,       87 ,      120 ,        5 ,       58 ,      128 ,      132 ,      114 ,       83 ,       44 ,       27 ,      103 ,       71 ,      121 ,       93 ,       94 ,       85 ,        4 ,      101 ,       25 ,       92 ,        0 ,       61 ,       42 ,       22 ,       90 ,       97 ,        9 ,       76 ,        6 ,       56 ,       53 ,       73 ,       28 ,      108 ,       69 ,       13 ,      111 ,      115 ,      130 ,        2 ,       46 ,       36 ,       26 ,      141 ,      116 ,      110 ,       63 ,       34 ,       60 ,       38 ,      133 ,       72 ,       77 ,       64 ,      146 ,       41 ,       39 ,       17 ,       32 ,      137 ,       84 ,       66 ,      109 ,      143 ,      118 ,      138 ,      107 ,      134 ,       48 ,       67 ,       12 ,      117 ,      105 ,      106 ,       20 ,       24 ,       37 ,        8 ,       11 ,       16 ,       57 ,       14 ,      125 ,      123 ,      140 ,       49 ,       91 ,       21 ,       29 ,       50 ,       30 ,      129 ,       88 ,       98 ,       10 ,      119 ,      149 ,       74 ,       54 ,       68 ,       43 ,       55 ,       80 ,       65 ,      131 ,      126 ,       62 ,        1 ,       31 ,       75 ,      122 ,       81 ,       23 ,       52 ,       47 ,      102 ,       78 ,       96 ,      100 ,      144 ,       15 ,       19 ,       51 ,       95 ,      124 ,      147 ,      136 ,      127 ,      139 ,      135 ,        3 ,      113 ,       35 ,       40 ,       59 ,       99 ,       89 ,       18 ,      104 ,      148 ,       79 ,       70 ,        7 ,       45 ,       82 ,      145 , 
      33 ,      142 ,       86 ,      112 ,      120 ,        5 ,       87 ,      132 ,      128 ,       58 ,      114 ,       44 ,       83 ,       27 ,       71 ,      103 ,      121 ,       93 ,       94 ,       85 ,        4 ,      101 ,       25 ,       61 ,        0 ,       92 ,       42 ,       22 ,        9 ,       97 ,       90 ,       56 ,       76 ,        6 ,       53 ,       73 ,       28 ,       69 ,      108 ,      111 ,        2 ,       13 ,      130 ,       46 ,      115 ,      141 ,       36 ,      116 ,      110 ,       26 ,       60 ,       63 ,       34 ,       38 ,       77 ,       72 ,      133 ,       64 ,      146 ,       41 ,       17 ,       32 ,       39 ,       84 ,      137 ,      143 ,      109 ,       66 ,      107 ,      138 ,      118 ,      134 ,       67 ,       48 ,       12 ,      117 ,      106 ,       24 ,       37 ,       20 ,      105 ,       11 ,        8 ,       16 ,      125 ,       14 ,       57 ,      140 ,      123 ,       21 ,       91 ,       49 ,       29 ,       50 ,       30 ,       88 ,       98 ,      129 ,       10 ,      149 ,      119 ,       54 ,       68 ,       55 ,       74 ,       43 ,       65 ,       80 ,      126 ,      131 ,       31 ,       62 ,      122 ,        1 ,       81 ,       75 ,       23 ,       47 ,       52 ,      102 ,       96 ,       78 ,      144 ,       15 ,       19 ,      100 ,       51 ,      147 ,       95 ,      124 ,      136 ,      139 ,      127 ,        3 ,      135 ,      113 ,       40 ,       35 ,       59 ,       89 ,       99 ,       18 ,      104 ,      148 ,       70 ,       79 ,       45 ,       82 ,        7 ,      145 , 
      33 ,      142 ,       86 ,      112 ,      120 ,       87 ,        5 ,      128 ,      132 ,       58 ,       44 ,       27 ,       71 ,      114 ,       83 ,       93 ,      103 ,      121 ,       94 ,       85 ,      101 ,        4 ,       25 ,       61 ,       92 ,       42 ,        0 ,        9 ,       97 ,       56 ,       22 ,       76 ,       90 ,        6 ,       53 ,       28 ,       73 ,      111 ,       69 ,       13 ,      108 ,       46 ,      130 ,        2 ,       36 ,      115 ,      110 ,      141 ,       60 ,      116 ,       26 ,       38 ,       77 ,       34 ,       72 ,       63 ,       64 ,      146 ,      133 ,       41 ,       17 ,       39 ,      137 ,       32 ,      109 ,       84 ,      107 ,      138 ,      143 ,       66 ,      134 ,      118 ,       67 ,       12 ,       48 ,       24 ,      117 ,      106 ,       37 ,      105 ,       20 ,       11 ,       16 ,        8 ,      125 ,       14 ,       57 ,       21 ,      123 ,       49 ,      140 ,       29 ,       91 ,       50 ,       98 ,       30 ,       88 ,      129 ,      149 ,       10 ,      119 ,       54 ,       68 ,       43 ,       74 ,       55 ,       65 ,       80 ,      131 ,       31 ,       62 ,      126 ,        1 ,      122 ,       23 ,       81 ,       75 ,      102 ,       96 ,       52 ,       78 ,       47 ,       15 ,      144 ,       51 ,      147 ,       19 ,      100 ,      136 ,       95 ,      124 ,      139 ,      127 ,      135 ,        3 ,       35 ,       40 ,      113 ,       59 ,       89 ,       99 ,       18 ,      104 ,      148 ,       45 ,       70 ,       79 ,        7 ,       82 ,      145 , 
      33 ,      142 ,      120 ,      112 ,       87 ,       86 ,      128 ,       58 ,        5 ,      132 ,       71 ,       44 ,       27 ,      114 ,       83 ,      121 ,      103 ,       93 ,       94 ,      101 ,       85 ,       61 ,       92 ,       25 ,       42 ,        4 ,        0 ,       56 ,       22 ,       76 ,        9 ,       97 ,       90 ,       28 ,        6 ,       73 ,       53 ,      111 ,      108 ,       13 ,      130 ,       69 ,        2 ,       46 ,      115 ,      110 ,       36 ,      141 ,       26 ,      116 ,       38 ,       60 ,       72 ,       77 ,       34 ,       64 ,       63 ,      133 ,       41 ,      146 ,       39 ,       32 ,       17 ,      137 ,      109 ,      138 ,       84 ,      143 ,      107 ,       66 ,      134 ,       12 ,       48 ,       67 ,      117 ,      118 ,      106 ,       24 ,      105 ,       37 ,       11 ,       16 ,       20 ,      125 ,        8 ,       14 ,      123 ,       57 ,      140 ,       29 ,       21 ,       49 ,       91 ,       98 ,       50 ,       88 ,      129 ,       30 ,      119 ,      149 ,       10 ,       54 ,       68 ,       74 ,       43 ,       65 ,       55 ,      131 ,       62 ,       80 ,       31 ,      126 ,        1 ,      122 ,       75 ,       81 ,      102 ,       23 ,       78 ,       96 ,       52 ,       15 ,       47 ,       51 ,      144 ,       19 ,      147 ,      100 ,       95 ,      139 ,      127 ,      124 ,      136 ,      135 ,       35 ,        3 ,       59 ,      113 ,       40 ,       89 ,       99 ,       18 ,      104 ,       45 ,      148 ,       70 ,       82 ,        7 ,       79 ,      145 , 
      33 ,      112 ,      142 ,      120 ,       87 ,       86 ,      128 ,      132 ,        5 ,       44 ,       58 ,       71 ,       83 ,      114 ,       27 ,      103 ,       93 ,      121 ,       94 ,      101 ,       85 ,       61 ,       25 ,       42 ,       92 ,       56 ,       22 ,       76 ,        0 ,        4 ,       90 ,       28 ,        6 ,        9 ,       97 ,      111 ,      108 ,       13 ,       53 ,       73 ,       69 ,       46 ,        2 ,      130 ,      115 ,       36 ,       26 ,      141 ,      116 ,       38 ,       60 ,      110 ,       34 ,       64 ,       77 ,       63 ,       72 ,      133 ,      146 ,       41 ,       39 ,      137 ,      109 ,       32 ,       17 ,      138 ,      143 ,      107 ,       84 ,      134 ,       12 ,       48 ,       66 ,      117 ,      118 ,       67 ,      105 ,      106 ,       24 ,       37 ,       11 ,       16 ,       20 ,        8 ,      125 ,       14 ,      140 ,      123 ,       57 ,       49 ,       21 ,       29 ,       91 ,       50 ,       98 ,       30 ,       88 ,      129 ,      149 ,      119 ,       10 ,       54 ,       68 ,       74 ,       65 ,       55 ,       43 ,      131 ,       62 ,       31 ,       80 ,      126 ,      122 ,        1 ,      102 ,       75 ,       81 ,       23 ,       78 ,       96 ,       52 ,       15 ,       47 ,       19 ,      147 ,       51 ,      144 ,      139 ,      100 ,       95 ,      124 ,      127 ,      136 ,       35 ,       59 ,      135 ,      113 ,        3 ,       89 ,       40 ,       99 ,       18 ,      148 ,      104 ,       45 ,       82 ,       70 ,        7 ,       79 ,      145 , 
