740 , 200 , 10 , 34 , ILS
     116 ,        7 ,      119 ,       50 ,      101 ,       91 ,      129 ,       47 ,      174 ,        9 ,       90 ,      143 ,      153 ,      179 ,      110 ,       16 ,       87 ,       98 ,      130 ,       54 ,       42 ,       34 ,      144 ,      138 ,      120 ,       59 ,      192 ,       81 ,      167 ,       93 ,        2 ,      160 ,      190 ,      100 ,      178 ,      118 ,       71 ,       22 ,       70 ,      154 ,      111 ,      172 ,       89 ,      127 ,      164 ,       62 ,      156 ,       26 ,       38 ,      184 ,      107 ,      123 ,      191 ,       67 ,       39 ,      115 ,      141 ,      199 ,      125 ,       48 ,       99 ,      194 ,      181 ,       72 ,      162 ,       46 ,      188 ,      103 ,      131 ,      117 ,      121 ,      134 ,      146 ,      109 ,       88 ,      169 ,       84 ,      157 ,      187 ,      158 ,       29 ,      135 ,      161 ,       68 ,       66 ,      147 ,      183 ,       19 ,      142 ,      139 ,       31 ,       80 ,      148 ,       17 ,       60 ,       58 ,      152 ,       92 ,       33 ,       86 ,      133 ,      137 ,       79 ,      151 ,        3 ,      132 ,       30 ,       45 ,       57 ,      149 ,       97 ,       63 ,      185 ,       65 ,       32 ,       13 ,      159 ,       77 ,      195 ,       36 ,      163 ,       53 ,      171 ,        5 ,      136 ,       85 ,      193 ,      108 ,      173 ,       64 ,      106 ,      189 ,       12 ,       40 ,      102 ,      168 ,      166 ,        6 ,      126 ,       43 ,      112 ,      114 ,      170 ,       15 ,       56 ,       20 ,       23 ,       82 ,       61 ,      104 ,      182 ,      198 ,       14 ,       76 ,      155 ,        0 ,       73 ,       25 ,       96 ,      105 ,        4 ,      180 ,       94 ,       44 ,       35 ,       95 ,      150 ,       83 ,       78 ,      186 ,      176 ,       41 ,       75 ,      197 ,       28 ,      177 ,       51 ,       21 ,      122 ,       37 ,      175 ,       49 ,       10 ,      165 ,      196 ,       55 ,      145 ,        1 ,        8 ,       18 ,      140 ,       74 ,      124 ,       52 ,      128 ,       24 ,       69 ,       27 ,      113 ,       11 , 
       7 ,      119 ,      116 ,       50 ,       91 ,      101 ,      174 ,       47 ,      129 ,        9 ,       90 ,      143 ,      153 ,      110 ,      179 ,       87 ,      130 ,       16 ,       42 ,       98 ,       54 ,       34 ,      144 ,      120 ,      138 ,       81 ,       59 ,      192 ,       93 ,      167 ,        2 ,      100 ,      160 ,      118 ,      178 ,      190 ,       70 ,      154 ,       71 ,       22 ,       89 ,      172 ,      111 ,      127 ,      156 ,       62 ,       26 ,      164 ,       38 ,      184 ,      191 ,      107 ,       39 ,      123 ,      115 ,       67 ,      141 ,       48 ,      199 ,      125 ,      181 ,      194 ,      162 ,       99 ,       72 ,      188 ,       46 ,      131 ,      103 ,      121 ,      134 ,      146 ,      117 ,      109 ,       88 ,      169 ,      157 ,       84 ,      158 ,      187 ,      135 ,       29 ,      161 ,       66 ,      147 ,      183 ,       68 ,      139 ,       19 ,      142 ,       31 ,       17 ,       60 ,       80 ,      148 ,       58 ,      152 ,       33 ,       92 ,       86 ,       79 ,      137 ,      133 ,        3 ,      132 ,      151 ,       45 ,       30 ,      149 ,       97 ,       57 ,      185 ,       63 ,       13 ,       65 ,       77 ,      195 ,       32 ,      159 ,       53 ,       36 ,      163 ,        5 ,      171 ,      136 ,       85 ,      173 ,      108 ,      193 ,       64 ,      189 ,      106 ,       12 ,       40 ,      166 ,      102 ,        6 ,      126 ,      168 ,      112 ,       43 ,      114 ,       56 ,      170 ,       23 ,       15 ,       61 ,       20 ,      104 ,       82 ,      182 ,       14 ,      198 ,       76 ,      155 ,       25 ,       73 ,        0 ,        4 ,      105 ,       96 ,      180 ,       94 ,       44 ,      150 ,       35 ,       95 ,      186 ,       78 ,       83 ,       41 ,      176 ,       75 ,       28 ,      197 ,      177 ,       51 ,       21 ,      122 ,       37 ,       49 ,      175 ,       10 ,      165 ,      196 ,        1 ,       55 ,      145 ,       18 ,       74 ,      124 ,        8 ,      128 ,       24 ,      140 ,       27 ,       52 ,       69 ,      113 ,       11 , 
       7 ,      116 ,      119 ,       91 ,       50 ,      101 ,      174 ,      129 ,       47 ,        9 ,       90 ,      143 ,      153 ,      110 ,      130 ,      179 ,       87 ,       16 ,       42 ,       34 ,      144 ,       98 ,       54 ,      120 ,       59 ,      138 ,      192 ,       93 ,       81 ,      167 ,      160 ,      100 ,        2 ,      118 ,       70 ,      190 ,      178 ,       71 ,      154 ,       22 ,      172 ,      127 ,       89 ,      111 ,      156 ,       62 ,       38 ,       26 ,      164 ,      191 ,       39 ,      107 ,      184 ,       67 ,      115 ,      123 ,      141 ,       48 ,      125 ,      199 ,      162 ,      181 ,       99 ,      194 ,       72 ,      131 ,      188 ,      121 ,       46 ,      103 ,      146 ,      134 ,      117 ,      109 ,      169 ,       88 ,      157 ,       84 ,      135 ,       29 ,      187 ,      158 ,       66 ,      161 ,      183 ,      147 ,      139 ,       68 ,       31 ,      142 ,       19 ,       60 ,      148 ,       17 ,       80 ,       33 ,       58 ,      152 ,       92 ,      137 ,       86 ,        3 ,       79 ,      132 ,       45 ,      151 ,      133 ,      149 ,       97 ,       30 ,       63 ,      185 ,       65 ,       77 ,       57 ,       13 ,      159 ,      195 ,       32 ,       53 ,       36 ,        5 ,      163 ,      171 ,      136 ,      173 ,       85 ,      108 ,      193 ,      189 ,       64 ,       40 ,      106 ,      166 ,       12 ,      126 ,      102 ,        6 ,      112 ,       43 ,      168 ,       56 ,      170 ,      114 ,       23 ,       15 ,      104 ,       61 ,       82 ,       20 ,       14 ,      182 ,      198 ,       76 ,       73 ,      155 ,       25 ,        0 ,       96 ,        4 ,       94 ,      105 ,      150 ,      180 ,       44 ,      186 ,       35 ,       83 ,       95 ,       41 ,      176 ,       75 ,       78 ,      197 ,       28 ,       21 ,       51 ,      177 ,      122 ,       37 ,      175 ,      165 ,      196 ,       49 ,       10 ,       55 ,        1 ,      145 ,       74 ,       18 ,        8 ,      124 ,       24 ,      140 ,      128 ,       27 ,      113 ,       52 ,       69 ,       11 , 
     119 ,        7 ,       91 ,      116 ,      101 ,       50 ,      174 ,       47 ,        9 ,      143 ,      153 ,       90 ,      129 ,      130 ,      110 ,      179 ,       16 ,       87 ,       42 ,       34 ,      144 ,       54 ,       98 ,      138 ,      120 ,      192 ,       93 ,       59 ,       81 ,      160 ,      167 ,      100 ,        2 ,       70 ,      118 ,      190 ,      178 ,       71 ,       22 ,      127 ,      172 ,      111 ,      154 ,      156 ,       89 ,       62 ,       26 ,       38 ,      164 ,       39 ,      191 ,      184 ,      107 ,       67 ,      123 ,      115 ,      125 ,      141 ,      162 ,       48 ,      199 ,       99 ,      181 ,      131 ,       72 ,      194 ,       46 ,      188 ,      121 ,      103 ,      134 ,      109 ,      169 ,      146 ,      117 ,       88 ,       84 ,      135 ,      157 ,      158 ,      187 ,       29 ,       66 ,      147 ,      161 ,       68 ,       31 ,      183 ,       19 ,      139 ,      148 ,      142 ,       80 ,       33 ,       60 ,      152 ,       17 ,       58 ,       92 ,       86 ,      137 ,        3 ,      132 ,      151 ,       79 ,       45 ,      149 ,       97 ,       30 ,      133 ,      185 ,       63 ,       57 ,       13 ,       65 ,      159 ,       77 ,      195 ,       36 ,       53 ,       32 ,      171 ,        5 ,      163 ,       85 ,      136 ,      193 ,      108 ,      173 ,      189 ,       64 ,       40 ,      106 ,      166 ,      102 ,        6 ,       12 ,      126 ,       43 ,      168 ,      112 ,       56 ,       23 ,      170 ,      114 ,       61 ,      104 ,       15 ,       82 ,      182 ,       14 ,       20 ,       73 ,      198 ,       25 ,       76 ,      155 ,       96 ,        0 ,        4 ,      150 ,      105 ,       94 ,      180 ,       44 ,      186 ,       35 ,       83 ,       41 ,      176 ,       78 ,       95 ,       75 ,       28 ,       51 ,       21 ,      197 ,      177 ,      175 ,       37 ,      122 ,      165 ,      196 ,       55 ,        1 ,       49 ,       10 ,       18 ,       74 ,      145 ,        8 ,      124 ,       24 ,      140 ,       27 ,      128 ,      113 ,       11 ,       69 ,       52 , 
     119 ,        7 ,       91 ,      116 ,      174 ,      101 ,       50 ,        9 ,      143 ,      153 ,       47 ,      129 ,       90 ,      130 ,      179 ,       87 ,      110 ,       16 ,       34 ,       42 ,       54 ,      138 ,       98 ,      144 ,      120 ,       59 ,       93 ,      192 ,      160 ,       81 ,      167 ,      100 ,      118 ,       70 ,        2 ,      190 ,      178 ,       71 ,       22 ,      111 ,      172 ,      127 ,      156 ,       62 ,       26 ,      154 ,       38 ,       89 ,       39 ,      164 ,      184 ,      191 ,      107 ,       67 ,      125 ,      123 ,      115 ,      162 ,      199 ,       48 ,      141 ,       99 ,      181 ,       72 ,      131 ,      194 ,      188 ,      103 ,       46 ,      121 ,      134 ,      109 ,      117 ,      146 ,       88 ,      169 ,      157 ,      135 ,      158 ,       84 ,      187 ,       66 ,      147 ,       68 ,      161 ,       31 ,       29 ,      183 ,       19 ,      148 ,      139 ,       80 ,      142 ,      152 ,       60 ,       17 ,       33 ,       86 ,       92 ,        3 ,       58 ,      132 ,      137 ,       45 ,       79 ,      149 ,      151 ,       97 ,      185 ,      133 ,       30 ,       57 ,       65 ,       13 ,       63 ,      195 ,       36 ,      159 ,       53 ,       77 ,        5 ,      171 ,       32 ,       85 ,      136 ,      163 ,      193 ,      173 ,      108 ,      189 ,       64 ,       40 ,      106 ,      102 ,      126 ,      166 ,       43 ,      168 ,        6 ,       12 ,       56 ,      112 ,       23 ,      170 ,      114 ,       61 ,       82 ,      104 ,      182 ,       15 ,       14 ,      198 ,       73 ,       20 ,       25 ,       96 ,        0 ,       76 ,        4 ,      150 ,      155 ,       94 ,      105 ,       44 ,      180 ,      186 ,       35 ,       41 ,      176 ,       78 ,       83 ,       95 ,       75 ,       51 ,       28 ,       21 ,      197 ,      177 ,      122 ,      165 ,       37 ,      175 ,        1 ,       55 ,      196 ,       18 ,       74 ,       10 ,       49 ,      145 ,      124 ,        8 ,       27 ,       24 ,      140 ,      128 ,       69 ,      113 ,       11 ,       52 , 
     119 ,        7 ,       91 ,      116 ,      174 ,        9 ,      143 ,      101 ,       47 ,       50 ,      153 ,      129 ,       90 ,      179 ,      130 ,       16 ,       87 ,       42 ,       34 ,      110 ,      144 ,       98 ,       54 ,      120 ,       93 ,      138 ,       59 ,      192 ,      160 ,      100 ,       81 ,      167 ,       70 ,        2 ,      118 ,       71 ,      178 ,      190 ,      111 ,       22 ,      172 ,      127 ,       62 ,      156 ,       26 ,      154 ,       38 ,       89 ,       39 ,      164 ,      184 ,      107 ,      125 ,       67 ,      191 ,      115 ,      123 ,       48 ,      141 ,      199 ,      162 ,       99 ,      131 ,       72 ,      181 ,      103 ,      194 ,       46 ,      188 ,      134 ,      121 ,      109 ,      146 ,      117 ,       88 ,      157 ,      169 ,       84 ,      135 ,      187 ,      158 ,       66 ,      161 ,      147 ,       31 ,       29 ,       68 ,       19 ,      183 ,      148 ,      142 ,       80 ,      139 ,      152 ,       60 ,       33 ,       17 ,       86 ,        3 ,       92 ,      137 ,      132 ,       58 ,       79 ,       45 ,      149 ,      151 ,       97 ,      185 ,       30 ,      133 ,       13 ,       63 ,       65 ,       57 ,      195 ,       36 ,       53 ,        5 ,      159 ,      171 ,       77 ,       32 ,       85 ,      136 ,      163 ,      193 ,      108 ,      173 ,       64 ,       40 ,      102 ,      189 ,      126 ,      106 ,      166 ,      168 ,       43 ,        6 ,      112 ,       12 ,       56 ,      114 ,       23 ,      170 ,       82 ,      104 ,       61 ,       15 ,      182 ,       73 ,      198 ,       20 ,       14 ,       96 ,        0 ,       25 ,        4 ,       76 ,      155 ,      150 ,       94 ,       44 ,      180 ,      105 ,       41 ,       35 ,      176 ,      186 ,       78 ,       95 ,       51 ,       83 ,       28 ,       21 ,       75 ,      177 ,      122 ,      197 ,       37 ,      165 ,      175 ,        1 ,       55 ,       74 ,      196 ,       18 ,      145 ,       10 ,       49 ,        8 ,      124 ,       27 ,       24 ,      140 ,      128 ,      113 ,       11 ,       69 ,       52 , 
     119 ,        7 ,       91 ,      174 ,      116 ,        9 ,      143 ,       47 ,       50 ,      101 ,      153 ,      129 ,       90 ,       16 ,      130 ,      179 ,       42 ,      110 ,       87 ,      144 ,       54 ,       98 ,       34 ,       93 ,       59 ,      120 ,      138 ,      100 ,      192 ,      160 ,      167 ,       70 ,       81 ,        2 ,      118 ,       71 ,      178 ,      111 ,      190 ,       22 ,      172 ,      127 ,      156 ,       62 ,       26 ,       89 ,       38 ,      154 ,      184 ,       39 ,      125 ,      164 ,      107 ,      191 ,       67 ,      123 ,      115 ,      141 ,      199 ,       48 ,      162 ,       99 ,      181 ,      131 ,      103 ,       46 ,      188 ,       72 ,      134 ,      109 ,      121 ,      194 ,       88 ,      117 ,      146 ,      157 ,      169 ,       84 ,      135 ,       66 ,      161 ,      187 ,      158 ,       29 ,      147 ,       31 ,       68 ,      183 ,       19 ,      148 ,      142 ,       80 ,       60 ,      139 ,      152 ,       86 ,       33 ,        3 ,      137 ,       17 ,      132 ,       92 ,       45 ,       79 ,       58 ,      149 ,       97 ,      151 ,      185 ,       30 ,       63 ,       65 ,       13 ,      133 ,       57 ,       36 ,      195 ,       53 ,      171 ,      159 ,       77 ,        5 ,       85 ,       32 ,      136 ,      193 ,      163 ,       64 ,       40 ,      173 ,      189 ,      108 ,      102 ,      106 ,      126 ,       43 ,        6 ,      168 ,      166 ,      112 ,      114 ,       12 ,       56 ,       23 ,       82 ,      170 ,      104 ,       61 ,       73 ,       15 ,      198 ,       20 ,      182 ,       96 ,       14 ,        0 ,       76 ,        4 ,       25 ,       94 ,       44 ,      155 ,      105 ,      150 ,       41 ,      180 ,       35 ,       78 ,       95 ,      176 ,       83 ,      186 ,       28 ,       51 ,       21 ,      122 ,       75 ,      177 ,      197 ,      165 ,       37 ,        1 ,      175 ,       55 ,       74 ,      196 ,       18 ,      145 ,       49 ,      124 ,       10 ,        8 ,       27 ,       24 ,      140 ,      128 ,       69 ,       11 ,       52 ,      113 , 
     119 ,        7 ,       91 ,      174 ,      116 ,        9 ,      143 ,       47 ,       50 ,      101 ,      129 ,      153 ,      130 ,       90 ,       16 ,       42 ,       87 ,      179 ,      110 ,      144 ,       98 ,       34 ,       93 ,       54 ,       59 ,      120 ,      138 ,      100 ,      192 ,      167 ,      160 ,       70 ,       81 ,      118 ,        2 ,       71 ,      178 ,      111 ,      190 ,      172 ,       22 ,      127 ,      156 ,       62 ,       89 ,      154 ,      184 ,       38 ,       26 ,       39 ,      107 ,      164 ,      125 ,      123 ,      191 ,       67 ,      141 ,      199 ,      115 ,       48 ,      162 ,       99 ,      181 ,      131 ,      103 ,      188 ,       46 ,       72 ,      109 ,      121 ,      134 ,       88 ,      194 ,      117 ,      169 ,       84 ,      146 ,       66 ,      157 ,      161 ,      158 ,      187 ,      135 ,      147 ,       31 ,       68 ,       29 ,      183 ,      148 ,       19 ,       80 ,      142 ,       60 ,      152 ,      139 ,        3 ,      137 ,       86 ,       33 ,      132 ,       17 ,       79 ,       92 ,       45 ,      149 ,       97 ,       58 ,       30 ,      151 ,      185 ,       63 ,      133 ,       65 ,       13 ,       57 ,       53 ,      195 ,       36 ,       77 ,      171 ,      136 ,        5 ,      159 ,       32 ,       85 ,      193 ,       40 ,      163 ,      189 ,      173 ,       64 ,      106 ,      102 ,      108 ,       43 ,      126 ,      168 ,        6 ,      112 ,      114 ,      166 ,       23 ,       12 ,       56 ,       82 ,      170 ,       61 ,       15 ,      104 ,       73 ,       20 ,       96 ,      182 ,      198 ,       14 ,        0 ,       76 ,       94 ,       25 ,        4 ,      155 ,      150 ,      105 ,       44 ,       35 ,       41 ,       95 ,      180 ,       78 ,       83 ,       28 ,      176 ,       51 ,      122 ,      186 ,       75 ,       21 ,      197 ,      177 ,       37 ,        1 ,      165 ,       74 ,       55 ,      175 ,      196 ,      145 ,      124 ,       10 ,       18 ,       49 ,        8 ,       24 ,       27 ,      140 ,      128 ,       69 ,       52 ,       11 ,      113 , 
       7 ,       91 ,      119 ,      174 ,      116 ,        9 ,      143 ,       47 ,       50 ,      153 ,      129 ,      101 ,      130 ,       42 ,       16 ,       90 ,      179 ,      110 ,      144 ,       98 ,       87 ,       54 ,       93 ,       34 ,       59 ,      120 ,      100 ,      138 ,      192 ,      167 ,      160 ,       70 ,       81 ,      118 ,        2 ,      178 ,       71 ,      190 ,      156 ,      172 ,      111 ,       22 ,      127 ,       62 ,       89 ,      154 ,       26 ,       38 ,       39 ,      184 ,      107 ,      125 ,      164 ,       67 ,      141 ,      191 ,      115 ,      123 ,       48 ,      199 ,      181 ,      131 ,      162 ,       99 ,      103 ,       46 ,       72 ,      109 ,      188 ,      121 ,      134 ,       88 ,      117 ,      194 ,      169 ,       84 ,      146 ,      157 ,       66 ,      158 ,      135 ,      161 ,      187 ,      147 ,       29 ,       68 ,       31 ,      148 ,      183 ,       80 ,       60 ,       19 ,      142 ,      152 ,        3 ,      139 ,      137 ,      132 ,       86 ,       33 ,       17 ,       79 ,       45 ,       92 ,       58 ,       97 ,      149 ,      151 ,       63 ,      185 ,       30 ,      133 ,       13 ,       53 ,       65 ,       36 ,       57 ,       77 ,      195 ,      136 ,      171 ,        5 ,       85 ,       32 ,      159 ,       40 ,      189 ,      193 ,      163 ,       64 ,      102 ,      106 ,      173 ,      108 ,       43 ,      126 ,      168 ,      114 ,      166 ,        6 ,       23 ,       12 ,      112 ,       56 ,       82 ,       61 ,      170 ,       73 ,       15 ,      104 ,       96 ,       20 ,      182 ,       14 ,      198 ,       94 ,        0 ,        4 ,       25 ,       76 ,      155 ,      105 ,       44 ,       35 ,      150 ,       41 ,       95 ,       78 ,       28 ,      180 ,       83 ,      176 ,       51 ,      122 ,      186 ,       21 ,      197 ,      177 ,       75 ,      165 ,       37 ,       55 ,        1 ,       74 ,      175 ,      145 ,       10 ,      124 ,       49 ,      196 ,        8 ,       18 ,       27 ,       24 ,      140 ,      128 ,       69 ,       11 ,       52 ,      113 , 
      91 ,        7 ,      119 ,      116 ,      174 ,      143 ,       47 ,        9 ,       50 ,      129 ,      153 ,      130 ,       42 ,      101 ,       90 ,       16 ,      179 ,       98 ,      110 ,      144 ,       87 ,       54 ,       93 ,       59 ,      120 ,      100 ,       34 ,      138 ,      192 ,      160 ,      167 ,       81 ,       70 ,      118 ,       71 ,      178 ,        2 ,      156 ,      172 ,       22 ,      190 ,      111 ,      127 ,       62 ,       89 ,      154 ,       26 ,       38 ,       39 ,      184 ,      125 ,      164 ,      141 ,      107 ,       67 ,      123 ,      191 ,      115 ,      131 ,       48 ,      199 ,      181 ,      162 ,      103 ,       46 ,       99 ,      188 ,       72 ,      109 ,       88 ,      121 ,      117 ,      169 ,      134 ,       84 ,      194 ,      146 ,       66 ,      157 ,      135 ,      187 ,      158 ,      161 ,       29 ,      147 ,      148 ,       68 ,       80 ,       31 ,      183 ,       60 ,       19 ,        3 ,      152 ,      142 ,      137 ,      132 ,       33 ,      139 ,       17 ,       86 ,       79 ,       92 ,       58 ,       45 ,       97 ,      151 ,       63 ,      185 ,      133 ,      149 ,       13 ,       30 ,       53 ,       65 ,       36 ,       77 ,      195 ,      171 ,       57 ,      136 ,        5 ,      159 ,       85 ,       40 ,      189 ,       32 ,      163 ,      193 ,      106 ,      102 ,      173 ,       64 ,      108 ,       43 ,      114 ,      168 ,      166 ,        6 ,      126 ,      112 ,       23 ,       82 ,       12 ,       56 ,      170 ,       61 ,       73 ,       15 ,      104 ,       20 ,       14 ,       96 ,      182 ,        0 ,       94 ,      198 ,       25 ,       76 ,        4 ,      155 ,       44 ,      105 ,      150 ,       35 ,       78 ,       95 ,       41 ,       28 ,       83 ,      180 ,      176 ,       51 ,      122 ,      186 ,      197 ,       21 ,       75 ,      177 ,      165 ,       37 ,       74 ,       55 ,        1 ,      175 ,      145 ,      124 ,       10 ,        8 ,       18 ,       49 ,       27 ,      196 ,      140 ,       69 ,      128 ,       11 ,      113 ,       24 ,       52 , 
