1270 , 200 , 10 , 55558 , ILST
     137 ,       30 ,      193 ,      108 ,      143 ,       73 ,      163 ,       69 ,       35 ,       83 ,       49 ,       59 ,      165 ,      189 ,      198 ,       82 ,       61 ,      181 ,      104 ,       21 ,       44 ,      171 ,      131 ,      167 ,       58 ,       68 ,      127 ,       93 ,      190 ,      180 ,      173 ,      194 ,      124 ,        8 ,      110 ,       26 ,      164 ,      105 ,       34 ,       95 ,      133 ,      134 ,      186 ,        4 ,      155 ,       11 ,       50 ,       92 ,      178 ,      160 ,      129 ,       85 ,       12 ,       37 ,      168 ,      185 ,       10 ,       28 ,      161 ,      174 ,       46 ,      146 ,      112 ,      119 ,       16 ,       63 ,      175 ,      102 ,      117 ,       60 ,      179 ,       62 ,      106 ,      184 ,       56 ,        7 ,      141 ,        1 ,       72 ,       77 ,      107 ,      197 ,      170 ,      136 ,       80 ,       15 ,       18 ,      132 ,       48 ,      144 ,      139 ,       40 ,      172 ,       99 ,       41 ,       97 ,      125 ,      121 ,        5 ,       13 ,       74 ,       76 ,       66 ,      100 ,      166 ,      151 ,       43 ,      192 ,       54 ,      188 ,       33 ,      116 ,      101 ,       64 ,       27 ,      118 ,       91 ,       24 ,      162 ,      191 ,       38 ,       47 ,       78 ,        9 ,       89 ,      195 ,       94 ,       31 ,      154 ,       14 ,      182 ,        2 ,      120 ,      115 ,       90 ,      114 ,       55 ,       75 ,       65 ,      157 ,      145 ,      153 ,      130 ,        3 ,      123 ,      147 ,      176 ,       42 ,       84 ,      169 ,      158 ,       86 ,      126 ,       52 ,       23 ,      109 ,       51 ,       67 ,      159 ,      177 ,      156 ,       36 ,       81 ,      140 ,       17 ,      150 ,      138 ,       32 ,       88 ,       98 ,       79 ,      111 ,      183 ,      128 ,        6 ,      187 ,       45 ,       87 ,      149 ,      196 ,       29 ,      152 ,       19 ,       96 ,       53 ,       20 ,        0 ,       70 ,      199 ,       57 ,      113 ,      122 ,      103 ,      135 ,       25 ,       39 ,      142 ,      148 ,       71 ,       22 , 
     137 ,      108 ,       30 ,      193 ,      143 ,       73 ,       69 ,       83 ,      163 ,       59 ,       35 ,       49 ,      189 ,      198 ,      165 ,       82 ,      181 ,      104 ,       61 ,      171 ,       44 ,      131 ,       21 ,       58 ,       68 ,      167 ,       93 ,      127 ,      180 ,      190 ,      124 ,        8 ,      194 ,      110 ,       26 ,      173 ,      105 ,       34 ,      164 ,      133 ,       95 ,      134 ,      155 ,      186 ,        4 ,       50 ,       11 ,       92 ,      160 ,      129 ,      178 ,       37 ,       85 ,       10 ,       12 ,      168 ,      185 ,       28 ,      161 ,      174 ,       46 ,      112 ,      119 ,      146 ,      175 ,       16 ,       63 ,      102 ,       60 ,       62 ,      117 ,      179 ,      106 ,       56 ,      184 ,        7 ,        1 ,      141 ,       72 ,      197 ,       77 ,      107 ,       80 ,       15 ,      136 ,      170 ,       48 ,      144 ,       18 ,      132 ,      139 ,       40 ,       41 ,       99 ,      172 ,       97 ,        5 ,      121 ,      125 ,       74 ,       76 ,       13 ,       66 ,      166 ,      100 ,      192 ,      151 ,       54 ,       43 ,       33 ,      116 ,      188 ,      101 ,       64 ,      118 ,       24 ,      162 ,      191 ,       91 ,       27 ,       38 ,       47 ,       89 ,       78 ,        9 ,       31 ,      195 ,       94 ,      154 ,      182 ,        2 ,       14 ,      120 ,      115 ,      114 ,       75 ,       55 ,       90 ,       65 ,      153 ,      157 ,        3 ,      145 ,      130 ,      176 ,       42 ,      123 ,      147 ,      158 ,      169 ,       84 ,       52 ,       23 ,       86 ,      126 ,      109 ,       51 ,      177 ,       67 ,      156 ,       36 ,      159 ,       17 ,      140 ,       81 ,      138 ,      150 ,       88 ,       98 ,       32 ,       79 ,      128 ,      111 ,      183 ,       45 ,        6 ,       87 ,      187 ,      196 ,      149 ,       19 ,      152 ,       96 ,       29 ,       53 ,       20 ,        0 ,       70 ,       57 ,      122 ,      199 ,       39 ,       25 ,      103 ,      135 ,      148 ,      113 ,      142 ,       71 ,       22 , 
     137 ,       30 ,      108 ,      193 ,      143 ,       83 ,       73 ,       59 ,      163 ,       69 ,       49 ,      198 ,       35 ,      189 ,      165 ,       82 ,      104 ,       61 ,      181 ,      171 ,       44 ,      131 ,       21 ,       68 ,      167 ,      127 ,       93 ,      190 ,       58 ,      180 ,        8 ,      124 ,       26 ,      194 ,      173 ,      110 ,      164 ,      133 ,      105 ,       34 ,      134 ,      155 ,      186 ,       50 ,       95 ,        4 ,       11 ,       92 ,      178 ,      160 ,       85 ,       37 ,       12 ,      129 ,      168 ,       10 ,      185 ,       28 ,       46 ,      161 ,      174 ,      112 ,      146 ,      119 ,      175 ,       16 ,      102 ,       62 ,       63 ,       60 ,      179 ,      106 ,      117 ,       56 ,      184 ,        1 ,        7 ,       72 ,      141 ,      197 ,       80 ,       77 ,      107 ,       15 ,      170 ,       48 ,      136 ,       18 ,      144 ,      132 ,       41 ,      139 ,       40 ,       97 ,      172 ,       99 ,        5 ,      125 ,      121 ,       74 ,       76 ,       13 ,      100 ,      192 ,       66 ,      166 ,       54 ,       43 ,       33 ,      151 ,      116 ,      188 ,      101 ,       64 ,       24 ,      162 ,      118 ,      191 ,       27 ,       91 ,       47 ,       38 ,       78 ,       89 ,       31 ,        9 ,      195 ,      154 ,       94 ,      182 ,        2 ,      115 ,      153 ,      114 ,      120 ,       90 ,       75 ,       14 ,       55 ,       65 ,      157 ,      130 ,        3 ,      145 ,       42 ,      176 ,      123 ,      147 ,      158 ,       52 ,       84 ,      169 ,       23 ,       86 ,       51 ,      126 ,      177 ,      183 ,      159 ,       67 ,       81 ,       36 ,       17 ,       88 ,      156 ,      138 ,      128 ,       32 ,       45 ,      187 ,        6 ,      109 ,       79 ,       87 ,      150 ,      111 ,       98 ,      140 ,      196 ,      149 ,       96 ,      152 ,       29 ,       53 ,      122 ,       70 ,       20 ,       19 ,        0 ,       57 ,       39 ,       25 ,      142 ,      103 ,      135 ,       71 ,       22 ,      148 ,      199 ,      113 , 
     137 ,       30 ,      193 ,      108 ,      143 ,       59 ,      163 ,       73 ,       69 ,       83 ,       35 ,       49 ,      165 ,      198 ,       82 ,      189 ,      104 ,      181 ,      171 ,       61 ,       44 ,      131 ,       21 ,      127 ,       68 ,      167 ,      190 ,       58 ,       93 ,      180 ,      124 ,      194 ,        8 ,       26 ,      110 ,      173 ,      164 ,      133 ,      105 ,      155 ,      134 ,      186 ,       34 ,        4 ,       50 ,       95 ,       11 ,       92 ,      178 ,       85 ,       37 ,       12 ,      160 ,      129 ,      185 ,       10 ,       28 ,      168 ,      161 ,      174 ,       46 ,      112 ,      146 ,      119 ,      175 ,       16 ,      102 ,       60 ,       62 ,       63 ,      179 ,      106 ,      184 ,      117 ,        7 ,       72 ,       56 ,        1 ,      141 ,       80 ,      197 ,      107 ,       77 ,      170 ,      136 ,       15 ,      144 ,       48 ,      132 ,       18 ,       41 ,       97 ,      139 ,      172 ,       99 ,       40 ,      121 ,        5 ,       74 ,      125 ,       76 ,       13 ,      192 ,       66 ,      100 ,      166 ,       43 ,       54 ,       33 ,      116 ,      151 ,      188 ,       24 ,       64 ,      101 ,      162 ,      191 ,      118 ,       91 ,       38 ,       78 ,       27 ,       89 ,       47 ,        9 ,      154 ,       31 ,       94 ,      195 ,      182 ,      153 ,        2 ,      115 ,       90 ,      114 ,      120 ,       75 ,       14 ,       55 ,      157 ,       65 ,      130 ,       42 ,        3 ,      145 ,      123 ,      147 ,       52 ,      176 ,      158 ,       84 ,       23 ,      169 ,       51 ,       86 ,      126 ,      183 ,       67 ,      177 ,      159 ,       36 ,       81 ,       17 ,      128 ,       88 ,      156 ,      138 ,       32 ,      187 ,      109 ,        6 ,       45 ,       79 ,       87 ,      150 ,      111 ,      140 ,      196 ,      149 ,       98 ,       29 ,       96 ,       53 ,      152 ,      122 ,       20 ,       19 ,       70 ,        0 ,       39 ,       57 ,       25 ,      103 ,      142 ,       71 ,       22 ,      135 ,      113 ,      148 ,      199 , 
     137 ,      193 ,       30 ,       59 ,      108 ,      143 ,       73 ,       69 ,      163 ,       83 ,       49 ,       35 ,       82 ,      165 ,      198 ,      104 ,      181 ,      189 ,      171 ,       44 ,       61 ,      127 ,      167 ,      131 ,       21 ,      190 ,       93 ,       68 ,       58 ,      124 ,      180 ,      194 ,       26 ,        8 ,      164 ,      110 ,      133 ,      173 ,      134 ,      155 ,       34 ,      105 ,        4 ,      186 ,       95 ,       50 ,       11 ,       92 ,       37 ,       85 ,      178 ,       12 ,      129 ,      185 ,      160 ,      168 ,      161 ,       10 ,       28 ,       46 ,      174 ,      112 ,      119 ,      146 ,      175 ,       16 ,      102 ,       62 ,       63 ,       60 ,      179 ,      106 ,      184 ,       72 ,      117 ,        7 ,      141 ,       56 ,        1 ,      197 ,       80 ,      107 ,       77 ,      170 ,      136 ,       48 ,       15 ,      144 ,      132 ,       41 ,       18 ,      139 ,      172 ,       40 ,       97 ,       99 ,        5 ,      121 ,      125 ,       74 ,       76 ,       13 ,       66 ,      192 ,      166 ,       43 ,      100 ,       33 ,      151 ,       54 ,       24 ,      116 ,      188 ,       64 ,      162 ,      101 ,      191 ,       91 ,      118 ,       27 ,       38 ,       89 ,       78 ,        9 ,       47 ,       31 ,      154 ,      195 ,      153 ,       94 ,      182 ,       90 ,      115 ,        2 ,      114 ,      120 ,       75 ,       55 ,      157 ,       14 ,      130 ,       65 ,       42 ,      123 ,        3 ,       52 ,      145 ,      147 ,      176 ,       84 ,      158 ,      169 ,       23 ,       51 ,      183 ,       86 ,      126 ,       67 ,       36 ,      159 ,      177 ,       17 ,       88 ,       81 ,      128 ,      138 ,      156 ,       32 ,        6 ,      109 ,      187 ,       45 ,       79 ,       87 ,      150 ,      140 ,      149 ,      111 ,       98 ,       96 ,       29 ,      196 ,       53 ,      122 ,      152 ,       19 ,       20 ,       70 ,        0 ,       39 ,      135 ,      113 ,       22 ,       71 ,       25 ,       57 ,      103 ,      148 ,      199 ,      142 , 
     137 ,      193 ,       30 ,      143 ,       59 ,      108 ,       69 ,       73 ,      163 ,       83 ,       82 ,       49 ,      165 ,       35 ,      198 ,      181 ,      171 ,      104 ,      189 ,      127 ,       61 ,       44 ,      167 ,      131 ,       21 ,       93 ,      190 ,       68 ,       58 ,      124 ,      194 ,      180 ,       26 ,      164 ,        8 ,      110 ,      173 ,      133 ,      155 ,      134 ,       34 ,      105 ,      186 ,        4 ,       11 ,       50 ,       95 ,       92 ,       37 ,      178 ,       85 ,       12 ,      129 ,      168 ,      160 ,      185 ,      161 ,       28 ,       46 ,      112 ,       10 ,      119 ,      174 ,      146 ,      175 ,       62 ,      102 ,       16 ,      179 ,       63 ,       60 ,      184 ,      117 ,      106 ,       72 ,       56 ,      141 ,        7 ,        1 ,      197 ,       80 ,      107 ,       77 ,      170 ,      136 ,       48 ,       15 ,      144 ,       41 ,      132 ,       18 ,       40 ,      172 ,      139 ,       97 ,       99 ,        5 ,      125 ,       76 ,      121 ,       66 ,      192 ,       74 ,       13 ,      100 ,       43 ,      166 ,      151 ,       54 ,       33 ,       24 ,      188 ,      116 ,      162 ,      101 ,       64 ,       91 ,      191 ,      118 ,       27 ,       38 ,       89 ,        9 ,       47 ,       78 ,      195 ,      153 ,      154 ,       31 ,       94 ,      182 ,      115 ,        2 ,       90 ,       75 ,      114 ,      157 ,       55 ,       14 ,      120 ,      130 ,      123 ,       65 ,       42 ,      145 ,        3 ,       52 ,      147 ,       84 ,      176 ,      169 ,       51 ,      158 ,       23 ,       86 ,      183 ,      126 ,       67 ,      159 ,       17 ,       36 ,       88 ,      177 ,       81 ,      156 ,      128 ,        6 ,      138 ,      109 ,      187 ,       32 ,       45 ,       79 ,      150 ,      140 ,       87 ,       98 ,      149 ,       96 ,      111 ,      196 ,      122 ,       29 ,       19 ,       53 ,      152 ,       70 ,        0 ,       39 ,       20 ,      113 ,       22 ,      135 ,       25 ,       57 ,      103 ,       71 ,      199 ,      148 ,      142 , 
     137 ,       30 ,      193 ,       59 ,      108 ,      143 ,       69 ,      163 ,       73 ,       83 ,       49 ,       82 ,      165 ,      198 ,      171 ,      181 ,      189 ,       35 ,      104 ,      127 ,       61 ,      167 ,      131 ,       44 ,       21 ,       68 ,       93 ,      190 ,      124 ,      180 ,       58 ,       26 ,      194 ,        8 ,      173 ,      164 ,      133 ,      134 ,      110 ,      155 ,       34 ,      186 ,      105 ,       11 ,        4 ,       95 ,       50 ,       37 ,       92 ,      178 ,       12 ,       85 ,      160 ,      185 ,      168 ,       28 ,      129 ,       46 ,      112 ,      119 ,      161 ,       10 ,      146 ,      175 ,      174 ,      102 ,       16 ,       62 ,      179 ,       63 ,       60 ,      184 ,      117 ,       72 ,       56 ,      106 ,        1 ,      141 ,      197 ,        7 ,       80 ,      107 ,      170 ,       77 ,       15 ,       48 ,      136 ,      144 ,       18 ,       41 ,      172 ,      132 ,       40 ,       99 ,       97 ,        5 ,      125 ,       76 ,      139 ,      121 ,       66 ,      192 ,       13 ,       74 ,       43 ,      166 ,      100 ,      151 ,       33 ,       24 ,       54 ,      116 ,      101 ,      188 ,      162 ,      191 ,       91 ,       64 ,      118 ,       38 ,       27 ,       89 ,       78 ,      195 ,        9 ,       47 ,      154 ,       31 ,       94 ,      153 ,      157 ,        2 ,      182 ,      114 ,       90 ,       75 ,      115 ,       14 ,       55 ,      120 ,      123 ,       65 ,       42 ,        3 ,      130 ,      145 ,       52 ,      147 ,       84 ,      169 ,       51 ,      176 ,       23 ,      158 ,       86 ,      183 ,      126 ,       67 ,       17 ,      159 ,       36 ,      177 ,       81 ,      128 ,       88 ,      156 ,        6 ,      138 ,      109 ,       32 ,       79 ,      187 ,       45 ,      140 ,       87 ,      150 ,       96 ,       98 ,      149 ,      111 ,      122 ,      196 ,       53 ,       29 ,       19 ,      152 ,       39 ,        0 ,       70 ,       22 ,      113 ,       20 ,       57 ,      135 ,      103 ,      199 ,       25 ,       71 ,      148 ,      142 , 
     137 ,       30 ,       59 ,      193 ,      108 ,      143 ,       69 ,      163 ,       73 ,       49 ,      165 ,       82 ,       83 ,      181 ,      198 ,      171 ,       35 ,      189 ,      104 ,      127 ,       61 ,      167 ,      131 ,       21 ,       93 ,       44 ,       68 ,      124 ,      190 ,      180 ,      194 ,       26 ,       58 ,      173 ,      133 ,      164 ,      134 ,        8 ,      110 ,      155 ,      186 ,       34 ,      105 ,        4 ,       11 ,       50 ,       95 ,       92 ,       37 ,      178 ,       12 ,      160 ,      185 ,       28 ,      168 ,       85 ,      129 ,      112 ,       46 ,       10 ,      119 ,      175 ,      161 ,      102 ,      174 ,      146 ,       62 ,       16 ,      179 ,       63 ,       60 ,       72 ,      117 ,       56 ,      184 ,        1 ,      106 ,      141 ,        7 ,      197 ,       80 ,      107 ,      170 ,       48 ,       15 ,       77 ,      136 ,       18 ,      144 ,       41 ,      132 ,       99 ,      172 ,       97 ,        5 ,      125 ,       40 ,       76 ,      121 ,      139 ,      192 ,       66 ,       74 ,       13 ,       43 ,      100 ,      166 ,      151 ,       24 ,       33 ,       54 ,      116 ,      101 ,      191 ,       91 ,      188 ,      162 ,       64 ,       27 ,      118 ,       38 ,       89 ,       78 ,      195 ,      154 ,        9 ,       47 ,       94 ,      157 ,      153 ,       31 ,      114 ,       90 ,      182 ,        2 ,       14 ,       75 ,      115 ,      123 ,      120 ,       55 ,       42 ,       65 ,        3 ,      130 ,       52 ,       84 ,      145 ,      169 ,      147 ,       23 ,       51 ,      176 ,      158 ,       86 ,      126 ,      183 ,       17 ,      159 ,       67 ,      177 ,       81 ,       36 ,      128 ,      156 ,        6 ,      109 ,      138 ,       88 ,       32 ,       45 ,       79 ,      187 ,       87 ,      140 ,       96 ,       98 ,      150 ,      122 ,      196 ,      149 ,      111 ,       53 ,       19 ,       29 ,      152 ,       39 ,        0 ,       70 ,      113 ,       22 ,       57 ,      103 ,       20 ,      135 ,      199 ,       71 ,       25 ,      148 ,      142 , 
     137 ,       30 ,       59 ,      108 ,      193 ,      143 ,       69 ,       73 ,      163 ,      165 ,       83 ,       49 ,       82 ,      171 ,      198 ,      181 ,      189 ,       35 ,      104 ,       61 ,      127 ,       21 ,      167 ,      131 ,       44 ,       93 ,       68 ,      190 ,      124 ,      194 ,      180 ,       26 ,       58 ,      173 ,      133 ,      134 ,      110 ,      164 ,        8 ,      155 ,       34 ,        4 ,      186 ,       50 ,      105 ,       95 ,       92 ,       37 ,       11 ,       12 ,      178 ,      160 ,       28 ,      168 ,       85 ,      185 ,      129 ,       10 ,      112 ,      119 ,      161 ,       46 ,      102 ,      146 ,      174 ,      175 ,       16 ,      179 ,       62 ,       60 ,       63 ,       72 ,       56 ,      184 ,      117 ,      106 ,        1 ,      141 ,        7 ,       80 ,      197 ,      107 ,       15 ,       48 ,      170 ,       77 ,      136 ,       18 ,      144 ,       41 ,       99 ,      132 ,      172 ,       97 ,      125 ,        5 ,      121 ,       40 ,      192 ,       76 ,      139 ,       66 ,       13 ,       74 ,       43 ,      151 ,      100 ,      166 ,       33 ,       54 ,       24 ,      101 ,      116 ,      188 ,       91 ,       64 ,      191 ,      162 ,       27 ,      118 ,       89 ,       38 ,      195 ,        9 ,       78 ,       47 ,      154 ,      153 ,       94 ,      114 ,      157 ,       31 ,       90 ,        2 ,      182 ,       75 ,       14 ,      120 ,      123 ,       55 ,      115 ,       42 ,       65 ,      130 ,        3 ,      145 ,      169 ,       23 ,       84 ,       51 ,      147 ,       52 ,      158 ,      176 ,      126 ,       86 ,       17 ,       67 ,      159 ,      183 ,      177 ,      128 ,       36 ,       88 ,       81 ,      156 ,      109 ,       45 ,      138 ,       32 ,        6 ,       79 ,      187 ,       87 ,       96 ,      150 ,       98 ,      196 ,      122 ,      140 ,       29 ,       19 ,      149 ,       53 ,       70 ,      152 ,        0 ,       39 ,      113 ,       57 ,       22 ,      111 ,       20 ,      199 ,      135 ,       25 ,       71 ,      103 ,      148 ,      142 , 
     137 ,       30 ,       59 ,      108 ,      193 ,      143 ,       69 ,      163 ,       73 ,       83 ,      165 ,       49 ,       82 ,      198 ,      181 ,      171 ,      189 ,       35 ,      104 ,       61 ,      167 ,      127 ,       44 ,      131 ,       21 ,       93 ,       68 ,      124 ,      190 ,      194 ,       58 ,      180 ,       26 ,      173 ,      134 ,      110 ,      133 ,      164 ,      155 ,        8 ,        4 ,       34 ,       50 ,      186 ,       95 ,      105 ,       37 ,       11 ,       92 ,       12 ,      160 ,      178 ,       28 ,      185 ,      129 ,      168 ,      112 ,       85 ,       10 ,      119 ,      102 ,       46 ,      146 ,      161 ,      174 ,      175 ,      179 ,       60 ,       63 ,       72 ,       16 ,       56 ,       62 ,      184 ,      117 ,      106 ,        1 ,      141 ,      197 ,        7 ,       80 ,      107 ,       48 ,       15 ,       77 ,      170 ,      144 ,      136 ,       41 ,       18 ,       99 ,      132 ,      125 ,       97 ,      172 ,        5 ,      192 ,      121 ,       76 ,       40 ,       13 ,       66 ,      139 ,       74 ,       43 ,      100 ,      151 ,      166 ,       33 ,      101 ,       24 ,       54 ,      116 ,      188 ,       91 ,       64 ,      191 ,      162 ,       27 ,       38 ,      118 ,       89 ,      195 ,        9 ,       78 ,      153 ,       94 ,       47 ,      154 ,      157 ,      114 ,        2 ,       31 ,       90 ,       75 ,      182 ,      120 ,       14 ,      123 ,      115 ,       55 ,       42 ,       65 ,      145 ,      169 ,      130 ,        3 ,       84 ,       51 ,       23 ,       52 ,      147 ,      176 ,      158 ,      126 ,       17 ,       86 ,       67 ,      177 ,      159 ,      183 ,       36 ,      128 ,      156 ,       81 ,      138 ,      109 ,       88 ,       32 ,       79 ,        6 ,      187 ,       45 ,      150 ,       98 ,       87 ,       96 ,      140 ,      122 ,      196 ,      149 ,       53 ,       29 ,      152 ,       19 ,       70 ,        0 ,       39 ,       57 ,      113 ,       22 ,       20 ,      111 ,      199 ,       25 ,      135 ,       71 ,      148 ,      142 ,      103 , 
