875 , 200 , 10 , 296702 , ILS
     161 ,       38 ,       95 ,      144 ,       72 ,       12 ,      119 ,      187 ,      168 ,       26 ,       24 ,      120 ,        1 ,      189 ,      165 ,       98 ,       49 ,       74 ,       18 ,      158 ,      103 ,        2 ,       47 ,      156 ,       73 ,       69 ,       19 ,       11 ,      184 ,       58 ,       25 ,       10 ,       22 ,      104 ,       97 ,      191 ,      173 ,       35 ,       93 ,       61 ,       31 ,        6 ,       57 ,      197 ,      133 ,        9 ,       29 ,      138 ,       94 ,      176 ,       17 ,       48 ,      143 ,      148 ,      171 ,       54 ,      101 ,      162 ,      163 ,      130 ,      183 ,      108 ,      136 ,      118 ,        8 ,       27 ,      137 ,       59 ,       50 ,       28 ,       66 ,      186 ,      169 ,      128 ,       91 ,      150 ,      115 ,       82 ,      106 ,       83 ,       85 ,      112 ,       70 ,      117 ,       79 ,      159 ,        5 ,       30 ,       63 ,       64 ,      140 ,       36 ,       34 ,      147 ,      129 ,       77 ,       60 ,       89 ,       40 ,      124 ,      179 ,       87 ,      182 ,       53 ,      113 ,      157 ,      102 ,       68 ,      188 ,       33 ,      141 ,      177 ,       86 ,      100 ,      196 ,       62 ,       21 ,      105 ,       90 ,      152 ,        4 ,      110 ,       45 ,      126 ,       37 ,      149 ,      111 ,       99 ,       78 ,       16 ,       80 ,       55 ,      199 ,      160 ,       43 ,       42 ,      134 ,       39 ,      151 ,      194 ,      192 ,       92 ,       32 ,      164 ,      142 ,      166 ,        0 ,      167 ,        7 ,      122 ,      190 ,      125 ,       71 ,       52 ,       20 ,       41 ,      172 ,      123 ,       76 ,       46 ,      121 ,       88 ,      109 ,       14 ,      153 ,      116 ,      145 ,      127 ,      155 ,       81 ,      181 ,      107 ,       67 ,      139 ,      135 ,      154 ,      146 ,       84 ,       15 ,       96 ,      198 ,      193 ,      175 ,      180 ,      114 ,      131 ,      170 ,      195 ,      174 ,       44 ,       51 ,       23 ,        3 ,       56 ,      185 ,       75 ,       65 ,       13 ,      132 ,      178 , 
      95 ,       38 ,      161 ,      119 ,       72 ,      144 ,      187 ,      120 ,       24 ,       26 ,      168 ,      165 ,       12 ,        1 ,       74 ,       98 ,      158 ,       47 ,      189 ,      103 ,      156 ,       18 ,       49 ,       11 ,       73 ,       19 ,        2 ,       69 ,      104 ,       10 ,       58 ,       22 ,      184 ,       25 ,       35 ,      173 ,       61 ,      191 ,       97 ,       57 ,       93 ,        6 ,      133 ,       31 ,        9 ,      197 ,      138 ,      176 ,       94 ,       29 ,      171 ,       54 ,       17 ,       48 ,      101 ,      162 ,      130 ,      148 ,      183 ,      143 ,      108 ,      163 ,      118 ,       59 ,        8 ,       27 ,       50 ,      136 ,       28 ,      137 ,      169 ,       91 ,      186 ,      128 ,       66 ,      150 ,       82 ,       85 ,       70 ,      112 ,       83 ,      115 ,      117 ,      106 ,        5 ,       64 ,       30 ,       79 ,      159 ,       63 ,       34 ,      140 ,       36 ,       89 ,      147 ,      129 ,       77 ,       40 ,      182 ,       60 ,      124 ,      179 ,       87 ,      102 ,       68 ,       53 ,      157 ,      113 ,      188 ,      141 ,      196 ,      177 ,       33 ,       86 ,       90 ,       21 ,      105 ,        4 ,      152 ,      100 ,       62 ,      149 ,       37 ,      110 ,       45 ,      111 ,       99 ,      126 ,       78 ,      160 ,       16 ,       80 ,       42 ,       55 ,      199 ,       39 ,       43 ,      151 ,      192 ,      194 ,      134 ,       32 ,       92 ,      164 ,      142 ,      167 ,        7 ,        0 ,      166 ,       52 ,      125 ,       71 ,      122 ,      190 ,       20 ,       41 ,      172 ,       76 ,      123 ,       88 ,      109 ,       46 ,      145 ,      121 ,       81 ,      153 ,      127 ,      107 ,      155 ,      181 ,       14 ,       67 ,      154 ,      135 ,       84 ,      146 ,      116 ,      139 ,       15 ,      180 ,      170 ,      198 ,      193 ,       96 ,      175 ,       44 ,      195 ,       23 ,      114 ,      174 ,        3 ,      131 ,      178 ,       56 ,       75 ,       51 ,       13 ,      185 ,      132 ,       65 , 
      38 ,      119 ,       95 ,      187 ,      144 ,      120 ,       26 ,       72 ,      168 ,       24 ,      161 ,       12 ,      165 ,       98 ,       74 ,      158 ,        1 ,       18 ,      103 ,       47 ,      156 ,       73 ,      189 ,        2 ,       49 ,       11 ,       58 ,       10 ,      184 ,       19 ,       69 ,      104 ,       61 ,       22 ,       25 ,      191 ,       97 ,      173 ,       35 ,       31 ,        6 ,        9 ,       57 ,       93 ,      176 ,      133 ,       94 ,       29 ,      197 ,       17 ,      138 ,      162 ,      171 ,      148 ,       48 ,      143 ,       54 ,      183 ,      101 ,      130 ,        8 ,      163 ,       59 ,       50 ,      108 ,      118 ,       27 ,       28 ,      169 ,       91 ,      136 ,      150 ,      137 ,      186 ,       85 ,      128 ,       66 ,       83 ,       82 ,       70 ,      115 ,      106 ,        5 ,      112 ,      117 ,       63 ,       79 ,       64 ,       30 ,      159 ,       34 ,       36 ,      140 ,      147 ,       89 ,       60 ,       40 ,       77 ,      179 ,      129 ,      124 ,      182 ,      102 ,       87 ,      157 ,       68 ,      113 ,       53 ,      141 ,      188 ,       86 ,       21 ,      177 ,       90 ,      196 ,       33 ,       62 ,        4 ,      105 ,       37 ,      152 ,      100 ,      149 ,      111 ,       45 ,       99 ,      126 ,      110 ,       78 ,       80 ,       55 ,       39 ,      160 ,       16 ,       42 ,      199 ,      192 ,      194 ,       43 ,      151 ,      134 ,      142 ,        7 ,      164 ,       32 ,      166 ,       92 ,      167 ,      125 ,        0 ,      190 ,       41 ,      122 ,       20 ,       52 ,      123 ,       71 ,       46 ,      172 ,       76 ,       88 ,      145 ,      109 ,      127 ,      107 ,      153 ,      121 ,       81 ,      181 ,      155 ,       14 ,       67 ,      154 ,      146 ,      116 ,      135 ,       84 ,       96 ,      139 ,      198 ,      180 ,       15 ,      195 ,      114 ,       44 ,      170 ,      193 ,      175 ,      174 ,      131 ,      178 ,       23 ,       56 ,        3 ,      185 ,       13 ,       75 ,       51 ,       65 ,      132 , 
     144 ,      120 ,      187 ,       38 ,       26 ,      119 ,       72 ,       95 ,      168 ,       98 ,      161 ,       24 ,       12 ,       74 ,      103 ,       18 ,      158 ,       73 ,       47 ,      165 ,        1 ,      156 ,       11 ,       49 ,        2 ,      184 ,      189 ,       10 ,       69 ,      104 ,       58 ,       22 ,       61 ,       97 ,       35 ,       25 ,       31 ,       19 ,        9 ,      191 ,       93 ,      173 ,      176 ,       94 ,        6 ,      133 ,       29 ,       57 ,       17 ,      197 ,       54 ,      171 ,      138 ,       48 ,      162 ,      101 ,      183 ,      143 ,      148 ,       59 ,      163 ,      130 ,       50 ,        8 ,      108 ,       27 ,       91 ,      150 ,      118 ,      136 ,      186 ,       28 ,      169 ,      137 ,       83 ,       66 ,       82 ,      106 ,      128 ,       85 ,       70 ,      115 ,       63 ,       64 ,        5 ,      112 ,      117 ,      159 ,       79 ,       36 ,       30 ,       89 ,      147 ,       34 ,       77 ,      140 ,       60 ,       40 ,      179 ,      129 ,      124 ,      182 ,      113 ,       53 ,       87 ,      157 ,       68 ,      102 ,      177 ,       21 ,      196 ,      141 ,       86 ,      188 ,       90 ,       62 ,       33 ,        4 ,      100 ,      152 ,      111 ,       37 ,      105 ,       99 ,       45 ,      149 ,      126 ,      110 ,       39 ,       78 ,       80 ,       42 ,      160 ,      199 ,       16 ,       55 ,      134 ,      192 ,       43 ,        7 ,      164 ,      194 ,      151 ,      166 ,       32 ,        0 ,      142 ,      167 ,       92 ,       41 ,      125 ,       52 ,      122 ,       71 ,      190 ,      123 ,       46 ,       20 ,       88 ,      145 ,      109 ,       76 ,      172 ,      107 ,      121 ,       81 ,      127 ,      155 ,      153 ,      181 ,      154 ,      146 ,       67 ,      135 ,       14 ,      116 ,      198 ,      180 ,      139 ,       84 ,       15 ,       96 ,       44 ,      170 ,      195 ,      114 ,      174 ,      193 ,       23 ,      175 ,        3 ,      178 ,      131 ,       75 ,      185 ,      132 ,       56 ,       51 ,       13 ,       65 , 
     120 ,      144 ,       26 ,       38 ,      187 ,      168 ,       98 ,       72 ,      161 ,      119 ,       95 ,      103 ,       74 ,       18 ,       12 ,       24 ,      158 ,        1 ,       47 ,       73 ,        2 ,      165 ,      156 ,       11 ,       49 ,      104 ,       10 ,       22 ,      184 ,      189 ,       97 ,       69 ,       35 ,       25 ,       58 ,      191 ,       31 ,       61 ,       93 ,      173 ,      176 ,        9 ,       94 ,       19 ,        6 ,      133 ,       29 ,       57 ,      197 ,       17 ,      171 ,       48 ,      101 ,      162 ,       54 ,       59 ,      163 ,      130 ,      143 ,      138 ,      183 ,      148 ,       91 ,       50 ,      108 ,       27 ,        8 ,      136 ,      150 ,       28 ,      186 ,      118 ,       83 ,      137 ,      169 ,       82 ,       85 ,      106 ,      128 ,       64 ,       66 ,      115 ,        5 ,       70 ,      112 ,      159 ,       63 ,       30 ,       79 ,      117 ,       89 ,       36 ,       34 ,       77 ,       40 ,      147 ,      179 ,      124 ,      140 ,      113 ,       60 ,      129 ,      182 ,       87 ,      177 ,      157 ,       68 ,       21 ,       53 ,      196 ,      141 ,      102 ,       86 ,       90 ,       33 ,      100 ,       62 ,      111 ,      188 ,       37 ,        4 ,      152 ,      105 ,      126 ,       99 ,      110 ,       45 ,      149 ,       80 ,      199 ,       16 ,       39 ,       55 ,       42 ,       78 ,        7 ,      160 ,      194 ,      192 ,      164 ,      134 ,       43 ,      151 ,       32 ,       92 ,        0 ,      167 ,      166 ,      142 ,       52 ,      122 ,       71 ,      125 ,      190 ,       41 ,       46 ,       20 ,       76 ,      123 ,      145 ,      109 ,       88 ,      172 ,      107 ,      121 ,      153 ,       81 ,      127 ,      181 ,       67 ,      154 ,      155 ,      135 ,      146 ,       14 ,      116 ,      139 ,       84 ,       44 ,      180 ,      198 ,       96 ,      114 ,       15 ,      170 ,      195 ,      174 ,       23 ,      193 ,        3 ,      178 ,      175 ,      131 ,      132 ,       56 ,       65 ,      185 ,       75 ,       13 ,       51 , 
     120 ,      144 ,       38 ,      187 ,       26 ,      161 ,       98 ,      168 ,       95 ,       74 ,       72 ,      119 ,      103 ,       18 ,       24 ,       73 ,       47 ,      158 ,       12 ,        2 ,        1 ,      165 ,       49 ,       10 ,      184 ,      156 ,      104 ,       11 ,       69 ,       22 ,      189 ,       97 ,       58 ,       35 ,       25 ,       93 ,       31 ,        9 ,      191 ,       61 ,      176 ,      173 ,       19 ,        6 ,      133 ,       94 ,      197 ,      171 ,       17 ,       57 ,       54 ,       29 ,       48 ,      162 ,      130 ,      101 ,      163 ,      143 ,       91 ,       59 ,      138 ,      183 ,        8 ,       27 ,      108 ,      148 ,       50 ,      150 ,      136 ,      118 ,       83 ,       82 ,       28 ,      169 ,      186 ,       64 ,       66 ,      128 ,      137 ,      115 ,      106 ,      159 ,       85 ,        5 ,      112 ,       79 ,       70 ,      117 ,       89 ,       63 ,       30 ,       34 ,       40 ,      124 ,       36 ,       77 ,      113 ,      147 ,      179 ,      140 ,      177 ,      182 ,      157 ,      129 ,       87 ,       60 ,       68 ,       21 ,      196 ,      102 ,       53 ,      100 ,      141 ,       86 ,       62 ,      111 ,        4 ,      188 ,       90 ,       33 ,      126 ,      110 ,       37 ,       99 ,      152 ,      105 ,       45 ,       80 ,       55 ,       39 ,       42 ,      149 ,      199 ,       16 ,      160 ,       78 ,      192 ,      194 ,      164 ,      134 ,       43 ,        7 ,       32 ,        0 ,      151 ,       92 ,       52 ,      167 ,      125 ,      190 ,      142 ,      166 ,       71 ,      122 ,       41 ,      123 ,       76 ,       20 ,       46 ,       88 ,      107 ,      172 ,      145 ,      109 ,      121 ,       67 ,      154 ,       81 ,      127 ,      135 ,      153 ,      155 ,      181 ,      146 ,       14 ,       84 ,      116 ,       96 ,      139 ,      198 ,       44 ,      170 ,      180 ,      114 ,      174 ,       15 ,      193 ,       23 ,      195 ,      175 ,      178 ,      131 ,      132 ,        3 ,       56 ,       51 ,       65 ,       75 ,       13 ,      185 , 
     187 ,      144 ,      120 ,       26 ,       38 ,       95 ,       98 ,      161 ,       74 ,      119 ,      168 ,      103 ,       24 ,       18 ,       47 ,       72 ,       12 ,      165 ,       73 ,       49 ,        1 ,      158 ,       10 ,        2 ,      156 ,      104 ,       11 ,       69 ,      189 ,      184 ,       25 ,       58 ,       97 ,       35 ,       22 ,       93 ,       61 ,      176 ,       19 ,       31 ,      191 ,        9 ,      173 ,      197 ,       17 ,        6 ,       57 ,      133 ,       29 ,      171 ,       94 ,       48 ,       54 ,      101 ,       91 ,      163 ,      130 ,      162 ,        8 ,      143 ,      138 ,      108 ,       59 ,      183 ,       50 ,      148 ,       83 ,       27 ,      118 ,      150 ,      186 ,       28 ,      136 ,      169 ,       82 ,      115 ,      128 ,       85 ,       66 ,       64 ,      159 ,      112 ,       79 ,      137 ,       89 ,        5 ,      106 ,      117 ,       63 ,       70 ,      124 ,       36 ,       30 ,       34 ,      113 ,       40 ,       77 ,      147 ,      177 ,      182 ,      179 ,       87 ,       68 ,       60 ,      140 ,       21 ,      157 ,      129 ,      141 ,      102 ,       86 ,      196 ,       53 ,        4 ,      100 ,       62 ,       90 ,       33 ,      111 ,      110 ,      188 ,      126 ,       99 ,       37 ,      105 ,       45 ,      152 ,       55 ,      199 ,       80 ,       42 ,      149 ,       39 ,      160 ,       16 ,      194 ,       78 ,      192 ,      134 ,       32 ,        0 ,       43 ,      164 ,        7 ,       52 ,      151 ,      190 ,      167 ,      125 ,      142 ,       92 ,       71 ,      166 ,       76 ,      122 ,      123 ,       41 ,       20 ,      172 ,       88 ,      109 ,      121 ,      145 ,      107 ,      154 ,       46 ,      135 ,      127 ,       81 ,      181 ,      153 ,       67 ,      155 ,      146 ,       14 ,      139 ,      116 ,       84 ,      198 ,       96 ,      114 ,      170 ,      180 ,       44 ,       23 ,      174 ,      193 ,      195 ,      131 ,       15 ,      175 ,      132 ,        3 ,      178 ,       51 ,       56 ,       75 ,       65 ,       13 ,      185 , 
     144 ,      187 ,       95 ,      161 ,      120 ,       38 ,       98 ,       26 ,      103 ,      119 ,       74 ,       18 ,      168 ,      165 ,       24 ,       72 ,       47 ,       73 ,       49 ,       10 ,      156 ,       12 ,      158 ,      104 ,        1 ,       11 ,        2 ,       69 ,       25 ,      189 ,       22 ,       35 ,       93 ,      184 ,       61 ,       58 ,       31 ,       97 ,      173 ,      176 ,       19 ,      197 ,        9 ,       17 ,      191 ,       29 ,      133 ,        6 ,      171 ,      101 ,       57 ,       91 ,       94 ,       48 ,        8 ,      162 ,      138 ,      163 ,      130 ,       54 ,      183 ,       50 ,      143 ,      108 ,      118 ,       27 ,       59 ,      186 ,      148 ,       28 ,       83 ,      169 ,      150 ,      115 ,       85 ,      136 ,      128 ,      112 ,       64 ,      159 ,       82 ,       89 ,       66 ,      117 ,      137 ,       79 ,       63 ,        5 ,      106 ,       30 ,       36 ,       34 ,      124 ,       70 ,      113 ,       40 ,       77 ,       68 ,      177 ,      147 ,      179 ,      140 ,       60 ,       87 ,      182 ,      102 ,      141 ,       21 ,      157 ,       53 ,      100 ,      129 ,        4 ,      196 ,       62 ,       86 ,      111 ,       33 ,      110 ,      126 ,       90 ,      188 ,       99 ,       45 ,      199 ,       80 ,      152 ,       37 ,      105 ,      160 ,       39 ,       55 ,      194 ,      192 ,       42 ,      149 ,       16 ,       32 ,       78 ,       43 ,      164 ,      134 ,      190 ,      167 ,        0 ,      142 ,        7 ,       71 ,      151 ,      125 ,      122 ,       52 ,       92 ,      166 ,       20 ,       76 ,      123 ,       88 ,       41 ,      172 ,      107 ,      109 ,      145 ,      121 ,      154 ,       81 ,       46 ,      153 ,       67 ,      181 ,      135 ,      127 ,      155 ,      116 ,       84 ,      146 ,       14 ,      139 ,      170 ,       23 ,      198 ,       96 ,      114 ,       44 ,      180 ,      131 ,      174 ,      195 ,        3 ,      193 ,       15 ,       51 ,       75 ,      175 ,      132 ,      185 ,      178 ,       13 ,       56 ,       65 , 
     144 ,      187 ,       95 ,      120 ,      161 ,       38 ,       98 ,       18 ,       26 ,      103 ,      165 ,       74 ,      119 ,      168 ,       47 ,       24 ,       10 ,       73 ,       72 ,      104 ,       49 ,       12 ,       11 ,        1 ,       69 ,      156 ,        2 ,       22 ,      158 ,      189 ,       61 ,       25 ,       35 ,       31 ,       97 ,       58 ,       93 ,      176 ,      184 ,        9 ,      173 ,      197 ,      191 ,      133 ,        6 ,       29 ,       19 ,       17 ,      171 ,       94 ,       57 ,        8 ,      162 ,      101 ,      138 ,       48 ,      163 ,       91 ,      183 ,      108 ,      130 ,       27 ,       54 ,      143 ,       50 ,      148 ,      118 ,      169 ,      186 ,       83 ,      150 ,       59 ,      115 ,       85 ,      128 ,      136 ,       28 ,       82 ,       89 ,       64 ,      112 ,      159 ,      137 ,       79 ,       66 ,        5 ,      117 ,       34 ,      106 ,       63 ,      124 ,      113 ,       36 ,       30 ,       70 ,       77 ,       68 ,      179 ,       40 ,      177 ,      182 ,       60 ,      102 ,      147 ,       21 ,      140 ,      141 ,       87 ,       53 ,      129 ,      157 ,       86 ,        4 ,      100 ,      111 ,      110 ,       62 ,      196 ,       90 ,       33 ,      126 ,      188 ,      199 ,       99 ,       45 ,       37 ,       39 ,      105 ,      152 ,       55 ,       80 ,      192 ,      160 ,      194 ,       78 ,       42 ,      164 ,       16 ,      149 ,       32 ,       43 ,        0 ,      167 ,      190 ,        7 ,      142 ,      134 ,      151 ,       71 ,       92 ,      125 ,      122 ,      166 ,       52 ,       76 ,      172 ,       20 ,      123 ,      145 ,       41 ,      121 ,       88 ,      107 ,      154 ,      109 ,      153 ,       67 ,       46 ,       81 ,      155 ,      181 ,      127 ,      135 ,      146 ,      116 ,       23 ,      170 ,       84 ,      114 ,       14 ,      139 ,       44 ,      198 ,       96 ,      195 ,      180 ,      174 ,      131 ,      193 ,       51 ,        3 ,       15 ,      185 ,      175 ,       75 ,       13 ,      132 ,       65 ,      178 ,       56 , 
     144 ,      120 ,      187 ,       95 ,       38 ,      161 ,       18 ,      103 ,       98 ,       74 ,       47 ,       26 ,      165 ,      168 ,      119 ,       10 ,       24 ,       12 ,       49 ,       73 ,       69 ,      104 ,       11 ,       72 ,      156 ,       22 ,        1 ,        2 ,       61 ,       31 ,       35 ,       97 ,       25 ,      158 ,      189 ,        9 ,      176 ,      173 ,      184 ,      197 ,       58 ,        6 ,       93 ,      133 ,      191 ,       29 ,      171 ,       57 ,       17 ,       19 ,      162 ,       94 ,       48 ,        8 ,      163 ,      138 ,      101 ,      130 ,       91 ,      183 ,      108 ,       54 ,      143 ,      118 ,      186 ,       50 ,       27 ,       59 ,       83 ,      148 ,      169 ,       85 ,       28 ,      150 ,       82 ,      115 ,      137 ,       64 ,       79 ,      128 ,      136 ,       89 ,      112 ,      159 ,       34 ,        5 ,       63 ,      106 ,       66 ,      117 ,       30 ,      124 ,       36 ,       68 ,       77 ,      113 ,      177 ,       40 ,      182 ,       70 ,      147 ,       60 ,      179 ,      140 ,      102 ,       87 ,       21 ,      141 ,       53 ,       86 ,      111 ,      157 ,      100 ,      129 ,        4 ,      110 ,      126 ,      188 ,      196 ,       33 ,       90 ,       62 ,       37 ,       99 ,      199 ,       39 ,       80 ,       45 ,      105 ,       55 ,      194 ,      152 ,       42 ,       78 ,      192 ,      164 ,      160 ,        0 ,       43 ,       32 ,      149 ,       16 ,      190 ,      134 ,      142 ,      167 ,        7 ,      125 ,      151 ,      122 ,       92 ,       71 ,       76 ,      172 ,      123 ,      166 ,       20 ,       52 ,      121 ,      154 ,       88 ,      107 ,       41 ,       67 ,      145 ,      109 ,      153 ,       81 ,       46 ,      146 ,      116 ,      181 ,      155 ,      135 ,      170 ,      127 ,      114 ,       23 ,      139 ,       44 ,       84 ,      195 ,       14 ,      131 ,      174 ,       96 ,      198 ,        3 ,      180 ,      193 ,       15 ,      185 ,       51 ,      175 ,      132 ,       75 ,       13 ,       65 ,      178 ,       56 , 
