431 , 150 , 10 , 324170 , ILST
       6 ,       72 ,       78 ,        0 ,      133 ,       37 ,       36 ,       11 ,       31 ,       86 ,       56 ,      137 ,       74 ,      116 ,      105 ,       59 ,       43 ,       87 ,       95 ,      144 ,       46 ,      131 ,       61 ,       35 ,       77 ,       25 ,       28 ,        2 ,       51 ,      110 ,       73 ,       68 ,      119 ,      120 ,      118 ,       58 ,       91 ,      127 ,       26 ,       89 ,        5 ,       27 ,      123 ,       82 ,       21 ,      117 ,       34 ,       44 ,      138 ,      148 ,      139 ,       64 ,       60 ,      147 ,       13 ,      142 ,       15 ,      122 ,       88 ,       99 ,       12 ,      107 ,       90 ,        3 ,       49 ,       55 ,      128 ,      126 ,       67 ,      124 ,       79 ,       30 ,       70 ,      111 ,       16 ,      102 ,      145 ,       92 ,       83 ,       96 ,        1 ,       14 ,      100 ,        8 ,       41 ,      135 ,      132 ,      149 ,       33 ,      101 ,      143 ,       80 ,       18 ,       40 ,       17 ,      109 ,       81 ,      104 ,       54 ,       52 ,      129 ,      115 ,       93 ,       75 ,      125 ,      136 ,       66 ,       98 ,       22 ,       42 ,       29 ,        9 ,       84 ,       20 ,      108 ,      103 ,       71 ,      146 ,       23 ,       62 ,       53 ,       94 ,      130 ,        4 ,       69 ,      121 ,      113 ,       63 ,       32 ,       50 ,       19 ,      140 ,       85 ,      106 ,       48 ,      134 ,       76 ,       65 ,       39 ,      114 ,       24 ,       38 ,      112 ,       45 ,       97 ,       57 ,        7 ,       47 ,      141 ,       10 , 
       6 ,       72 ,      133 ,       37 ,        0 ,       11 ,       31 ,       78 ,       36 ,       86 ,      137 ,       56 ,      105 ,       74 ,      116 ,       59 ,       95 ,       43 ,       87 ,      144 ,       61 ,      131 ,       46 ,       35 ,       25 ,       28 ,        2 ,       51 ,       77 ,      110 ,       73 ,       68 ,      118 ,      119 ,       58 ,      120 ,      127 ,       91 ,       26 ,       89 ,        5 ,       82 ,       21 ,      123 ,       27 ,       44 ,      138 ,       34 ,      148 ,      117 ,       64 ,      147 ,       13 ,      142 ,       15 ,      139 ,       60 ,      122 ,       88 ,       99 ,      107 ,       12 ,       90 ,       49 ,        3 ,      128 ,       55 ,      124 ,       67 ,      126 ,       70 ,       79 ,       16 ,      111 ,      145 ,      102 ,       30 ,       83 ,       96 ,       92 ,        1 ,       14 ,      100 ,        8 ,      132 ,       41 ,      135 ,      101 ,      143 ,      149 ,       33 ,       80 ,       18 ,       17 ,       40 ,      109 ,      104 ,       52 ,       81 ,      129 ,      115 ,       54 ,      125 ,       75 ,       93 ,      136 ,       66 ,       42 ,       98 ,       22 ,       29 ,        9 ,      108 ,       20 ,       84 ,      103 ,       23 ,      146 ,       71 ,       53 ,      130 ,       62 ,       94 ,       69 ,      113 ,        4 ,       32 ,       50 ,      121 ,       63 ,      140 ,       19 ,       85 ,      134 ,      106 ,       65 ,       76 ,       48 ,       39 ,       24 ,      114 ,      112 ,       45 ,       38 ,        7 ,       97 ,       57 ,      141 ,       10 ,       47 , 
       6 ,       72 ,      133 ,        0 ,       37 ,       31 ,       11 ,       36 ,      137 ,       78 ,       86 ,      105 ,      116 ,       74 ,       56 ,       59 ,       43 ,       87 ,       95 ,      144 ,       61 ,       35 ,       46 ,      131 ,       28 ,       25 ,       77 ,       51 ,        2 ,       73 ,      110 ,       68 ,      119 ,       58 ,      118 ,      120 ,      127 ,       91 ,       26 ,       89 ,        5 ,       21 ,       27 ,       82 ,       44 ,      123 ,      138 ,       34 ,      148 ,      117 ,       13 ,      147 ,       64 ,      139 ,       60 ,      142 ,      122 ,       15 ,       88 ,       99 ,       12 ,      107 ,        3 ,       90 ,      128 ,       55 ,       49 ,       67 ,       70 ,       79 ,      124 ,      111 ,      145 ,      126 ,       16 ,       30 ,       83 ,      102 ,        1 ,       96 ,       92 ,       14 ,      132 ,        8 ,      100 ,      135 ,      101 ,      143 ,       41 ,       80 ,      149 ,       17 ,       33 ,       18 ,       40 ,      109 ,      104 ,       81 ,      129 ,       52 ,      115 ,       75 ,      125 ,       54 ,      136 ,       66 ,       42 ,       98 ,       93 ,       22 ,      108 ,       29 ,        9 ,      103 ,       84 ,       23 ,       20 ,       53 ,      146 ,       71 ,       94 ,       62 ,        4 ,      130 ,       69 ,      113 ,       50 ,      121 ,       32 ,       63 ,      140 ,       19 ,       85 ,      134 ,       65 ,       48 ,       39 ,       24 ,      106 ,      112 ,       45 ,       76 ,        7 ,       97 ,      114 ,       38 ,       57 ,      141 ,       47 ,       10 , 
       6 ,       72 ,      133 ,       37 ,        0 ,       11 ,       31 ,       78 ,       36 ,      105 ,      116 ,       74 ,      137 ,       86 ,       56 ,       87 ,       43 ,       95 ,       59 ,      144 ,       61 ,      131 ,       46 ,       25 ,       35 ,        2 ,       28 ,       77 ,       51 ,      110 ,       73 ,       58 ,      118 ,      120 ,      119 ,       68 ,       89 ,       26 ,       91 ,      127 ,       27 ,       21 ,       82 ,        5 ,      123 ,       44 ,      138 ,      148 ,       34 ,      117 ,       64 ,       13 ,      147 ,       60 ,      142 ,       15 ,      139 ,      122 ,       12 ,       88 ,      107 ,        3 ,      128 ,       99 ,       90 ,       55 ,       49 ,       67 ,      124 ,       70 ,      126 ,      145 ,       79 ,      111 ,       30 ,       16 ,       83 ,      102 ,       96 ,        1 ,       14 ,       92 ,      132 ,        8 ,      135 ,      100 ,      101 ,      143 ,       80 ,       41 ,       33 ,      149 ,       17 ,       18 ,      109 ,       40 ,       81 ,      104 ,      115 ,       52 ,      129 ,       75 ,      125 ,       54 ,      136 ,       98 ,       93 ,       66 ,       42 ,       22 ,        9 ,      108 ,      103 ,       29 ,       84 ,       23 ,       53 ,       71 ,       20 ,      146 ,       62 ,       94 ,        4 ,      113 ,      130 ,       50 ,       69 ,       32 ,       63 ,      140 ,      121 ,       19 ,       85 ,      134 ,       39 ,       24 ,       48 ,       65 ,      112 ,       76 ,       45 ,      106 ,        7 ,       38 ,       97 ,      114 ,       47 ,       57 ,      141 ,       10 , 
      72 ,        6 ,        0 ,      133 ,       37 ,       31 ,       11 ,       78 ,       36 ,       74 ,      105 ,       86 ,      137 ,      116 ,       87 ,       56 ,       95 ,       43 ,      144 ,       61 ,       59 ,       25 ,       35 ,      131 ,       46 ,        2 ,       28 ,       51 ,       77 ,       58 ,      110 ,       73 ,      120 ,      118 ,      119 ,       68 ,       26 ,      127 ,       89 ,       21 ,       91 ,       27 ,       82 ,        5 ,       44 ,      123 ,      138 ,      148 ,      117 ,       34 ,       64 ,       13 ,      142 ,      147 ,      139 ,       60 ,       12 ,       88 ,       15 ,        3 ,      128 ,      122 ,      107 ,       90 ,       55 ,       99 ,       49 ,       67 ,      124 ,       70 ,      126 ,      111 ,      145 ,       16 ,       79 ,       83 ,       30 ,       96 ,      102 ,        1 ,       14 ,       92 ,        8 ,      132 ,      135 ,      100 ,      101 ,      143 ,       80 ,       33 ,      149 ,       41 ,       18 ,       17 ,      109 ,      104 ,       40 ,       81 ,       52 ,      115 ,       75 ,      129 ,      125 ,      136 ,       54 ,       93 ,       42 ,       98 ,       22 ,       66 ,      108 ,        9 ,      103 ,       29 ,       23 ,       71 ,       53 ,       84 ,       20 ,      146 ,        4 ,       62 ,      130 ,       50 ,       94 ,      113 ,       69 ,       32 ,      121 ,       19 ,      140 ,       63 ,      134 ,       24 ,       48 ,       85 ,       39 ,       65 ,       45 ,       76 ,      106 ,      112 ,       97 ,       38 ,        7 ,      114 ,       57 ,      141 ,       47 ,       10 , 
      72 ,        0 ,       37 ,        6 ,      133 ,       11 ,       31 ,       78 ,       36 ,       86 ,       74 ,      105 ,       87 ,      116 ,      137 ,       43 ,       95 ,      144 ,       59 ,       56 ,       61 ,       25 ,      131 ,       35 ,       46 ,        2 ,       51 ,       28 ,       58 ,      110 ,       77 ,      120 ,       73 ,      119 ,      118 ,       26 ,      127 ,       68 ,       91 ,       89 ,       82 ,       21 ,        5 ,       27 ,      138 ,      123 ,       44 ,      117 ,      148 ,       13 ,       34 ,      147 ,      142 ,       64 ,       60 ,      139 ,       12 ,       88 ,       15 ,        3 ,      122 ,       90 ,       55 ,      107 ,      128 ,       49 ,       99 ,       70 ,      124 ,      126 ,       67 ,      145 ,       16 ,      111 ,       83 ,       79 ,       30 ,       96 ,        1 ,      102 ,       92 ,        8 ,       14 ,      132 ,      135 ,      100 ,      101 ,       80 ,       33 ,      149 ,       41 ,       18 ,      143 ,       17 ,       40 ,      109 ,      104 ,      115 ,       81 ,       75 ,      129 ,       52 ,      136 ,       93 ,       54 ,      125 ,       42 ,       98 ,       22 ,        9 ,      103 ,       66 ,       29 ,       23 ,      108 ,       53 ,       71 ,      146 ,       84 ,       20 ,      130 ,       50 ,       94 ,       62 ,        4 ,       32 ,      113 ,      121 ,       69 ,       19 ,      140 ,      134 ,       63 ,       24 ,       48 ,       65 ,       39 ,       85 ,       76 ,       45 ,       97 ,       38 ,        7 ,      112 ,      106 ,      114 ,       57 ,       47 ,      141 ,       10 , 
      72 ,        0 ,       37 ,      133 ,        6 ,       78 ,       11 ,       31 ,       36 ,       86 ,       74 ,       87 ,      105 ,       43 ,      137 ,       95 ,      116 ,      144 ,       61 ,       56 ,       59 ,       25 ,      131 ,       35 ,       46 ,       51 ,        2 ,       28 ,      110 ,       58 ,       77 ,      119 ,       73 ,      118 ,      120 ,      127 ,       91 ,       26 ,       68 ,       21 ,       89 ,       82 ,       27 ,      138 ,        5 ,      123 ,      148 ,      117 ,       44 ,       34 ,       13 ,       64 ,      142 ,      147 ,       12 ,      139 ,       88 ,       15 ,        3 ,       60 ,       55 ,      122 ,      107 ,       99 ,       90 ,      128 ,       49 ,      126 ,       70 ,       67 ,      124 ,      145 ,      111 ,       16 ,       30 ,       83 ,       79 ,      102 ,        1 ,       96 ,        8 ,      132 ,       92 ,       14 ,      100 ,      135 ,       33 ,      101 ,       80 ,       18 ,      143 ,       41 ,      149 ,      109 ,      104 ,       40 ,      115 ,       17 ,      129 ,       81 ,       52 ,       75 ,      136 ,      125 ,       93 ,       42 ,       54 ,       98 ,       22 ,        9 ,       29 ,       66 ,      103 ,       23 ,      146 ,      108 ,       84 ,       20 ,       71 ,       50 ,       53 ,       62 ,      130 ,       94 ,       32 ,      113 ,       19 ,        4 ,      121 ,       69 ,      140 ,       63 ,      134 ,       24 ,       48 ,       39 ,       65 ,       45 ,       97 ,       38 ,       76 ,       85 ,      106 ,      112 ,        7 ,      114 ,       57 ,      141 ,       47 ,       10 , 
      72 ,        0 ,       37 ,      133 ,        6 ,       78 ,       11 ,       31 ,       36 ,       87 ,       86 ,       74 ,       43 ,       95 ,      105 ,      137 ,      116 ,      144 ,       56 ,       61 ,       59 ,       25 ,       46 ,       35 ,       51 ,      110 ,      131 ,       58 ,        2 ,       28 ,       77 ,      119 ,       73 ,      127 ,      120 ,      118 ,       91 ,       68 ,       26 ,       21 ,       82 ,       27 ,      138 ,       89 ,      148 ,      123 ,        5 ,      117 ,       44 ,       13 ,       64 ,      142 ,      147 ,       34 ,      139 ,       88 ,        3 ,       12 ,       15 ,       55 ,      107 ,       60 ,      122 ,       90 ,      128 ,      126 ,       99 ,       67 ,      124 ,       49 ,       16 ,       70 ,       30 ,      145 ,       83 ,      111 ,       79 ,      102 ,        8 ,        1 ,      132 ,       96 ,      100 ,       14 ,       92 ,      135 ,       33 ,       18 ,      143 ,      101 ,       80 ,      109 ,      149 ,       41 ,       40 ,       17 ,      115 ,      104 ,      129 ,       52 ,      136 ,       81 ,       75 ,       93 ,      125 ,       42 ,       22 ,       54 ,       98 ,       66 ,        9 ,       23 ,       29 ,      146 ,      103 ,       20 ,       71 ,      108 ,       84 ,       53 ,       50 ,       62 ,      130 ,       94 ,       32 ,      113 ,      121 ,        4 ,       19 ,       69 ,      134 ,       63 ,      140 ,       24 ,       48 ,       65 ,       39 ,       97 ,       45 ,       76 ,       38 ,       85 ,      112 ,      106 ,       57 ,        7 ,      114 ,       10 ,      141 ,       47 , 
      72 ,        0 ,      133 ,       37 ,        6 ,       11 ,       78 ,       31 ,       86 ,       36 ,       87 ,       43 ,       74 ,       95 ,      116 ,      137 ,       61 ,      105 ,      144 ,       56 ,       46 ,       59 ,       25 ,      110 ,       35 ,       51 ,        2 ,      131 ,       28 ,       77 ,       73 ,      127 ,      119 ,       58 ,      118 ,      120 ,       26 ,       91 ,       82 ,       27 ,       68 ,       21 ,       89 ,      138 ,        5 ,      148 ,      123 ,       13 ,       44 ,       64 ,      117 ,      147 ,      142 ,       88 ,       12 ,      139 ,       34 ,        3 ,       15 ,      107 ,       55 ,      122 ,       60 ,       90 ,      126 ,       99 ,      128 ,       67 ,      124 ,       70 ,       49 ,       30 ,      145 ,       16 ,       83 ,       79 ,      111 ,      102 ,        1 ,       96 ,      132 ,      100 ,        8 ,      135 ,       92 ,       14 ,       33 ,      143 ,       80 ,       18 ,      101 ,      109 ,       40 ,      149 ,       41 ,       17 ,      115 ,      104 ,      136 ,      129 ,       52 ,       81 ,       75 ,      125 ,       93 ,       54 ,       98 ,       42 ,       22 ,       66 ,       23 ,        9 ,      146 ,       29 ,       20 ,       71 ,      103 ,       53 ,      108 ,       84 ,       50 ,       62 ,      130 ,      113 ,       94 ,      121 ,       32 ,       19 ,      134 ,        4 ,       69 ,       63 ,      140 ,       48 ,       24 ,       65 ,       39 ,       45 ,       97 ,       76 ,       38 ,      106 ,       57 ,       85 ,        7 ,      112 ,       10 ,      114 ,       47 ,      141 , 
      72 ,      133 ,        0 ,       37 ,       78 ,        6 ,       11 ,       86 ,       31 ,       87 ,       36 ,       43 ,       74 ,      137 ,      116 ,       95 ,      144 ,      105 ,       61 ,       56 ,       59 ,       25 ,       46 ,      110 ,       51 ,       35 ,        2 ,      131 ,       77 ,      127 ,       73 ,       28 ,      119 ,       58 ,      118 ,       26 ,      120 ,       82 ,       27 ,       21 ,       91 ,       89 ,      138 ,       68 ,      123 ,        5 ,       44 ,      148 ,       13 ,       64 ,      117 ,      147 ,       88 ,       12 ,        3 ,       15 ,      142 ,       34 ,      139 ,      107 ,       55 ,       90 ,       60 ,      122 ,       99 ,      126 ,      124 ,      128 ,       49 ,       70 ,       67 ,       30 ,       83 ,      145 ,       16 ,       79 ,      111 ,      102 ,      132 ,      100 ,       96 ,       92 ,        1 ,       14 ,        8 ,      135 ,       33 ,      143 ,       80 ,       18 ,      109 ,      101 ,       41 ,       40 ,      149 ,      104 ,      115 ,       17 ,      129 ,       81 ,       52 ,      136 ,       75 ,       93 ,      125 ,       54 ,       98 ,       22 ,       23 ,       42 ,       66 ,        9 ,      146 ,      103 ,       29 ,       20 ,       71 ,       84 ,      108 ,       53 ,      130 ,       50 ,       62 ,      121 ,       94 ,       19 ,      134 ,      113 ,        4 ,       32 ,       69 ,      140 ,       24 ,       63 ,       48 ,       39 ,       45 ,       65 ,       76 ,       97 ,       38 ,      106 ,       85 ,       57 ,        7 ,       10 ,      112 ,      114 ,      141 ,       47 , 
