571 , 100 , 10 , 71114 , ILST
      42 ,       96 ,       25 ,       74 ,       80 ,       54 ,       12 ,       48 ,       77 ,       31 ,       21 ,       75 ,       23 ,       94 ,       52 ,       84 ,       86 ,       61 ,       35 ,        4 ,       45 ,       93 ,       20 ,       38 ,       72 ,       67 ,       83 ,       98 ,       65 ,       46 ,       69 ,       27 ,       73 ,       55 ,       76 ,       22 ,       37 ,       53 ,       51 ,        6 ,       56 ,       60 ,       70 ,        1 ,       10 ,       58 ,       28 ,       43 ,       66 ,       92 ,       91 ,       59 ,       89 ,       16 ,       87 ,       81 ,       11 ,        3 ,        5 ,       33 ,       95 ,        8 ,       47 ,       14 ,       32 ,       57 ,       41 ,       78 ,       99 ,       18 ,       71 ,       49 ,       40 ,       30 ,       79 ,       17 ,       36 ,        0 ,       19 ,       88 ,        2 ,       90 ,       63 ,        9 ,       26 ,       15 ,       24 ,       97 ,       85 ,       39 ,       13 ,       34 ,       82 ,       44 ,        7 ,       64 ,       50 ,       29 ,       68 ,       62 , 
      42 ,       25 ,       80 ,       54 ,       74 ,       48 ,       96 ,       77 ,       31 ,       75 ,       12 ,       23 ,       21 ,       84 ,       94 ,       52 ,       61 ,        4 ,       45 ,       86 ,       93 ,       35 ,       72 ,       38 ,       20 ,       67 ,       98 ,       83 ,       69 ,       46 ,       73 ,       65 ,       27 ,       22 ,       55 ,       37 ,       76 ,       51 ,       53 ,       60 ,        6 ,       70 ,       56 ,        1 ,       10 ,       58 ,       28 ,       92 ,       91 ,       59 ,       89 ,       66 ,       43 ,       87 ,       81 ,       16 ,       11 ,        3 ,       95 ,        5 ,        8 ,       47 ,       33 ,       57 ,       32 ,       14 ,       99 ,       18 ,       41 ,       78 ,       40 ,       30 ,       71 ,       79 ,       49 ,        0 ,       17 ,       19 ,       36 ,        2 ,       88 ,       90 ,       63 ,        9 ,       26 ,       15 ,       24 ,       39 ,       85 ,       97 ,       13 ,       34 ,       82 ,       64 ,       50 ,       44 ,       29 ,        7 ,       62 ,       68 , 
      25 ,       80 ,       42 ,       74 ,       48 ,       96 ,       54 ,       77 ,       75 ,       12 ,       31 ,       23 ,       84 ,       94 ,       21 ,        4 ,       61 ,       86 ,       52 ,       45 ,       93 ,       72 ,       35 ,       20 ,       38 ,       67 ,       69 ,       83 ,       98 ,       65 ,       46 ,       22 ,       27 ,       37 ,       73 ,       76 ,       55 ,       51 ,       53 ,       70 ,       60 ,        6 ,       56 ,       10 ,        1 ,       28 ,       58 ,       92 ,       89 ,       91 ,       43 ,       59 ,       66 ,       16 ,       87 ,       11 ,       81 ,        5 ,        3 ,       95 ,       47 ,       33 ,        8 ,       57 ,       32 ,       14 ,       41 ,       99 ,       78 ,       18 ,       30 ,       40 ,       79 ,       71 ,       49 ,        0 ,       17 ,       19 ,       36 ,       90 ,       88 ,       63 ,        2 ,        9 ,       26 ,       24 ,       15 ,       97 ,       39 ,       85 ,       34 ,       82 ,       50 ,       64 ,       13 ,       29 ,        7 ,       44 ,       68 ,       62 , 
      25 ,       74 ,       42 ,       80 ,       48 ,       54 ,       77 ,       12 ,       96 ,       75 ,       23 ,       31 ,       84 ,       94 ,       21 ,        4 ,       61 ,       52 ,       45 ,       86 ,       72 ,       93 ,       20 ,       38 ,       35 ,       67 ,       69 ,       83 ,       98 ,       65 ,       22 ,       27 ,       46 ,       37 ,       73 ,       51 ,       55 ,       76 ,       53 ,       70 ,        6 ,       56 ,       60 ,       28 ,       58 ,       92 ,        1 ,       89 ,       91 ,       10 ,       59 ,       43 ,       16 ,       11 ,       66 ,       95 ,       81 ,       87 ,       47 ,        5 ,        3 ,       33 ,       32 ,        8 ,       41 ,       57 ,       14 ,       78 ,       30 ,       99 ,       18 ,       79 ,       40 ,       71 ,       49 ,       17 ,        0 ,       19 ,       36 ,       90 ,       63 ,        9 ,       26 ,        2 ,       88 ,       24 ,       15 ,       97 ,       34 ,       39 ,       85 ,       50 ,       82 ,       29 ,       64 ,       13 ,       68 ,       44 ,        7 ,       62 , 
      25 ,       74 ,       80 ,       42 ,       48 ,       77 ,       12 ,       96 ,       54 ,       23 ,       75 ,       31 ,       84 ,       94 ,       61 ,        4 ,       52 ,       21 ,       45 ,       86 ,       20 ,       93 ,       72 ,       67 ,       35 ,       38 ,       83 ,       69 ,       22 ,       98 ,       65 ,       46 ,       73 ,       27 ,       55 ,       51 ,       37 ,       76 ,        6 ,       70 ,       53 ,       28 ,       56 ,       60 ,       58 ,       92 ,        1 ,       91 ,       89 ,       43 ,       10 ,       16 ,       59 ,       11 ,       66 ,       81 ,       95 ,        5 ,       47 ,        3 ,       87 ,       32 ,        8 ,       57 ,       33 ,       41 ,       78 ,       14 ,       99 ,       30 ,       18 ,       40 ,       79 ,       71 ,       17 ,        0 ,       49 ,       19 ,       63 ,        9 ,       36 ,       90 ,        2 ,       26 ,       24 ,       88 ,       34 ,       39 ,       97 ,       15 ,       85 ,       29 ,       50 ,       62 ,        7 ,       64 ,       82 ,       13 ,       44 ,       68 , 
      74 ,       25 ,       42 ,       80 ,       48 ,       12 ,       77 ,       96 ,       54 ,       23 ,       84 ,       75 ,       31 ,       61 ,       94 ,       52 ,        4 ,       45 ,       21 ,       86 ,       93 ,       72 ,       67 ,       20 ,       35 ,       69 ,       22 ,       38 ,       83 ,       65 ,       73 ,       98 ,       46 ,       51 ,       37 ,       76 ,        6 ,       55 ,       27 ,       70 ,       56 ,       53 ,       28 ,       92 ,       60 ,       58 ,       91 ,        1 ,       10 ,       89 ,       43 ,       59 ,       16 ,       81 ,       11 ,        5 ,       47 ,       66 ,       87 ,       95 ,       32 ,        3 ,       33 ,       57 ,        8 ,       78 ,       41 ,       99 ,       14 ,       30 ,       18 ,       79 ,       71 ,       40 ,       17 ,       19 ,        0 ,       63 ,       49 ,        9 ,       90 ,       36 ,        2 ,       26 ,       88 ,       97 ,       34 ,       24 ,       15 ,       39 ,       62 ,       85 ,       50 ,       64 ,       29 ,        7 ,       82 ,       68 ,       13 ,       44 , 
      74 ,       42 ,       80 ,       25 ,       48 ,       12 ,       54 ,       96 ,       77 ,       84 ,       75 ,       23 ,       31 ,       52 ,       61 ,        4 ,       21 ,       94 ,       93 ,       45 ,       86 ,       20 ,       72 ,       67 ,       35 ,       69 ,       22 ,       83 ,       38 ,       65 ,       98 ,       73 ,       51 ,       37 ,       46 ,        6 ,       27 ,       55 ,       70 ,       56 ,       76 ,       92 ,       28 ,       58 ,       53 ,       91 ,        1 ,       10 ,       89 ,       60 ,       59 ,       43 ,       16 ,       81 ,        5 ,       47 ,       87 ,       66 ,       11 ,       95 ,       32 ,       33 ,        3 ,        8 ,       57 ,       78 ,       14 ,       99 ,       30 ,       41 ,       18 ,       71 ,       79 ,       40 ,       17 ,        0 ,       19 ,        9 ,       63 ,       49 ,       90 ,       26 ,       36 ,        2 ,       34 ,       88 ,       97 ,       24 ,       15 ,       62 ,       39 ,       85 ,       29 ,       64 ,       50 ,       82 ,       68 ,       44 ,       13 ,        7 , 
      42 ,       74 ,       80 ,       48 ,       25 ,       12 ,       54 ,       96 ,       77 ,       84 ,       23 ,       75 ,       52 ,       31 ,        4 ,       21 ,       61 ,       93 ,       94 ,       86 ,       45 ,       72 ,       20 ,       35 ,       69 ,       67 ,       83 ,       22 ,       38 ,       51 ,       73 ,       65 ,       98 ,       46 ,       37 ,        6 ,       56 ,       70 ,       76 ,       27 ,       55 ,       92 ,       28 ,       91 ,       10 ,       58 ,        1 ,       53 ,       59 ,       43 ,       89 ,       16 ,       60 ,       81 ,        5 ,       66 ,       47 ,       87 ,       11 ,       32 ,       95 ,        3 ,       57 ,       33 ,        8 ,       14 ,       78 ,       99 ,       18 ,       41 ,       30 ,       71 ,       79 ,       40 ,       19 ,       17 ,        9 ,        0 ,       90 ,       49 ,       63 ,       36 ,        2 ,       26 ,       34 ,       24 ,       15 ,       88 ,       97 ,       62 ,       39 ,       29 ,       85 ,       64 ,       68 ,       50 ,       13 ,       82 ,       44 ,        7 , 
      80 ,       42 ,       48 ,       25 ,       74 ,       12 ,       54 ,       96 ,       77 ,       23 ,       52 ,       84 ,       75 ,       31 ,        4 ,       61 ,       94 ,       21 ,       93 ,       86 ,       20 ,       72 ,       45 ,       35 ,       67 ,       69 ,       22 ,       83 ,       51 ,       38 ,       73 ,       65 ,       46 ,       37 ,        6 ,       56 ,       98 ,       70 ,       55 ,       27 ,       76 ,       28 ,       92 ,       10 ,       91 ,       58 ,        1 ,       53 ,       89 ,       43 ,       16 ,       60 ,       59 ,        5 ,       66 ,       32 ,       47 ,       81 ,       11 ,        3 ,       87 ,       95 ,       33 ,       57 ,        8 ,       99 ,       14 ,       78 ,       18 ,       41 ,       30 ,       79 ,       71 ,       40 ,       19 ,       17 ,        9 ,       49 ,       90 ,        0 ,       63 ,       36 ,        2 ,       34 ,       26 ,       88 ,       24 ,       15 ,       62 ,       39 ,       97 ,       64 ,       85 ,       29 ,       50 ,       68 ,       44 ,       82 ,       13 ,        7 , 
      80 ,       42 ,       25 ,       74 ,       48 ,       12 ,       54 ,       96 ,       77 ,       23 ,       52 ,       84 ,       75 ,        4 ,       31 ,       94 ,       61 ,       93 ,       86 ,       72 ,       21 ,       45 ,       35 ,       67 ,       22 ,       20 ,       83 ,       69 ,       38 ,       51 ,       73 ,       65 ,       37 ,       46 ,        6 ,       70 ,       56 ,       98 ,       76 ,       55 ,       27 ,       92 ,       91 ,       28 ,       58 ,        1 ,       89 ,       10 ,       43 ,       53 ,       16 ,        5 ,       60 ,       59 ,       32 ,       81 ,       11 ,       66 ,       47 ,        3 ,       87 ,       95 ,        8 ,       33 ,       57 ,       78 ,       99 ,       41 ,       14 ,       18 ,       30 ,       71 ,       40 ,       79 ,        9 ,       17 ,       19 ,       90 ,       63 ,       49 ,        0 ,       34 ,       36 ,        2 ,       88 ,       24 ,       26 ,       39 ,       62 ,       15 ,       64 ,       97 ,       85 ,       29 ,       44 ,       82 ,       50 ,       68 ,        7 ,       13 , 
