962 , 150 , 10 , 306660 , ILS
     147 ,       95 ,       69 ,       59 ,       23 ,       78 ,      124 ,      128 ,      129 ,       19 ,      127 ,       13 ,      110 ,       28 ,      137 ,       96 ,      134 ,       29 ,      139 ,       86 ,      100 ,      146 ,      144 ,        0 ,      148 ,        4 ,       91 ,       89 ,       57 ,       46 ,       22 ,       17 ,       48 ,      117 ,      115 ,       56 ,       45 ,       12 ,        7 ,      118 ,       50 ,       98 ,       68 ,       63 ,      113 ,      133 ,       72 ,       58 ,      108 ,       93 ,      122 ,       11 ,      126 ,       16 ,        9 ,      141 ,      135 ,       54 ,       64 ,       31 ,       81 ,       99 ,       75 ,      121 ,       80 ,      103 ,       62 ,       94 ,      142 ,      125 ,       88 ,       43 ,       24 ,      143 ,      107 ,      149 ,      102 ,      145 ,       36 ,        5 ,       14 ,      140 ,       84 ,       37 ,       20 ,      105 ,        8 ,      109 ,       33 ,       35 ,       53 ,       82 ,       10 ,       87 ,      106 ,       25 ,       83 ,       30 ,       70 ,       71 ,      123 ,      131 ,       49 ,       47 ,       97 ,       65 ,       32 ,       79 ,      114 ,        2 ,       44 ,       67 ,       26 ,      116 ,       61 ,       27 ,      119 ,      138 ,       38 ,       15 ,       21 ,       55 ,       18 ,        3 ,       74 ,      120 ,      132 ,       85 ,      112 ,       77 ,       60 ,        6 ,       76 ,      136 ,       73 ,      111 ,      130 ,        1 ,       40 ,      101 ,       34 ,       41 ,       92 ,       51 ,       66 ,       42 ,      104 ,       90 ,       52 ,       39 , 
      69 ,       95 ,       59 ,       23 ,       78 ,      124 ,      128 ,      129 ,      147 ,      127 ,       19 ,       13 ,       28 ,      110 ,      137 ,       29 ,       96 ,      134 ,      139 ,      100 ,       86 ,        0 ,      146 ,      148 ,      144 ,        4 ,       89 ,       91 ,       57 ,       46 ,       22 ,       48 ,      117 ,       17 ,      115 ,       45 ,       56 ,       12 ,       50 ,      118 ,        7 ,       98 ,       68 ,      113 ,      133 ,       63 ,      108 ,       72 ,      122 ,       11 ,       93 ,       58 ,       16 ,      126 ,        9 ,      135 ,       64 ,      141 ,       54 ,       31 ,       99 ,      121 ,       81 ,      103 ,       75 ,       80 ,       62 ,      142 ,       94 ,       43 ,       24 ,      125 ,       88 ,      149 ,      102 ,      143 ,      107 ,      145 ,       14 ,       36 ,      140 ,        5 ,       20 ,       84 ,      105 ,       37 ,        8 ,      109 ,       35 ,       53 ,       33 ,       82 ,       10 ,       87 ,      106 ,       30 ,       70 ,       25 ,       71 ,       83 ,       49 ,       47 ,      123 ,      131 ,       65 ,       97 ,       32 ,        2 ,       79 ,       44 ,      114 ,       26 ,       67 ,       27 ,      119 ,       61 ,       38 ,      116 ,      138 ,       15 ,       55 ,       18 ,       21 ,       74 ,        3 ,      120 ,       85 ,      132 ,       77 ,      112 ,       76 ,        6 ,       60 ,       73 ,      136 ,        1 ,      111 ,      130 ,       40 ,       34 ,      101 ,       51 ,       92 ,       41 ,       66 ,      104 ,       90 ,       42 ,       52 ,       39 , 
      69 ,       95 ,       23 ,       59 ,      124 ,       78 ,      128 ,      129 ,      147 ,       19 ,      127 ,      110 ,       28 ,      137 ,       13 ,       29 ,      134 ,      139 ,      100 ,       96 ,       86 ,      146 ,        0 ,        4 ,      144 ,       89 ,       57 ,      148 ,       22 ,       48 ,       91 ,       46 ,      117 ,       17 ,      115 ,       56 ,       45 ,       50 ,       98 ,       12 ,      118 ,        7 ,      113 ,      133 ,       68 ,       63 ,      108 ,       72 ,       11 ,      122 ,       16 ,      126 ,        9 ,       58 ,       93 ,      141 ,      135 ,       64 ,       31 ,       54 ,      121 ,      103 ,       99 ,       75 ,      142 ,       80 ,       81 ,       62 ,       24 ,       43 ,       94 ,       88 ,      125 ,      149 ,      143 ,      145 ,       14 ,      102 ,       36 ,      107 ,        5 ,       84 ,       20 ,      140 ,      105 ,       37 ,      109 ,       35 ,        8 ,       53 ,       82 ,       33 ,       10 ,       87 ,      106 ,       30 ,       71 ,       25 ,       70 ,       49 ,       83 ,       47 ,      123 ,      131 ,       44 ,       97 ,       32 ,       65 ,      114 ,       26 ,       79 ,        2 ,       67 ,       61 ,       27 ,      116 ,      119 ,       15 ,       38 ,       55 ,      138 ,       74 ,       18 ,      120 ,       85 ,       21 ,        3 ,      132 ,       77 ,      112 ,       76 ,       73 ,      136 ,        6 ,       60 ,      130 ,        1 ,       40 ,      111 ,       34 ,       51 ,       66 ,      101 ,       92 ,       41 ,       90 ,      104 ,       52 ,       42 ,       39 , 
      69 ,       95 ,       59 ,      124 ,      128 ,       23 ,       78 ,      147 ,      127 ,      129 ,       19 ,       28 ,      137 ,      110 ,      134 ,       13 ,      139 ,       96 ,      100 ,       29 ,       86 ,      146 ,        0 ,      144 ,       89 ,      148 ,       22 ,       57 ,        4 ,       48 ,       91 ,       46 ,      117 ,       56 ,      115 ,       17 ,       50 ,       98 ,       45 ,       12 ,        7 ,      118 ,       68 ,      133 ,      113 ,       63 ,       11 ,      122 ,       72 ,      108 ,      126 ,        9 ,       58 ,       16 ,       93 ,       64 ,      141 ,      135 ,      121 ,       31 ,       54 ,       75 ,      103 ,       99 ,       81 ,      142 ,       24 ,       80 ,       62 ,       94 ,       43 ,       88 ,      125 ,      145 ,      143 ,      149 ,       14 ,      102 ,       36 ,       84 ,      107 ,        5 ,       20 ,      105 ,       37 ,       35 ,      140 ,      109 ,       53 ,        8 ,       33 ,       10 ,       82 ,       87 ,       30 ,      106 ,       71 ,       25 ,       70 ,       83 ,       49 ,      123 ,       47 ,       97 ,       44 ,      131 ,       32 ,       65 ,       26 ,       79 ,        2 ,      114 ,       67 ,       61 ,       15 ,       27 ,      119 ,       38 ,      116 ,       55 ,       74 ,      138 ,       85 ,       18 ,       21 ,      120 ,        3 ,      112 ,       76 ,       77 ,      136 ,      132 ,       73 ,      130 ,       60 ,        1 ,        6 ,      111 ,       40 ,       34 ,       51 ,      104 ,       92 ,       66 ,      101 ,       41 ,       52 ,       90 ,       39 ,       42 , 
      69 ,       95 ,      124 ,      128 ,       23 ,       59 ,      147 ,      129 ,       78 ,       28 ,      127 ,       19 ,      137 ,      110 ,      139 ,       13 ,      134 ,       29 ,      100 ,       86 ,       96 ,        0 ,      144 ,       89 ,      146 ,      148 ,       57 ,       22 ,       91 ,       48 ,        4 ,      117 ,       46 ,       56 ,       17 ,      115 ,       50 ,       98 ,       45 ,       12 ,        7 ,      133 ,      113 ,       68 ,      118 ,      122 ,       63 ,       11 ,      108 ,       72 ,       58 ,      126 ,       93 ,       16 ,        9 ,      141 ,      135 ,       31 ,       64 ,      121 ,       75 ,      103 ,       81 ,       54 ,       99 ,      142 ,       62 ,       24 ,       43 ,       80 ,       94 ,       88 ,      125 ,      145 ,      149 ,      143 ,       14 ,      102 ,       36 ,      107 ,       84 ,      105 ,        5 ,       20 ,       37 ,      140 ,      109 ,       53 ,       35 ,        8 ,       82 ,       33 ,       10 ,       30 ,       87 ,      106 ,       70 ,       25 ,       71 ,       49 ,       83 ,       97 ,       47 ,       44 ,      123 ,       32 ,       65 ,      131 ,        2 ,       79 ,       26 ,       61 ,      114 ,       67 ,      119 ,       27 ,       15 ,      116 ,       74 ,       55 ,       38 ,       18 ,       85 ,       21 ,      138 ,        3 ,       76 ,      120 ,      112 ,       77 ,       73 ,      136 ,      132 ,        1 ,       60 ,      130 ,      111 ,       34 ,        6 ,       40 ,       92 ,      104 ,       66 ,       41 ,       51 ,       90 ,      101 ,       42 ,       52 ,       39 , 
      95 ,       69 ,      124 ,      128 ,       23 ,      147 ,      129 ,       59 ,      127 ,       28 ,       78 ,      137 ,      110 ,       19 ,       13 ,      139 ,      134 ,       29 ,       86 ,      100 ,      144 ,       96 ,       89 ,        0 ,      148 ,      146 ,       22 ,       91 ,       57 ,      117 ,        4 ,       48 ,       46 ,       17 ,       50 ,       56 ,      115 ,       12 ,       98 ,      133 ,       45 ,       68 ,      113 ,        7 ,      118 ,      122 ,       11 ,       63 ,       72 ,      108 ,      126 ,       58 ,       93 ,        9 ,      141 ,       16 ,       31 ,       64 ,       75 ,      135 ,      121 ,       54 ,      103 ,       81 ,       99 ,      142 ,       43 ,       62 ,       24 ,       80 ,       94 ,       88 ,      125 ,      145 ,      149 ,      102 ,       36 ,      107 ,      143 ,       14 ,       84 ,       20 ,       37 ,      105 ,        5 ,      140 ,       53 ,      109 ,       82 ,       33 ,       35 ,        8 ,       30 ,       10 ,       70 ,       87 ,      106 ,       49 ,       25 ,       71 ,       97 ,       83 ,       47 ,      123 ,       32 ,       44 ,       65 ,       79 ,      131 ,        2 ,      114 ,       61 ,       26 ,       67 ,       27 ,      119 ,       55 ,       74 ,       15 ,       18 ,      116 ,       38 ,       21 ,      138 ,       85 ,        3 ,       76 ,       77 ,      120 ,      132 ,      112 ,       73 ,      136 ,      111 ,       34 ,        6 ,      130 ,       66 ,        1 ,       92 ,       40 ,       60 ,      104 ,       90 ,       51 ,       39 ,       41 ,       52 ,       42 ,      101 , 
      95 ,      124 ,       69 ,       23 ,      129 ,       59 ,      128 ,      147 ,      127 ,       28 ,       78 ,      137 ,       19 ,       13 ,      110 ,       29 ,      139 ,      134 ,      100 ,       86 ,       89 ,       96 ,        0 ,      144 ,      146 ,      148 ,       91 ,       22 ,       57 ,       48 ,       46 ,      117 ,        4 ,       56 ,       17 ,       50 ,       12 ,      133 ,       98 ,      115 ,      113 ,        7 ,      118 ,       45 ,      122 ,       68 ,       63 ,       11 ,       72 ,      108 ,       93 ,      126 ,        9 ,       58 ,       16 ,      141 ,       75 ,      135 ,       31 ,       54 ,       64 ,      103 ,      121 ,       81 ,       99 ,      142 ,       62 ,       24 ,       80 ,       43 ,      125 ,       94 ,      145 ,       88 ,      149 ,      107 ,       36 ,      102 ,       14 ,      143 ,       84 ,       20 ,      105 ,        5 ,       37 ,      109 ,       82 ,      140 ,       53 ,       35 ,       33 ,       10 ,        8 ,       87 ,      106 ,       30 ,       70 ,       49 ,       25 ,       71 ,       97 ,       83 ,       47 ,      123 ,       65 ,       79 ,       32 ,      131 ,       44 ,        2 ,       26 ,      114 ,       61 ,       27 ,       55 ,       67 ,      119 ,       74 ,       18 ,       15 ,      116 ,       38 ,      138 ,       85 ,       21 ,        3 ,       77 ,      120 ,      112 ,      132 ,       76 ,       73 ,      136 ,      111 ,      130 ,        6 ,       34 ,       92 ,       66 ,       60 ,        1 ,       40 ,      104 ,       90 ,       41 ,       51 ,       39 ,       52 ,       42 ,      101 , 
      95 ,      124 ,       69 ,       23 ,      129 ,       59 ,      127 ,      128 ,      147 ,       78 ,       19 ,       28 ,      137 ,       13 ,      110 ,       29 ,      139 ,      134 ,       86 ,      100 ,       96 ,       89 ,        0 ,      144 ,       91 ,      146 ,       57 ,       22 ,      148 ,       46 ,       48 ,      117 ,       17 ,       56 ,        4 ,      133 ,       12 ,       98 ,       50 ,      115 ,      113 ,        7 ,      122 ,      118 ,       45 ,       68 ,       63 ,      108 ,       72 ,      126 ,       11 ,       93 ,        9 ,       58 ,       16 ,      135 ,       75 ,      141 ,       54 ,       31 ,       64 ,      103 ,       99 ,      142 ,       81 ,       80 ,      121 ,       24 ,      125 ,       62 ,       43 ,      145 ,       94 ,       88 ,      149 ,      107 ,       36 ,      143 ,       14 ,       20 ,       84 ,      105 ,      102 ,        5 ,       37 ,       82 ,      109 ,       53 ,       35 ,      140 ,       33 ,        8 ,       87 ,       30 ,       10 ,       49 ,      106 ,       70 ,       25 ,       83 ,       71 ,       65 ,       97 ,      123 ,       47 ,       79 ,       32 ,       44 ,      131 ,        2 ,      114 ,       26 ,       27 ,       61 ,      119 ,       67 ,       55 ,       74 ,       15 ,       18 ,      138 ,      116 ,       38 ,        3 ,       21 ,       85 ,       77 ,      120 ,      112 ,       73 ,      136 ,       76 ,      132 ,      111 ,        6 ,      130 ,       34 ,       92 ,       66 ,       40 ,        1 ,       60 ,       90 ,      104 ,       51 ,       41 ,       42 ,       39 ,      101 ,       52 , 
      95 ,      124 ,       23 ,      129 ,       69 ,       59 ,      128 ,      147 ,      127 ,       78 ,       28 ,      137 ,      110 ,       13 ,       19 ,       29 ,      134 ,      139 ,      100 ,       89 ,       96 ,       86 ,      144 ,       91 ,        0 ,       22 ,      146 ,       57 ,       46 ,       48 ,      117 ,      148 ,        4 ,       56 ,       17 ,      133 ,       98 ,       12 ,      115 ,      113 ,        7 ,       50 ,       45 ,      118 ,       63 ,      122 ,      108 ,       68 ,       72 ,      126 ,       11 ,        9 ,       93 ,       58 ,       16 ,       75 ,      135 ,       31 ,       54 ,       64 ,      141 ,      103 ,       99 ,       81 ,      142 ,      121 ,       24 ,       80 ,      125 ,       62 ,      145 ,       94 ,       88 ,       43 ,       36 ,      149 ,      107 ,       14 ,      143 ,       84 ,      105 ,       20 ,      102 ,        5 ,       37 ,       82 ,      109 ,       53 ,       35 ,       33 ,      140 ,       30 ,        8 ,       87 ,      106 ,       49 ,       10 ,       25 ,       70 ,       71 ,       83 ,       65 ,      123 ,       47 ,       97 ,       44 ,       79 ,      131 ,       32 ,       26 ,        2 ,      114 ,       61 ,       27 ,      119 ,       67 ,       55 ,       15 ,       74 ,       18 ,      138 ,      116 ,       38 ,        3 ,       21 ,       85 ,       77 ,      120 ,       73 ,      112 ,       76 ,      111 ,      136 ,      132 ,      130 ,        6 ,       34 ,       92 ,        1 ,       40 ,       66 ,      104 ,       60 ,       90 ,       51 ,       39 ,       42 ,       41 ,       52 ,      101 , 
      95 ,       23 ,      124 ,      129 ,       69 ,       59 ,      128 ,       78 ,      127 ,       28 ,      147 ,      110 ,       13 ,       29 ,      137 ,       19 ,      134 ,      139 ,       89 ,      100 ,       86 ,      144 ,       96 ,       91 ,       22 ,        0 ,      146 ,       48 ,       57 ,      148 ,      117 ,       46 ,       17 ,        4 ,      133 ,       12 ,       56 ,      113 ,       98 ,      115 ,       50 ,        7 ,      118 ,      122 ,       63 ,       45 ,      108 ,       68 ,      126 ,        9 ,       72 ,       93 ,       11 ,       16 ,       58 ,       31 ,      135 ,       54 ,       75 ,       64 ,      103 ,      141 ,       81 ,      142 ,      121 ,       99 ,       80 ,       62 ,       24 ,      125 ,       88 ,      145 ,       43 ,       94 ,      149 ,       36 ,      107 ,       84 ,      143 ,       20 ,       14 ,      105 ,        5 ,      102 ,       37 ,       53 ,       82 ,      109 ,      140 ,       35 ,       33 ,       30 ,        8 ,      106 ,       87 ,       25 ,       10 ,       49 ,       70 ,       83 ,      123 ,       65 ,       71 ,       97 ,       44 ,       47 ,      131 ,       32 ,       79 ,        2 ,       26 ,      114 ,       27 ,       61 ,      119 ,       67 ,       55 ,       18 ,       74 ,       15 ,       38 ,      138 ,       21 ,        3 ,      116 ,       85 ,      120 ,       73 ,      112 ,       76 ,       77 ,      136 ,      111 ,      132 ,      130 ,       34 ,       92 ,        6 ,        1 ,      104 ,       66 ,       40 ,       51 ,       60 ,       90 ,       39 ,       41 ,       42 ,      101 ,       52 , 
