1427 , 200 , 10 , 302490 , ILS
     180 ,       83 ,      174 ,       65 ,      116 ,       16 ,      175 ,       50 ,       66 ,      127 ,       63 ,      111 ,      124 ,      198 ,      184 ,       30 ,       20 ,      162 ,      185 ,       60 ,      106 ,       54 ,      178 ,        1 ,       85 ,      104 ,        0 ,       62 ,        9 ,      187 ,      101 ,       13 ,      154 ,       92 ,      196 ,      160 ,       25 ,      121 ,      165 ,      190 ,       44 ,      130 ,       18 ,       34 ,      151 ,      112 ,       32 ,      159 ,       38 ,       33 ,      177 ,      192 ,       82 ,      170 ,       71 ,       40 ,       61 ,      137 ,      161 ,      146 ,       67 ,        6 ,       97 ,      188 ,      156 ,       56 ,      102 ,       29 ,       43 ,       28 ,       96 ,      105 ,       53 ,      150 ,       91 ,      168 ,      122 ,       24 ,      134 ,       52 ,       80 ,      125 ,       93 ,      147 ,       21 ,      167 ,       94 ,       79 ,      141 ,       99 ,      194 ,      155 ,      169 ,       11 ,      163 ,       41 ,       48 ,        8 ,       37 ,      171 ,      158 ,      120 ,      164 ,      149 ,      138 ,      114 ,      140 ,      108 ,      199 ,      132 ,      139 ,       45 ,       77 ,      183 ,      186 ,       23 ,      157 ,        2 ,      131 ,      129 ,      119 ,       64 ,       49 ,      144 ,       72 ,      179 ,       87 ,        5 ,      135 ,       70 ,       68 ,      189 ,      142 ,       88 ,       89 ,       36 ,       47 ,       74 ,      153 ,      126 ,      148 ,      117 ,        7 ,       75 ,      166 ,      193 ,      182 ,       73 ,      103 ,       14 ,       57 ,      173 ,      176 ,      133 ,      115 ,      113 ,       46 ,      143 ,      109 ,       26 ,      136 ,       17 ,       78 ,       51 ,       15 ,      100 ,       55 ,       39 ,       76 ,      123 ,       42 ,      152 ,       69 ,      197 ,       95 ,       35 ,      110 ,      128 ,       98 ,       19 ,       27 ,      181 ,       59 ,      118 ,        4 ,       10 ,       86 ,       31 ,       58 ,      145 ,      172 ,      191 ,       90 ,       12 ,      195 ,       22 ,       84 ,       81 ,        3 ,      107 , 
     174 ,      180 ,       65 ,       16 ,      116 ,       83 ,      175 ,      127 ,       50 ,      198 ,      184 ,       66 ,      124 ,       30 ,      185 ,      162 ,       63 ,       60 ,      106 ,       20 ,      111 ,       54 ,      104 ,        0 ,       85 ,        1 ,      178 ,      101 ,        9 ,       62 ,       13 ,       92 ,      196 ,      154 ,       25 ,      187 ,       44 ,      190 ,      160 ,      121 ,       18 ,      165 ,      130 ,      159 ,      112 ,       34 ,       33 ,      151 ,      177 ,       38 ,       32 ,       82 ,      192 ,      137 ,       71 ,       61 ,      161 ,      170 ,      146 ,       40 ,      188 ,        6 ,       67 ,       56 ,      102 ,      156 ,       97 ,       29 ,       28 ,       43 ,       53 ,      150 ,       96 ,      105 ,      122 ,      134 ,      168 ,       91 ,      125 ,       24 ,       93 ,       52 ,       94 ,       80 ,       79 ,      141 ,       21 ,      167 ,      194 ,      147 ,       99 ,      155 ,       41 ,       48 ,      169 ,       11 ,      163 ,      120 ,       37 ,        8 ,      164 ,      171 ,      114 ,      108 ,      158 ,      140 ,      138 ,      149 ,       45 ,      199 ,      139 ,      132 ,      186 ,       77 ,        2 ,      183 ,      131 ,      157 ,       23 ,       49 ,      119 ,      129 ,       64 ,       87 ,       72 ,      179 ,        5 ,      144 ,      189 ,      135 ,       89 ,       70 ,       68 ,      142 ,       88 ,       36 ,       47 ,       74 ,      117 ,        7 ,      126 ,      193 ,      153 ,      148 ,       75 ,      103 ,       57 ,       73 ,      166 ,      173 ,      182 ,       14 ,      115 ,      133 ,      176 ,      113 ,      143 ,       46 ,       26 ,      109 ,      136 ,       78 ,       17 ,       51 ,       15 ,       55 ,      100 ,       39 ,       76 ,      123 ,       42 ,      152 ,       69 ,      197 ,      110 ,       35 ,       95 ,       98 ,       27 ,       19 ,      118 ,      181 ,       59 ,      128 ,       58 ,       86 ,      145 ,       10 ,        4 ,      172 ,       31 ,       12 ,       84 ,       90 ,      191 ,       81 ,      195 ,       22 ,        3 ,      107 , 
     116 ,       65 ,      174 ,       83 ,       50 ,      175 ,       16 ,      180 ,       66 ,       30 ,      124 ,      198 ,      185 ,      127 ,       63 ,      184 ,      106 ,       20 ,      111 ,       54 ,      162 ,        0 ,       85 ,      178 ,       60 ,        1 ,        9 ,      101 ,      104 ,      154 ,       13 ,       62 ,       92 ,      187 ,      196 ,       25 ,      190 ,      165 ,      121 ,       44 ,      130 ,       18 ,      160 ,      112 ,      151 ,       33 ,      159 ,       32 ,       82 ,       34 ,      137 ,      177 ,      192 ,       38 ,      146 ,       71 ,      161 ,       40 ,      170 ,      102 ,       67 ,      188 ,       61 ,       56 ,       97 ,      156 ,       29 ,        6 ,       28 ,       43 ,       53 ,       96 ,      105 ,       91 ,      122 ,      134 ,      168 ,       93 ,      150 ,      125 ,       94 ,       80 ,       24 ,       79 ,       21 ,       52 ,      141 ,       41 ,      155 ,       99 ,      194 ,      167 ,      147 ,       48 ,      120 ,        8 ,       11 ,      169 ,       37 ,      171 ,      163 ,      164 ,      108 ,      138 ,      140 ,      158 ,      114 ,      139 ,      132 ,      199 ,       45 ,      149 ,      183 ,      186 ,       77 ,      157 ,      131 ,        2 ,       49 ,       23 ,      129 ,       87 ,      119 ,        5 ,       64 ,      179 ,      135 ,       72 ,       70 ,       68 ,       89 ,      144 ,       88 ,       47 ,      189 ,       36 ,      142 ,      153 ,       74 ,      193 ,      117 ,      126 ,        7 ,      103 ,      166 ,       75 ,      148 ,      182 ,      173 ,       57 ,      133 ,      115 ,       73 ,      176 ,       14 ,      143 ,      113 ,       46 ,      136 ,       26 ,      109 ,       78 ,       17 ,       51 ,       55 ,       76 ,       42 ,       15 ,       39 ,      100 ,      152 ,      197 ,      110 ,       98 ,      123 ,       19 ,       69 ,       27 ,       35 ,       95 ,      118 ,      181 ,      128 ,       58 ,       59 ,      145 ,       86 ,       10 ,       12 ,        4 ,       31 ,       84 ,      195 ,      172 ,       90 ,       81 ,      191 ,       22 ,        3 ,      107 , 
     174 ,      175 ,       65 ,      180 ,       16 ,       30 ,       50 ,      116 ,       83 ,      124 ,      198 ,       63 ,       66 ,      185 ,      106 ,      111 ,      127 ,      184 ,      162 ,      178 ,        0 ,       60 ,       54 ,       85 ,       20 ,      104 ,        9 ,      101 ,        1 ,       92 ,      154 ,       62 ,      196 ,      165 ,       13 ,      190 ,      187 ,       25 ,      121 ,      130 ,       18 ,       44 ,      159 ,       32 ,      160 ,       34 ,      112 ,       33 ,      137 ,      151 ,      177 ,       82 ,      192 ,       38 ,      146 ,       71 ,      170 ,      161 ,       61 ,       40 ,       67 ,      102 ,       97 ,       29 ,      156 ,       56 ,       53 ,       43 ,      188 ,        6 ,       96 ,       28 ,      122 ,      134 ,      168 ,      105 ,       94 ,      125 ,       91 ,       24 ,      150 ,       80 ,       93 ,      141 ,       79 ,       41 ,       52 ,       21 ,      155 ,       99 ,      167 ,      194 ,        8 ,       11 ,      147 ,      120 ,       48 ,       37 ,      108 ,      163 ,      169 ,      138 ,      164 ,      158 ,      171 ,      114 ,      140 ,      139 ,      132 ,      149 ,      186 ,       45 ,      199 ,      157 ,        2 ,      183 ,       77 ,       23 ,      129 ,       49 ,      131 ,      119 ,      135 ,      179 ,        5 ,       87 ,       70 ,       68 ,       64 ,       72 ,       88 ,       89 ,      144 ,       47 ,      142 ,       74 ,      189 ,       36 ,      193 ,      117 ,      153 ,        7 ,      103 ,      126 ,      148 ,       57 ,       75 ,      166 ,      182 ,      173 ,      176 ,      115 ,       14 ,      133 ,       73 ,      136 ,      143 ,      109 ,      113 ,       46 ,       17 ,       55 ,       26 ,       78 ,       15 ,      100 ,       51 ,       39 ,      110 ,       76 ,       42 ,      123 ,      197 ,      152 ,       98 ,       19 ,       27 ,      118 ,       69 ,       35 ,       58 ,       95 ,      128 ,      181 ,       12 ,       59 ,      145 ,       86 ,      172 ,       84 ,       90 ,      195 ,       31 ,        4 ,       10 ,      191 ,       81 ,       22 ,        3 ,      107 , 
     174 ,       65 ,       50 ,       16 ,      175 ,      116 ,       83 ,       30 ,      180 ,      198 ,      106 ,      111 ,       63 ,      124 ,       66 ,      178 ,      185 ,      127 ,        0 ,      162 ,      184 ,       60 ,       85 ,      104 ,        9 ,       20 ,       92 ,       54 ,      154 ,      101 ,        1 ,      196 ,       62 ,      165 ,      187 ,      190 ,       13 ,       25 ,       18 ,      121 ,      160 ,       34 ,       32 ,      130 ,      159 ,       44 ,      112 ,      151 ,      192 ,      177 ,      137 ,       33 ,       38 ,      170 ,       82 ,      161 ,       40 ,      146 ,       61 ,       97 ,       71 ,      156 ,      102 ,       29 ,       56 ,       43 ,       67 ,        6 ,       53 ,      122 ,      134 ,      188 ,       28 ,      125 ,      168 ,       24 ,       96 ,      150 ,       94 ,      141 ,      105 ,       91 ,       93 ,       41 ,       80 ,       52 ,       79 ,      155 ,       99 ,       21 ,      167 ,      147 ,      120 ,       48 ,       37 ,      194 ,        8 ,      163 ,       11 ,      169 ,      108 ,      114 ,      164 ,      140 ,      132 ,      138 ,      171 ,      158 ,      139 ,       45 ,      149 ,      199 ,      186 ,      183 ,      129 ,        2 ,      157 ,      131 ,       23 ,       77 ,      179 ,       49 ,      119 ,       87 ,        5 ,      135 ,       68 ,       70 ,       88 ,       64 ,       72 ,      144 ,       89 ,       36 ,      189 ,       74 ,       47 ,      193 ,      142 ,        7 ,      103 ,      153 ,      117 ,       75 ,      126 ,       57 ,      148 ,      182 ,      115 ,      166 ,      176 ,       73 ,      173 ,       14 ,      136 ,      133 ,      109 ,      143 ,       55 ,       17 ,       15 ,       46 ,      113 ,       78 ,       51 ,       26 ,      100 ,       39 ,      123 ,       42 ,       98 ,      110 ,       76 ,      152 ,      197 ,       27 ,      118 ,       95 ,       69 ,       19 ,       58 ,       35 ,      181 ,      128 ,      145 ,       86 ,       59 ,       12 ,       84 ,      172 ,      195 ,       90 ,       10 ,       31 ,      191 ,        4 ,        3 ,       81 ,       22 ,      107 , 
     174 ,       65 ,       83 ,      116 ,      175 ,       16 ,       50 ,      198 ,      111 ,       30 ,       66 ,      180 ,      124 ,       63 ,      106 ,      185 ,      127 ,      178 ,        0 ,      104 ,      184 ,        9 ,       92 ,      162 ,       60 ,      154 ,       85 ,      101 ,       20 ,      196 ,       54 ,      187 ,       62 ,        1 ,       25 ,      190 ,      165 ,      121 ,       34 ,       32 ,      159 ,       13 ,      160 ,       18 ,      151 ,       44 ,      177 ,      130 ,       38 ,      112 ,      137 ,      192 ,       82 ,       33 ,      161 ,      170 ,       40 ,       71 ,       97 ,       61 ,      146 ,      156 ,       56 ,       43 ,       53 ,       67 ,      102 ,       29 ,      134 ,        6 ,      188 ,      122 ,      168 ,      125 ,       28 ,       96 ,       24 ,      141 ,       91 ,       41 ,       94 ,       80 ,      150 ,      105 ,       93 ,       52 ,      155 ,      147 ,       79 ,      167 ,       48 ,       21 ,       37 ,       99 ,      194 ,      169 ,       11 ,        8 ,      120 ,      114 ,      140 ,      163 ,      164 ,      171 ,      108 ,      132 ,      139 ,      138 ,       45 ,      199 ,      158 ,      183 ,      186 ,      149 ,      157 ,      129 ,       77 ,        2 ,      179 ,      119 ,      131 ,       49 ,       23 ,        5 ,       68 ,       87 ,       70 ,      135 ,      144 ,       88 ,       36 ,       89 ,       64 ,      189 ,       72 ,       74 ,      193 ,      103 ,      142 ,       47 ,        7 ,       75 ,      148 ,       57 ,      153 ,      117 ,      126 ,      176 ,      182 ,       73 ,       14 ,      166 ,      173 ,      115 ,      136 ,      133 ,      109 ,       15 ,       17 ,      143 ,      113 ,       55 ,       51 ,       39 ,       46 ,       26 ,       42 ,      100 ,       78 ,       76 ,      152 ,       98 ,      123 ,       95 ,      110 ,      118 ,       69 ,      197 ,       27 ,       58 ,       19 ,      145 ,      128 ,       35 ,       12 ,      181 ,       84 ,       86 ,       10 ,      172 ,      195 ,       59 ,       90 ,       31 ,        4 ,        3 ,      191 ,       81 ,       22 ,      107 , 
     174 ,       65 ,      116 ,       16 ,      198 ,       83 ,      111 ,      175 ,       66 ,      124 ,       63 ,       50 ,      127 ,       30 ,        0 ,      180 ,      184 ,      104 ,      185 ,        9 ,      106 ,      154 ,      178 ,       92 ,      162 ,       85 ,       60 ,       20 ,      101 ,      196 ,        1 ,       54 ,       62 ,      121 ,      187 ,       32 ,      159 ,       13 ,       25 ,      190 ,      165 ,       18 ,       34 ,      177 ,      160 ,       44 ,      151 ,      130 ,       38 ,      170 ,       82 ,      112 ,      137 ,       33 ,      192 ,      161 ,       71 ,      146 ,       56 ,       40 ,       53 ,       97 ,       61 ,       29 ,      156 ,       67 ,      134 ,       43 ,      102 ,      122 ,      188 ,        6 ,      168 ,      125 ,       24 ,       96 ,       94 ,      141 ,       28 ,       80 ,       41 ,       91 ,      155 ,      147 ,      150 ,       79 ,       52 ,      105 ,       37 ,       48 ,       93 ,      169 ,      194 ,      167 ,       11 ,       21 ,       99 ,      163 ,        8 ,      140 ,      164 ,      114 ,      120 ,      139 ,      171 ,      108 ,      132 ,      183 ,      199 ,      138 ,      186 ,       45 ,      157 ,      158 ,        2 ,      149 ,      129 ,      119 ,      131 ,      179 ,       77 ,       49 ,        5 ,       68 ,       23 ,      144 ,      135 ,       36 ,       88 ,       87 ,       70 ,       89 ,      189 ,       64 ,      193 ,      103 ,       74 ,       72 ,        7 ,      148 ,       47 ,      153 ,      142 ,      176 ,       57 ,       75 ,      117 ,      166 ,      173 ,      126 ,       14 ,      136 ,       73 ,      182 ,      115 ,      133 ,      143 ,       15 ,       17 ,      109 ,       51 ,       46 ,       55 ,      113 ,       42 ,       78 ,       39 ,       76 ,      100 ,       26 ,      110 ,      152 ,       98 ,       95 ,      197 ,      123 ,       58 ,      118 ,       69 ,      128 ,       19 ,       35 ,       27 ,       12 ,       86 ,      145 ,      181 ,       59 ,       84 ,       10 ,        4 ,      172 ,      195 ,       31 ,       90 ,       81 ,        3 ,      191 ,      107 ,       22 , 
      65 ,      174 ,      116 ,      111 ,      198 ,       16 ,       83 ,       63 ,       50 ,      175 ,      124 ,        0 ,      127 ,       66 ,       30 ,      104 ,      180 ,      184 ,      154 ,      185 ,      162 ,      178 ,        9 ,      106 ,       60 ,       85 ,       92 ,        1 ,       20 ,       62 ,      196 ,       54 ,       32 ,      101 ,       13 ,      187 ,      159 ,      121 ,      190 ,       18 ,       25 ,       34 ,      165 ,       44 ,      177 ,      160 ,      151 ,       82 ,      137 ,       33 ,      130 ,       38 ,      170 ,      161 ,      112 ,      192 ,       53 ,       40 ,      146 ,       56 ,       71 ,       97 ,       67 ,       43 ,      156 ,       61 ,       29 ,      122 ,      134 ,      125 ,      102 ,      168 ,       96 ,      188 ,        6 ,       24 ,       28 ,       94 ,      155 ,      147 ,      141 ,       91 ,       80 ,       41 ,       79 ,      150 ,      105 ,       48 ,       93 ,       52 ,      167 ,       21 ,       11 ,       37 ,      169 ,      163 ,      194 ,      164 ,        8 ,      139 ,      114 ,       99 ,      120 ,      140 ,      199 ,      138 ,      108 ,      171 ,      132 ,      183 ,      186 ,       45 ,      149 ,      158 ,      157 ,      129 ,        2 ,       49 ,      179 ,        5 ,      119 ,      144 ,      131 ,       77 ,       36 ,       23 ,       68 ,       70 ,      135 ,       88 ,      193 ,       87 ,       89 ,       74 ,      189 ,       64 ,       72 ,      153 ,       47 ,      148 ,      103 ,      176 ,       57 ,        7 ,      117 ,      173 ,      142 ,      126 ,       75 ,      166 ,      182 ,      136 ,       14 ,       73 ,      115 ,      133 ,      143 ,       15 ,       51 ,      109 ,       17 ,       78 ,      113 ,       55 ,       39 ,       46 ,      100 ,       42 ,      152 ,      110 ,       98 ,       76 ,       26 ,       95 ,       69 ,       58 ,      197 ,       35 ,      123 ,       12 ,      128 ,      118 ,       19 ,      145 ,       27 ,      181 ,       86 ,       59 ,       84 ,      172 ,        4 ,       10 ,       90 ,      195 ,       31 ,       81 ,        3 ,      191 ,       22 ,      107 , 
     174 ,       65 ,      116 ,      198 ,       50 ,      111 ,       16 ,        0 ,      175 ,       63 ,      127 ,       83 ,       30 ,       66 ,      124 ,      154 ,      180 ,      178 ,      104 ,      184 ,      106 ,      162 ,       92 ,        9 ,      185 ,       60 ,       85 ,       62 ,       20 ,       54 ,        1 ,      196 ,      101 ,       32 ,      121 ,      159 ,       13 ,      190 ,      165 ,       25 ,      187 ,       34 ,       44 ,       82 ,       33 ,      151 ,       18 ,      137 ,      130 ,      160 ,      177 ,      170 ,      112 ,       38 ,      161 ,      192 ,      146 ,       56 ,       53 ,       40 ,       97 ,      156 ,       29 ,       61 ,       67 ,      134 ,      102 ,       71 ,       43 ,      125 ,      168 ,      188 ,      122 ,       96 ,        6 ,      155 ,       24 ,       91 ,       28 ,      141 ,       94 ,      147 ,       41 ,       79 ,       48 ,      150 ,       80 ,      105 ,       93 ,      167 ,       11 ,       52 ,      163 ,      194 ,       21 ,      169 ,        8 ,       99 ,       37 ,      114 ,      199 ,      164 ,      140 ,      108 ,      139 ,      120 ,      171 ,      183 ,      149 ,      186 ,      138 ,      129 ,      132 ,      157 ,      158 ,        2 ,       45 ,      119 ,      144 ,       77 ,      131 ,      179 ,        5 ,       49 ,      135 ,       70 ,       36 ,       23 ,       88 ,       68 ,      193 ,       64 ,       87 ,       89 ,       47 ,      153 ,      189 ,      148 ,       74 ,      176 ,        7 ,       72 ,       57 ,      103 ,      126 ,      117 ,       75 ,      142 ,      182 ,      173 ,      136 ,      166 ,       73 ,      115 ,      133 ,       14 ,      143 ,      109 ,       15 ,       17 ,       51 ,      113 ,       55 ,       46 ,       42 ,       78 ,       39 ,      100 ,      152 ,       95 ,       69 ,      110 ,       26 ,       76 ,       98 ,       58 ,       12 ,      128 ,       35 ,       19 ,      197 ,      181 ,      123 ,      118 ,       59 ,      145 ,      172 ,       27 ,       86 ,        4 ,       10 ,       84 ,       90 ,       31 ,      195 ,       81 ,        3 ,       22 ,      191 ,      107 , 
     174 ,      116 ,       65 ,        0 ,       50 ,      198 ,      111 ,       16 ,      175 ,      127 ,       63 ,       83 ,      154 ,      124 ,      178 ,       30 ,      180 ,       66 ,      184 ,        9 ,      104 ,      185 ,      106 ,      162 ,       92 ,       85 ,       62 ,       60 ,       54 ,      196 ,       20 ,      101 ,      159 ,        1 ,       32 ,      165 ,      190 ,       34 ,       44 ,       13 ,      121 ,       25 ,       82 ,      187 ,      151 ,      160 ,       18 ,       33 ,      177 ,      137 ,      170 ,      130 ,      161 ,      112 ,       56 ,      146 ,       40 ,       38 ,       53 ,       97 ,      192 ,       29 ,      156 ,      134 ,       71 ,      102 ,       61 ,       67 ,      168 ,      188 ,       43 ,      125 ,      155 ,        6 ,      122 ,       24 ,       28 ,       96 ,      141 ,       41 ,       79 ,       94 ,       91 ,      147 ,       48 ,      150 ,      167 ,       80 ,      105 ,      163 ,      194 ,       11 ,       52 ,       99 ,       21 ,       93 ,       37 ,      114 ,        8 ,      140 ,      169 ,      164 ,      199 ,      120 ,      183 ,      108 ,      186 ,      139 ,      171 ,      132 ,      158 ,      149 ,        2 ,      138 ,      129 ,      157 ,      144 ,      179 ,       77 ,      119 ,       45 ,        5 ,       36 ,      131 ,      135 ,       49 ,       68 ,       23 ,       70 ,      193 ,       64 ,       88 ,       47 ,       87 ,       89 ,       74 ,      189 ,      153 ,        7 ,      148 ,       72 ,       57 ,      176 ,      117 ,      103 ,      126 ,      182 ,      142 ,      136 ,       75 ,      166 ,      173 ,       73 ,      115 ,      143 ,      133 ,       14 ,      109 ,       15 ,       55 ,       17 ,       51 ,      113 ,       46 ,      152 ,       78 ,       42 ,      110 ,       39 ,      100 ,       95 ,       69 ,       98 ,       76 ,       26 ,       12 ,       35 ,      181 ,      128 ,      118 ,       58 ,       19 ,      197 ,       59 ,      123 ,        4 ,      172 ,      145 ,       27 ,       86 ,       31 ,       90 ,       10 ,       84 ,        3 ,      195 ,       81 ,       22 ,      191 ,      107 , 
