912 , 150 , 10 , 29029 , IG
      52 ,       60 ,        7 ,       24 ,        0 ,      111 ,      144 ,      101 ,       35 ,       37 ,      140 ,      134 ,       86 ,       25 ,      129 ,        5 ,      132 ,       67 ,       49 ,       51 ,       58 ,      133 ,       22 ,      108 ,       19 ,        3 ,       64 ,        9 ,      100 ,      119 ,       57 ,       31 ,       84 ,      149 ,       30 ,       91 ,      142 ,       47 ,      126 ,       72 ,       13 ,       97 ,       73 ,       82 ,       48 ,       65 ,       68 ,        6 ,       29 ,       71 ,       38 ,       36 ,       32 ,       16 ,      115 ,       46 ,      118 ,      141 ,       70 ,       55 ,       79 ,      125 ,       62 ,       87 ,      120 ,       83 ,      139 ,       27 ,       78 ,      137 ,       23 ,      110 ,      112 ,       98 ,      145 ,      123 ,       69 ,       77 ,       43 ,      146 ,       17 ,       99 ,      116 ,      104 ,      109 ,       89 ,       94 ,      103 ,       90 ,       41 ,       28 ,       39 ,       61 ,        2 ,      131 ,       56 ,        1 ,      128 ,      117 ,       12 ,      105 ,       59 ,       95 ,       88 ,      148 ,       15 ,        8 ,       63 ,       76 ,       33 ,       14 ,      107 ,       45 ,        4 ,       53 ,       85 ,       11 ,       21 ,      106 ,       10 ,       93 ,      136 ,      102 ,       18 ,       92 ,       20 ,       26 ,      147 ,      127 ,      143 ,      138 ,       54 ,       50 ,      114 ,       34 ,      130 ,       42 ,       96 ,       81 ,       74 ,       66 ,      113 ,       75 ,       44 ,      121 ,       80 ,      124 ,       40 ,      122 ,      135 , 
      52 ,        7 ,       60 ,      111 ,       24 ,      144 ,        0 ,      101 ,       37 ,      134 ,       35 ,      140 ,       86 ,       25 ,        5 ,      132 ,      129 ,       49 ,       58 ,       67 ,       22 ,      108 ,      133 ,       51 ,       19 ,        3 ,       64 ,      119 ,        9 ,       31 ,      100 ,       57 ,       84 ,       30 ,      142 ,       91 ,       47 ,      149 ,       72 ,      126 ,       73 ,       82 ,       13 ,       97 ,       48 ,       68 ,       65 ,       29 ,       71 ,        6 ,       38 ,       16 ,       36 ,       46 ,      115 ,       32 ,      118 ,       70 ,      141 ,       55 ,      125 ,       79 ,       62 ,       87 ,      120 ,       83 ,      139 ,      137 ,       78 ,       27 ,      112 ,      110 ,       23 ,       98 ,      145 ,      123 ,       69 ,       77 ,       43 ,       99 ,       17 ,      146 ,      116 ,      109 ,       94 ,      104 ,       89 ,       90 ,       41 ,       28 ,       61 ,       39 ,      103 ,      131 ,        1 ,        2 ,      128 ,       56 ,       12 ,      117 ,       59 ,      105 ,       95 ,       88 ,        8 ,       15 ,      148 ,       63 ,       33 ,       76 ,       45 ,       14 ,      107 ,       53 ,       85 ,        4 ,      106 ,       21 ,       93 ,       11 ,       10 ,      102 ,       92 ,      136 ,       18 ,       26 ,      147 ,      127 ,       20 ,       54 ,      143 ,       50 ,      138 ,      130 ,       34 ,      114 ,       96 ,       74 ,       81 ,      113 ,       42 ,       75 ,      121 ,       66 ,       44 ,       40 ,      124 ,      135 ,       80 ,      122 , 
      52 ,        7 ,       60 ,      111 ,       24 ,      144 ,      101 ,        0 ,       37 ,       35 ,      134 ,       86 ,      140 ,       25 ,        5 ,      132 ,       49 ,       67 ,      129 ,      108 ,       58 ,      100 ,      133 ,       19 ,       51 ,        3 ,       64 ,       31 ,      119 ,       22 ,        9 ,       30 ,      142 ,       84 ,       57 ,      149 ,       91 ,       47 ,      126 ,       72 ,       82 ,       73 ,       97 ,       13 ,       65 ,       68 ,       71 ,       48 ,       29 ,       16 ,        6 ,       38 ,       36 ,       46 ,       32 ,      115 ,       70 ,      118 ,      125 ,       55 ,      141 ,       87 ,       62 ,       79 ,      120 ,      139 ,       83 ,      137 ,      112 ,      110 ,       78 ,       27 ,       23 ,       98 ,       69 ,      145 ,       43 ,      123 ,       77 ,       17 ,       99 ,      146 ,      116 ,       94 ,      109 ,       90 ,      104 ,      131 ,       41 ,       28 ,       61 ,       89 ,       39 ,      103 ,        2 ,      128 ,        1 ,      117 ,       56 ,       59 ,       12 ,       95 ,      105 ,       88 ,      148 ,       15 ,       33 ,       76 ,        8 ,       45 ,       63 ,       14 ,      107 ,       53 ,        4 ,      147 ,       26 ,       93 ,       21 ,       11 ,       10 ,      102 ,      136 ,       92 ,       18 ,      130 ,      106 ,      127 ,       74 ,       81 ,      138 ,       85 ,       50 ,       20 ,       96 ,       34 ,      143 ,       54 ,      114 ,      113 ,       42 ,      135 ,       66 ,      121 ,      124 ,       40 ,       80 ,       44 ,      122 ,       75 , 
       7 ,       60 ,       52 ,      111 ,       24 ,      101 ,       37 ,      144 ,        0 ,      134 ,       35 ,       86 ,      140 ,        5 ,       25 ,      132 ,       49 ,       67 ,      129 ,      108 ,       58 ,      100 ,       51 ,      133 ,        3 ,       19 ,       31 ,       64 ,        9 ,      119 ,       22 ,       84 ,      142 ,       57 ,       30 ,      149 ,      126 ,       91 ,       47 ,       72 ,       82 ,       73 ,       97 ,       13 ,       65 ,       68 ,       71 ,       48 ,       29 ,        6 ,       36 ,       38 ,       16 ,      115 ,       32 ,       46 ,       70 ,      118 ,      125 ,       87 ,       55 ,       62 ,      141 ,       79 ,      120 ,      139 ,      137 ,       83 ,       78 ,      110 ,      112 ,       27 ,       23 ,       69 ,       98 ,      145 ,       43 ,      123 ,       77 ,       17 ,      146 ,       99 ,      116 ,       90 ,      109 ,      104 ,       94 ,       28 ,      131 ,       61 ,       89 ,       41 ,       39 ,      103 ,      128 ,        2 ,       56 ,        1 ,       59 ,       95 ,       12 ,      117 ,      148 ,       88 ,       33 ,      105 ,        8 ,       45 ,       63 ,       15 ,       76 ,       14 ,      107 ,        4 ,       53 ,      147 ,       26 ,       93 ,       11 ,       21 ,      102 ,       10 ,       92 ,      136 ,      130 ,       18 ,      106 ,      127 ,       74 ,       81 ,       85 ,       50 ,       20 ,      138 ,      143 ,       34 ,       96 ,      114 ,       42 ,       54 ,      113 ,       66 ,      124 ,      121 ,      135 ,       40 ,       80 ,      122 ,       44 ,       75 , 
       7 ,      111 ,       60 ,       52 ,       24 ,      101 ,       37 ,      144 ,        0 ,       35 ,      140 ,      134 ,       86 ,       25 ,      132 ,        5 ,       49 ,      129 ,       67 ,       58 ,      108 ,      100 ,       51 ,        3 ,       19 ,      133 ,       31 ,        9 ,      119 ,       22 ,       64 ,      142 ,       84 ,       30 ,       57 ,      149 ,       47 ,      126 ,       91 ,       73 ,       72 ,       82 ,       13 ,       65 ,       97 ,       71 ,       68 ,       29 ,        6 ,       48 ,       36 ,       16 ,       38 ,       32 ,      115 ,       46 ,       70 ,       87 ,      125 ,       62 ,      118 ,      141 ,       55 ,      120 ,       79 ,      137 ,      139 ,       78 ,       83 ,      112 ,       23 ,      110 ,       27 ,       98 ,       69 ,      145 ,       77 ,      123 ,       43 ,       99 ,       17 ,      146 ,       90 ,      116 ,       94 ,      109 ,       28 ,       61 ,      104 ,      131 ,       89 ,       41 ,      128 ,       39 ,        2 ,      103 ,        1 ,       56 ,       95 ,       59 ,      148 ,      117 ,       33 ,       12 ,       88 ,       45 ,      105 ,        8 ,       15 ,       63 ,       14 ,      107 ,       76 ,        4 ,      147 ,       93 ,       53 ,       11 ,       21 ,       26 ,      102 ,      136 ,      130 ,       92 ,       10 ,      127 ,       18 ,       20 ,      106 ,       85 ,       74 ,      138 ,       50 ,       81 ,      114 ,       34 ,       66 ,      143 ,      113 ,       42 ,       54 ,       96 ,      124 ,      135 ,      121 ,      122 ,       80 ,       40 ,       75 ,       44 , 
     111 ,        7 ,       60 ,       52 ,       24 ,       37 ,      101 ,      144 ,        0 ,       35 ,      140 ,       86 ,      134 ,      132 ,       25 ,      129 ,        5 ,       49 ,       67 ,      100 ,       58 ,      108 ,        3 ,       51 ,      133 ,       19 ,       31 ,      119 ,        9 ,       64 ,       22 ,      142 ,       84 ,       57 ,       47 ,       30 ,      149 ,       91 ,      126 ,       72 ,       82 ,       73 ,       97 ,       71 ,       65 ,       13 ,       68 ,        6 ,       29 ,       48 ,       36 ,       16 ,       38 ,       46 ,      115 ,       32 ,       87 ,       70 ,      125 ,       62 ,       55 ,      118 ,      141 ,      120 ,       79 ,      137 ,      139 ,       83 ,       78 ,       23 ,      112 ,      110 ,       27 ,       98 ,      145 ,       69 ,       77 ,       99 ,      123 ,       43 ,       17 ,      146 ,       90 ,       94 ,      116 ,      109 ,      104 ,       28 ,       61 ,       41 ,      131 ,      128 ,       89 ,       39 ,        2 ,      103 ,       56 ,        1 ,       59 ,       95 ,      117 ,       12 ,       33 ,       88 ,      148 ,        8 ,      105 ,       45 ,       63 ,       15 ,      107 ,       14 ,       76 ,        4 ,      147 ,       93 ,       11 ,       26 ,       53 ,       21 ,      136 ,      102 ,       10 ,      130 ,       92 ,      127 ,       18 ,      106 ,       74 ,       20 ,       85 ,      138 ,       81 ,       50 ,       66 ,       34 ,       42 ,      114 ,       54 ,      113 ,      143 ,      124 ,       96 ,      121 ,      122 ,      135 ,       40 ,       80 ,       44 ,       75 , 
     111 ,        7 ,       60 ,       52 ,       24 ,       37 ,      101 ,       35 ,      144 ,        0 ,      140 ,      134 ,       86 ,       25 ,      132 ,      129 ,        5 ,       49 ,       67 ,       58 ,      108 ,      100 ,      133 ,       51 ,       31 ,        3 ,        9 ,       19 ,      119 ,       64 ,      142 ,       22 ,       84 ,       57 ,       30 ,      149 ,       47 ,      126 ,       91 ,       72 ,       82 ,       71 ,       97 ,       13 ,       73 ,       65 ,       68 ,        6 ,       36 ,       29 ,       48 ,       46 ,       16 ,       32 ,       38 ,      115 ,      125 ,       62 ,       55 ,       87 ,       70 ,      118 ,       79 ,      141 ,      139 ,      120 ,       78 ,      137 ,       83 ,      112 ,       23 ,       98 ,       27 ,      110 ,      145 ,       69 ,       99 ,       77 ,       43 ,       17 ,      123 ,       90 ,       94 ,      146 ,      109 ,      116 ,      104 ,       61 ,       28 ,      128 ,       89 ,       41 ,      131 ,        2 ,       39 ,      103 ,       56 ,        1 ,       59 ,       95 ,       33 ,      117 ,       12 ,       88 ,      148 ,        8 ,       63 ,       45 ,      105 ,       14 ,      107 ,        4 ,       15 ,       76 ,       11 ,       93 ,      147 ,       21 ,       26 ,      136 ,       10 ,       53 ,      130 ,      102 ,      127 ,       18 ,      106 ,       92 ,       20 ,       74 ,      138 ,       85 ,       66 ,       50 ,       42 ,       34 ,      114 ,       81 ,      143 ,       54 ,      113 ,      135 ,       96 ,      124 ,      121 ,      122 ,       80 ,       40 ,       75 ,       44 , 
     111 ,        7 ,       60 ,       52 ,       37 ,       24 ,      101 ,       35 ,      144 ,        0 ,      140 ,      134 ,       86 ,       25 ,      129 ,      132 ,       49 ,        5 ,       67 ,      100 ,       58 ,      108 ,      133 ,        3 ,       51 ,       31 ,      119 ,       19 ,        9 ,       64 ,      142 ,       22 ,       30 ,       84 ,       57 ,      149 ,       47 ,      126 ,       91 ,       72 ,       82 ,       71 ,       13 ,       97 ,       68 ,       73 ,       65 ,       29 ,        6 ,       48 ,       36 ,       46 ,       16 ,       32 ,       38 ,      115 ,      125 ,       87 ,       70 ,       62 ,       55 ,      118 ,       79 ,      139 ,       78 ,      141 ,       83 ,      120 ,      137 ,       23 ,       98 ,      112 ,      145 ,      110 ,       27 ,       99 ,       77 ,       69 ,      123 ,       17 ,       43 ,       90 ,       94 ,      109 ,      146 ,      116 ,      104 ,      128 ,       61 ,       28 ,       41 ,       89 ,       39 ,      103 ,        2 ,      131 ,       59 ,       56 ,        1 ,       95 ,       33 ,      117 ,       12 ,       88 ,      148 ,       45 ,       63 ,       14 ,        8 ,        4 ,      105 ,      107 ,       15 ,       93 ,       76 ,       21 ,      147 ,       11 ,       26 ,      136 ,       53 ,       10 ,      127 ,      130 ,      102 ,       18 ,      106 ,       92 ,       20 ,       74 ,       85 ,      138 ,       66 ,       50 ,       42 ,      114 ,       34 ,      143 ,       54 ,       81 ,      113 ,       96 ,      135 ,      124 ,      122 ,      121 ,       75 ,       80 ,       40 ,       44 , 
     111 ,       60 ,        7 ,       52 ,       37 ,       24 ,      101 ,        0 ,      144 ,       35 ,      140 ,       25 ,      134 ,      129 ,       86 ,      132 ,       49 ,        5 ,       67 ,       58 ,      100 ,      133 ,      108 ,       51 ,        3 ,       31 ,      119 ,        9 ,       64 ,       19 ,      142 ,       30 ,       22 ,       84 ,       57 ,      149 ,       47 ,      126 ,       72 ,       91 ,       82 ,       13 ,       97 ,       71 ,       68 ,       65 ,        6 ,       73 ,       29 ,       48 ,       16 ,       36 ,       32 ,      115 ,       46 ,       87 ,      125 ,       38 ,       55 ,       62 ,       70 ,      118 ,       79 ,       78 ,      139 ,      120 ,      141 ,       83 ,       23 ,      112 ,      137 ,       98 ,      110 ,      145 ,       27 ,       99 ,       69 ,       77 ,      123 ,       90 ,       17 ,       43 ,      109 ,       94 ,      116 ,      146 ,      128 ,       61 ,      104 ,       89 ,       41 ,       28 ,      103 ,       39 ,        2 ,       56 ,      131 ,       59 ,       95 ,        1 ,      117 ,       33 ,       88 ,       12 ,      148 ,       45 ,       63 ,        8 ,       14 ,      105 ,      107 ,       93 ,        4 ,       76 ,       21 ,       15 ,      147 ,      136 ,       11 ,       10 ,       26 ,       53 ,      127 ,      130 ,      102 ,      106 ,       18 ,       92 ,       20 ,       85 ,       74 ,       66 ,      138 ,       42 ,      114 ,       50 ,       54 ,       34 ,      113 ,      143 ,       96 ,       81 ,      135 ,      124 ,      122 ,      121 ,       40 ,       75 ,       80 ,       44 , 
     111 ,       60 ,       52 ,        7 ,       24 ,      101 ,       37 ,        0 ,       35 ,      144 ,       25 ,      140 ,      129 ,      134 ,       86 ,       49 ,      132 ,        5 ,      100 ,       67 ,       58 ,      133 ,      108 ,       31 ,       51 ,        3 ,      119 ,       64 ,        9 ,       19 ,      142 ,       30 ,       22 ,      149 ,       84 ,       57 ,       47 ,      126 ,       82 ,       91 ,       72 ,       71 ,       97 ,       13 ,       68 ,        6 ,       65 ,       29 ,       73 ,       48 ,       32 ,      115 ,       16 ,       87 ,       36 ,       46 ,      125 ,       55 ,       38 ,       70 ,      118 ,       78 ,       62 ,       79 ,      141 ,      120 ,      139 ,      112 ,       83 ,       98 ,      137 ,      110 ,       23 ,      145 ,       27 ,       99 ,      123 ,       77 ,       69 ,       43 ,       90 ,       94 ,      109 ,       17 ,      128 ,      116 ,      146 ,       61 ,       89 ,       28 ,       41 ,       39 ,      103 ,      104 ,      131 ,        2 ,       56 ,       59 ,       95 ,       33 ,      117 ,        1 ,       88 ,       12 ,      148 ,       63 ,       45 ,        8 ,      107 ,      105 ,       14 ,       93 ,       76 ,        4 ,       15 ,      147 ,       21 ,       10 ,       26 ,      136 ,       11 ,      130 ,       53 ,      106 ,      127 ,       92 ,       18 ,      102 ,       85 ,       20 ,       66 ,       74 ,      138 ,       42 ,       50 ,      114 ,       54 ,       34 ,      113 ,      135 ,       81 ,      143 ,      124 ,       96 ,      122 ,      121 ,       40 ,       75 ,       80 ,       44 , 
