726 , 200 , 10 , 177941 , ILS
     159 ,       33 ,        6 ,       75 ,       52 ,      118 ,       86 ,      128 ,      124 ,       54 ,      144 ,      121 ,      155 ,       18 ,      125 ,      152 ,       58 ,      172 ,       57 ,       92 ,      111 ,      181 ,       25 ,       38 ,       39 ,      122 ,       35 ,      134 ,      168 ,      117 ,      171 ,       77 ,      187 ,      109 ,      198 ,       69 ,       36 ,      105 ,       32 ,      108 ,      195 ,       95 ,      104 ,      158 ,      170 ,       21 ,       91 ,      166 ,      130 ,      100 ,      160 ,      126 ,        9 ,      153 ,       60 ,      191 ,        7 ,      127 ,       98 ,      190 ,      147 ,       78 ,      154 ,       80 ,      120 ,      161 ,      143 ,       42 ,       14 ,       19 ,      175 ,      112 ,       30 ,      151 ,       16 ,       12 ,       99 ,      173 ,       28 ,      131 ,       46 ,      101 ,      133 ,      180 ,      165 ,       81 ,       48 ,      103 ,       10 ,       37 ,       11 ,      185 ,      184 ,        0 ,      164 ,       64 ,      177 ,      194 ,      192 ,      139 ,      136 ,       41 ,       13 ,      199 ,       68 ,       97 ,      193 ,      149 ,       76 ,      157 ,       83 ,       84 ,       40 ,       73 ,       70 ,      188 ,       31 ,       66 ,       56 ,       24 ,        3 ,       71 ,       74 ,       87 ,       53 ,      183 ,      142 ,       47 ,       20 ,      123 ,       23 ,      140 ,      137 ,       15 ,       62 ,       34 ,      156 ,        5 ,       51 ,       85 ,        8 ,       50 ,       90 ,        2 ,       63 ,      197 ,      146 ,      115 ,      186 ,      116 ,      174 ,       94 ,      182 ,       44 ,      132 ,       49 ,      102 ,       45 ,       55 ,      145 ,      113 ,        1 ,       65 ,      178 ,      148 ,      141 ,       26 ,      169 ,       79 ,       67 ,        4 ,       22 ,      189 ,       89 ,       29 ,       17 ,      163 ,       43 ,      110 ,       96 ,      176 ,      107 ,      179 ,       61 ,       59 ,      119 ,      138 ,       88 ,      114 ,      129 ,      167 ,      196 ,       93 ,      162 ,       27 ,      135 ,       82 ,      150 ,       72 ,      106 , 
       6 ,       75 ,       52 ,      159 ,       33 ,      118 ,      124 ,       86 ,      128 ,       54 ,      144 ,      121 ,      125 ,      155 ,       58 ,       18 ,       57 ,      152 ,      172 ,       92 ,      181 ,      111 ,       38 ,       25 ,       39 ,      134 ,       35 ,      122 ,      168 ,      117 ,      171 ,       77 ,      187 ,      109 ,       36 ,      105 ,       69 ,      198 ,       32 ,       95 ,      108 ,      195 ,      104 ,      158 ,       21 ,       91 ,      170 ,      130 ,      166 ,      100 ,        9 ,      126 ,      153 ,      160 ,       60 ,        7 ,      127 ,       98 ,      147 ,      191 ,      190 ,      154 ,       78 ,      120 ,      143 ,      161 ,       14 ,       19 ,       80 ,       42 ,       30 ,      175 ,      112 ,       16 ,       99 ,      151 ,       12 ,      131 ,      173 ,      101 ,       28 ,      180 ,       46 ,       81 ,      133 ,      165 ,      103 ,       48 ,       37 ,       10 ,       11 ,      185 ,        0 ,      184 ,       64 ,      194 ,      164 ,      139 ,      192 ,      177 ,       13 ,      136 ,       68 ,       41 ,       97 ,      199 ,      149 ,      157 ,      193 ,       76 ,       83 ,       84 ,       40 ,       73 ,       31 ,       66 ,      188 ,       70 ,        3 ,       56 ,       24 ,       74 ,       71 ,      183 ,       87 ,      142 ,       20 ,       53 ,      123 ,       23 ,       47 ,      137 ,       62 ,       15 ,      140 ,       34 ,      156 ,        5 ,       51 ,       85 ,       50 ,        8 ,       90 ,        2 ,       63 ,      146 ,      197 ,      116 ,      186 ,      174 ,      115 ,      182 ,       94 ,       44 ,      132 ,       49 ,       55 ,      145 ,       45 ,      102 ,      113 ,      178 ,       65 ,      141 ,      148 ,        1 ,      169 ,       67 ,       26 ,       22 ,       79 ,      189 ,        4 ,       29 ,       89 ,       17 ,      163 ,       43 ,      176 ,      110 ,      179 ,      107 ,       96 ,       59 ,      138 ,       61 ,       88 ,      119 ,      167 ,      129 ,       93 ,      196 ,       27 ,      114 ,       82 ,      135 ,      162 ,       72 ,      106 ,      150 , 
       6 ,      159 ,       75 ,       52 ,      124 ,       33 ,       86 ,      118 ,      128 ,      144 ,       54 ,      125 ,      121 ,      155 ,       58 ,       18 ,       57 ,      172 ,      152 ,      111 ,      181 ,       92 ,       38 ,       25 ,       39 ,      134 ,      122 ,       35 ,      117 ,      168 ,      187 ,      171 ,       36 ,      105 ,       77 ,      109 ,       69 ,      198 ,       95 ,      108 ,       32 ,      158 ,       21 ,      195 ,      104 ,       91 ,      170 ,      166 ,      130 ,        9 ,      100 ,      126 ,       60 ,        7 ,      160 ,      153 ,      147 ,      127 ,      190 ,       98 ,      154 ,       78 ,      191 ,      120 ,      161 ,      143 ,       14 ,       19 ,       80 ,       42 ,       30 ,      175 ,       99 ,       16 ,      151 ,      112 ,      173 ,      131 ,       28 ,       12 ,      101 ,       46 ,       81 ,      180 ,      165 ,       48 ,      133 ,      103 ,       37 ,       11 ,      185 ,       10 ,        0 ,      194 ,       64 ,      184 ,      192 ,      164 ,      177 ,      139 ,       68 ,       41 ,       13 ,      136 ,      149 ,      199 ,       97 ,      193 ,      157 ,       76 ,       40 ,       83 ,       84 ,       73 ,       31 ,       70 ,       66 ,       56 ,        3 ,      188 ,       24 ,       74 ,      183 ,      142 ,       20 ,       87 ,       71 ,       23 ,       53 ,      123 ,      137 ,       47 ,       62 ,      140 ,       34 ,       15 ,      156 ,       51 ,       85 ,        8 ,        5 ,       50 ,       90 ,        2 ,       63 ,      197 ,      146 ,      186 ,      116 ,      182 ,      174 ,       94 ,      115 ,      132 ,       49 ,      145 ,       44 ,       45 ,      102 ,       55 ,      178 ,      113 ,      141 ,      148 ,       65 ,      169 ,       26 ,        1 ,       79 ,       22 ,       67 ,       29 ,      189 ,        4 ,       89 ,       17 ,       43 ,      110 ,      163 ,      179 ,      176 ,       59 ,       96 ,      107 ,       61 ,      138 ,       88 ,      119 ,      167 ,      129 ,      196 ,       93 ,      114 ,       82 ,       27 ,      162 ,      135 ,      106 ,       72 ,      150 , 
       6 ,       75 ,      159 ,       33 ,      124 ,       52 ,      118 ,       86 ,      128 ,      144 ,       54 ,      121 ,      155 ,       58 ,      125 ,       18 ,      172 ,       57 ,      152 ,      111 ,      181 ,       92 ,       39 ,      134 ,       38 ,      122 ,       25 ,       35 ,      187 ,      168 ,       36 ,      117 ,      105 ,      171 ,       77 ,      198 ,       69 ,      109 ,       95 ,      158 ,       32 ,      195 ,      108 ,       21 ,       91 ,      170 ,      166 ,      104 ,        9 ,      126 ,      100 ,      130 ,       60 ,        7 ,      160 ,      153 ,      147 ,      190 ,      127 ,       98 ,      154 ,      191 ,       78 ,      120 ,      143 ,      161 ,       14 ,       19 ,       80 ,       30 ,      175 ,       16 ,       42 ,      112 ,      151 ,       99 ,      173 ,       28 ,      131 ,       12 ,       81 ,      101 ,      180 ,       46 ,       48 ,      133 ,       37 ,      165 ,      103 ,       11 ,      185 ,       10 ,        0 ,      194 ,      184 ,       64 ,      192 ,      164 ,       68 ,       41 ,      139 ,       13 ,      177 ,      149 ,      136 ,       97 ,      199 ,      157 ,      193 ,       83 ,       84 ,       76 ,       40 ,       70 ,       73 ,       66 ,        3 ,      188 ,       24 ,       31 ,       56 ,       74 ,      183 ,      142 ,       20 ,       87 ,       23 ,       71 ,      123 ,       53 ,       62 ,      140 ,      137 ,       34 ,       47 ,       15 ,      156 ,        8 ,        5 ,       85 ,       51 ,       50 ,        2 ,       63 ,       90 ,      186 ,      197 ,      146 ,      182 ,      116 ,       94 ,      132 ,      174 ,      115 ,       44 ,      145 ,       49 ,       55 ,       45 ,      102 ,      178 ,      148 ,      113 ,       65 ,      141 ,        1 ,       79 ,       26 ,      169 ,       22 ,       29 ,      189 ,       89 ,        4 ,       67 ,      110 ,       17 ,      163 ,      176 ,       43 ,       59 ,       96 ,      107 ,       61 ,      179 ,      138 ,       88 ,      167 ,      119 ,      129 ,      114 ,       82 ,      196 ,      162 ,       93 ,      106 ,      135 ,       27 ,      150 ,       72 , 
       6 ,       75 ,      124 ,      159 ,       33 ,      118 ,       52 ,      144 ,       86 ,      128 ,       54 ,      121 ,      155 ,       58 ,      125 ,       18 ,      152 ,       57 ,      181 ,      172 ,       92 ,      134 ,      111 ,      122 ,       39 ,       38 ,       25 ,      187 ,      168 ,       35 ,      117 ,       36 ,      105 ,      171 ,       77 ,      109 ,       95 ,      198 ,       69 ,      158 ,       32 ,      108 ,      195 ,       91 ,       21 ,      166 ,      170 ,      104 ,      100 ,      126 ,        9 ,        7 ,       60 ,      160 ,      130 ,      153 ,      190 ,       98 ,      147 ,      154 ,      127 ,       78 ,      191 ,      120 ,      143 ,       14 ,      161 ,       19 ,      175 ,       30 ,       80 ,       16 ,       42 ,      151 ,      112 ,      173 ,       99 ,      131 ,       28 ,       81 ,      101 ,       46 ,       12 ,      180 ,       37 ,       48 ,      133 ,      103 ,      165 ,       11 ,       10 ,        0 ,      185 ,      194 ,      192 ,      164 ,       64 ,      184 ,       68 ,       41 ,       13 ,      177 ,      139 ,       97 ,      149 ,      136 ,      193 ,      199 ,      157 ,       83 ,       76 ,       40 ,       84 ,       70 ,       73 ,       66 ,        3 ,      188 ,       56 ,       24 ,      183 ,       31 ,       20 ,       74 ,       23 ,      142 ,       87 ,      137 ,       62 ,       71 ,       53 ,      123 ,       47 ,      140 ,       15 ,        8 ,      156 ,       34 ,       51 ,       85 ,        5 ,        2 ,       63 ,       50 ,       90 ,      146 ,      186 ,      182 ,       94 ,      197 ,       55 ,      115 ,       44 ,      132 ,      141 ,      116 ,      145 ,       45 ,       49 ,       79 ,       65 ,      113 ,      148 ,      174 ,      178 ,        1 ,      102 ,       26 ,       22 ,      169 ,      189 ,       89 ,       29 ,        4 ,       67 ,      110 ,       17 ,       43 ,      176 ,      163 ,       96 ,       59 ,       61 ,      107 ,      167 ,      138 ,      119 ,      179 ,       88 ,      162 ,      196 ,      114 ,       93 ,       82 ,      129 ,      106 ,      150 ,      135 ,       27 ,       72 , 
       6 ,       75 ,       33 ,      159 ,       52 ,      124 ,      118 ,      144 ,       86 ,      128 ,       54 ,      155 ,      121 ,       58 ,       18 ,      152 ,      125 ,      172 ,       57 ,       92 ,      134 ,      181 ,       39 ,      122 ,       25 ,      111 ,      117 ,      187 ,       38 ,      168 ,      171 ,       35 ,       36 ,      105 ,      109 ,       77 ,       69 ,      198 ,      158 ,       95 ,       32 ,      195 ,       21 ,       91 ,      108 ,      170 ,      104 ,      100 ,      126 ,        7 ,        9 ,      166 ,       60 ,      160 ,      190 ,      153 ,      130 ,      147 ,       98 ,      127 ,      154 ,      191 ,       78 ,      143 ,      120 ,      161 ,       14 ,       19 ,       30 ,       80 ,       16 ,      175 ,      151 ,      173 ,       42 ,      112 ,       99 ,      131 ,       28 ,      101 ,       81 ,      180 ,       46 ,       12 ,      133 ,       37 ,      103 ,       48 ,      165 ,       10 ,      185 ,      194 ,       11 ,        0 ,      192 ,      164 ,       64 ,       68 ,      184 ,       13 ,      177 ,       41 ,       97 ,      136 ,      139 ,      193 ,      149 ,       83 ,       76 ,      199 ,       84 ,       70 ,       40 ,      157 ,       73 ,       66 ,        3 ,      188 ,       24 ,       31 ,       56 ,      183 ,       20 ,       23 ,       74 ,       87 ,      142 ,      137 ,       62 ,       71 ,       53 ,       47 ,      123 ,       15 ,      140 ,      156 ,        8 ,       34 ,       85 ,       51 ,        5 ,        2 ,       90 ,       63 ,       50 ,      186 ,      182 ,      146 ,       94 ,       55 ,      197 ,       44 ,      115 ,      116 ,      132 ,       45 ,      145 ,      141 ,       65 ,       79 ,       49 ,      113 ,      178 ,      148 ,        1 ,      174 ,      102 ,      169 ,       26 ,       22 ,      189 ,       29 ,       89 ,        4 ,       17 ,       67 ,      176 ,       43 ,      110 ,       96 ,       61 ,      163 ,       59 ,      107 ,      119 ,      167 ,      138 ,       88 ,      196 ,      162 ,       93 ,      179 ,      114 ,      150 ,       82 ,       72 ,      135 ,      129 ,       27 ,      106 , 
       6 ,       75 ,       52 ,       33 ,      159 ,      124 ,      118 ,      144 ,       86 ,      128 ,       54 ,      155 ,      121 ,       58 ,       18 ,      152 ,      125 ,       57 ,       92 ,      172 ,      134 ,      122 ,       39 ,      181 ,       25 ,      111 ,      117 ,      168 ,      187 ,      171 ,       38 ,      109 ,       35 ,      105 ,       36 ,      198 ,       69 ,       77 ,       32 ,      158 ,       21 ,       95 ,      195 ,      170 ,      108 ,      104 ,      100 ,       91 ,      126 ,        7 ,      166 ,       60 ,      190 ,      160 ,        9 ,      153 ,      130 ,       98 ,      147 ,      154 ,       78 ,      127 ,      191 ,      143 ,      120 ,      161 ,       30 ,       19 ,       14 ,       80 ,       16 ,      151 ,      175 ,      173 ,       99 ,      112 ,       42 ,      131 ,      101 ,       28 ,      180 ,       81 ,       46 ,       37 ,       12 ,      103 ,       48 ,      133 ,       10 ,      165 ,       11 ,      194 ,      185 ,        0 ,      192 ,      164 ,       68 ,       64 ,       13 ,      184 ,       41 ,      177 ,       97 ,      193 ,      139 ,      149 ,      136 ,       83 ,       76 ,       84 ,       40 ,      199 ,       73 ,      157 ,       70 ,       66 ,      188 ,       31 ,        3 ,       24 ,      183 ,       56 ,       23 ,       20 ,      142 ,       87 ,       62 ,       74 ,       53 ,       47 ,      137 ,      123 ,       71 ,      156 ,      140 ,       34 ,        8 ,       15 ,       85 ,       51 ,        5 ,       90 ,        2 ,      186 ,       50 ,       63 ,       94 ,      182 ,      146 ,      197 ,       55 ,       44 ,      115 ,      132 ,       45 ,      116 ,      145 ,       79 ,      141 ,       65 ,      178 ,       49 ,      113 ,        1 ,      174 ,      148 ,      102 ,      169 ,      189 ,       26 ,       89 ,       22 ,       29 ,       17 ,       67 ,        4 ,      176 ,      110 ,       43 ,       61 ,       96 ,       59 ,      163 ,      167 ,      119 ,      138 ,       88 ,      107 ,       93 ,      196 ,      162 ,      179 ,      114 ,      150 ,      135 ,       82 ,       72 ,      106 ,      129 ,       27 , 
       6 ,       75 ,      159 ,      124 ,       33 ,       52 ,      144 ,       86 ,      118 ,       54 ,      155 ,      121 ,      128 ,       58 ,       18 ,      152 ,       92 ,       57 ,      134 ,      125 ,      122 ,      172 ,       39 ,      181 ,      111 ,      168 ,       25 ,      117 ,      187 ,       38 ,      171 ,      109 ,       36 ,      198 ,       35 ,      105 ,       69 ,      158 ,       21 ,       32 ,       77 ,       95 ,      108 ,      195 ,      170 ,       91 ,      104 ,      100 ,      126 ,        7 ,       60 ,      160 ,      166 ,      153 ,        9 ,      190 ,      130 ,      154 ,      147 ,       78 ,       98 ,      191 ,      127 ,      143 ,      120 ,      161 ,       14 ,       80 ,       19 ,      151 ,       30 ,       16 ,      173 ,       99 ,      112 ,       42 ,      175 ,      101 ,      131 ,      180 ,       28 ,       81 ,       46 ,       37 ,      103 ,      133 ,       12 ,       48 ,       10 ,       11 ,      165 ,      185 ,      194 ,        0 ,      164 ,      192 ,       13 ,       64 ,       68 ,      177 ,       41 ,      193 ,       97 ,      184 ,      139 ,      149 ,       76 ,      136 ,       40 ,       84 ,       83 ,      157 ,       70 ,       66 ,       73 ,      199 ,       31 ,      188 ,        3 ,       56 ,      183 ,       24 ,       23 ,      142 ,       87 ,       20 ,       62 ,       53 ,      137 ,       74 ,      123 ,       47 ,      140 ,       71 ,      156 ,       15 ,       34 ,        8 ,       85 ,       51 ,       90 ,        5 ,        2 ,       50 ,       94 ,      186 ,       63 ,      146 ,      182 ,      197 ,      115 ,       44 ,      132 ,       55 ,       45 ,      145 ,       79 ,      116 ,       65 ,      141 ,       49 ,      113 ,        1 ,      178 ,      174 ,      102 ,      169 ,      148 ,      189 ,       22 ,       89 ,       26 ,       17 ,       29 ,        4 ,       67 ,      176 ,      110 ,       43 ,       96 ,       61 ,      163 ,       59 ,      167 ,       88 ,      107 ,      119 ,      138 ,      196 ,      162 ,      179 ,      114 ,       93 ,      150 ,       72 ,      106 ,      135 ,       82 ,       27 ,      129 , 
      75 ,        6 ,      159 ,      124 ,       52 ,       33 ,      144 ,       86 ,      118 ,       54 ,      121 ,      128 ,      155 ,       58 ,       18 ,       92 ,      152 ,       57 ,      125 ,      134 ,      122 ,       39 ,      172 ,      181 ,      111 ,       25 ,      168 ,      117 ,      171 ,       38 ,      187 ,       36 ,      109 ,       35 ,      198 ,       69 ,      158 ,      105 ,       21 ,       32 ,      108 ,       77 ,       95 ,      170 ,      195 ,      100 ,       91 ,      126 ,      104 ,        7 ,      166 ,       60 ,      160 ,      190 ,        9 ,      154 ,      147 ,      130 ,      153 ,       98 ,       78 ,      191 ,      127 ,      161 ,      120 ,      143 ,       14 ,      151 ,       30 ,       80 ,      173 ,       19 ,      112 ,       16 ,       42 ,      101 ,       99 ,      175 ,      180 ,      131 ,       28 ,       81 ,       46 ,      103 ,       37 ,       12 ,      133 ,       48 ,      165 ,      185 ,       10 ,      194 ,      164 ,       11 ,        0 ,      192 ,       68 ,       64 ,       13 ,       41 ,      177 ,       97 ,      193 ,      184 ,      139 ,       76 ,      149 ,       40 ,      136 ,       83 ,      157 ,       84 ,       70 ,       73 ,      199 ,       66 ,       31 ,        3 ,      183 ,       56 ,      188 ,       23 ,      142 ,       87 ,       20 ,       24 ,       53 ,      137 ,       62 ,      123 ,      140 ,       74 ,       47 ,      156 ,       34 ,       71 ,        8 ,       15 ,        2 ,        5 ,       85 ,       51 ,       90 ,       94 ,       50 ,       63 ,      146 ,      186 ,      182 ,      197 ,      115 ,       44 ,      132 ,       55 ,       79 ,       45 ,      145 ,       65 ,      116 ,      141 ,       49 ,      178 ,      113 ,        1 ,      102 ,      169 ,      174 ,       22 ,      148 ,      189 ,       89 ,       26 ,       29 ,        4 ,       17 ,      110 ,       67 ,      176 ,       61 ,       43 ,       96 ,      163 ,       59 ,      167 ,       88 ,      107 ,      196 ,      119 ,      138 ,      114 ,       93 ,      162 ,      179 ,      150 ,       72 ,      135 ,      106 ,       82 ,      129 ,       27 , 
      75 ,      159 ,        6 ,       52 ,       33 ,      124 ,      144 ,       86 ,      118 ,      128 ,       54 ,       58 ,      121 ,       18 ,      152 ,      155 ,       92 ,       57 ,      125 ,      134 ,       39 ,      122 ,      172 ,      181 ,       25 ,      117 ,      187 ,      171 ,       38 ,      111 ,      168 ,       36 ,       35 ,      198 ,      109 ,      158 ,       77 ,       21 ,      108 ,       69 ,      105 ,       95 ,      126 ,      104 ,      195 ,       91 ,      100 ,      170 ,       32 ,      147 ,       60 ,       98 ,        7 ,        9 ,      191 ,      166 ,      154 ,      130 ,      190 ,       78 ,      143 ,      161 ,      127 ,      160 ,       14 ,      151 ,      153 ,      120 ,      173 ,       30 ,       80 ,       19 ,       42 ,       16 ,      112 ,      175 ,       99 ,      101 ,      131 ,      180 ,       28 ,       81 ,       37 ,       46 ,      103 ,       48 ,       12 ,      133 ,      165 ,      185 ,      164 ,       10 ,      194 ,      192 ,        0 ,       11 ,       64 ,       13 ,       68 ,       41 ,      177 ,      193 ,       97 ,       76 ,      139 ,      184 ,      149 ,       40 ,      136 ,      157 ,       70 ,       73 ,       84 ,       83 ,       31 ,        3 ,      199 ,       66 ,       56 ,      183 ,      188 ,      142 ,       20 ,       23 ,       53 ,       87 ,      137 ,       24 ,      140 ,       62 ,      123 ,       47 ,       74 ,      156 ,       71 ,       15 ,       34 ,        8 ,        2 ,       85 ,       51 ,        5 ,       90 ,       50 ,      146 ,      186 ,       94 ,      197 ,       44 ,       63 ,      115 ,      132 ,      182 ,       55 ,       45 ,       79 ,      116 ,       65 ,      145 ,      178 ,       49 ,      141 ,      113 ,        1 ,      169 ,      174 ,      102 ,       22 ,       89 ,      148 ,       17 ,       67 ,       26 ,       29 ,      110 ,      189 ,        4 ,       61 ,       88 ,       43 ,       96 ,       59 ,      138 ,      119 ,      107 ,      196 ,      167 ,      150 ,       93 ,       72 ,      163 ,      162 ,      176 ,      114 ,       27 ,      179 ,      129 ,       82 ,      106 ,      135 , 
