1412 , 200 , 10 , 351244 , ILST
     161 ,      189 ,       39 ,      137 ,       86 ,      180 ,       46 ,      103 ,      164 ,       11 ,       58 ,      139 ,      147 ,      171 ,       70 ,        4 ,       62 ,       24 ,      178 ,       10 ,       87 ,      124 ,      156 ,       36 ,       88 ,        6 ,      193 ,      152 ,       66 ,        0 ,      195 ,       14 ,      179 ,      167 ,       44 ,      185 ,       56 ,       69 ,      111 ,       26 ,      136 ,      192 ,      170 ,      119 ,      106 ,      131 ,       96 ,      198 ,       82 ,       19 ,       49 ,      107 ,      157 ,       93 ,      182 ,       74 ,       18 ,       65 ,        7 ,       63 ,      115 ,      145 ,      186 ,        5 ,       29 ,       64 ,      148 ,       75 ,       73 ,       67 ,       51 ,       77 ,      128 ,       47 ,      184 ,      140 ,      188 ,      134 ,       79 ,      108 ,      174 ,      146 ,      143 ,      169 ,      181 ,       54 ,        8 ,      100 ,      142 ,      116 ,      127 ,      122 ,       38 ,      117 ,       32 ,      175 ,      190 ,       91 ,      191 ,      144 ,      123 ,      118 ,       42 ,      150 ,      160 ,      135 ,      125 ,        9 ,       45 ,      113 ,       68 ,      132 ,      176 ,      151 ,       95 ,      187 ,      163 ,      112 ,      102 ,      154 ,       48 ,       78 ,       31 ,       59 ,      173 ,      104 ,       17 ,       76 ,       84 ,       61 ,       23 ,       21 ,       16 ,       25 ,        3 ,       34 ,       40 ,      149 ,       13 ,      133 ,       12 ,      194 ,       20 ,       53 ,       55 ,      121 ,       50 ,       90 ,      109 ,      199 ,      105 ,       60 ,       85 ,      110 ,      120 ,      183 ,      114 ,      129 ,       83 ,      166 ,       43 ,      165 ,       97 ,        1 ,      138 ,      162 ,       28 ,       37 ,       15 ,       33 ,       57 ,       99 ,       22 ,      101 ,      168 ,      158 ,       92 ,       41 ,       94 ,      197 ,       81 ,      153 ,        2 ,      141 ,       27 ,       30 ,      155 ,      126 ,      172 ,       52 ,      159 ,      177 ,      196 ,       89 ,       35 ,       80 ,       71 ,       98 ,      130 ,       72 , 
      39 ,      189 ,       46 ,      161 ,       86 ,      180 ,       58 ,      137 ,      147 ,      164 ,      171 ,      103 ,      139 ,       11 ,      178 ,       70 ,        4 ,      124 ,      156 ,       87 ,       62 ,       10 ,       88 ,       24 ,      193 ,        6 ,      152 ,       36 ,      179 ,       14 ,       44 ,      195 ,       66 ,      167 ,      185 ,        0 ,      111 ,      136 ,       69 ,       56 ,       26 ,      106 ,      119 ,      192 ,      170 ,       96 ,       82 ,       19 ,      131 ,       49 ,      198 ,      157 ,      107 ,       74 ,      182 ,       63 ,       93 ,       65 ,       18 ,      145 ,        7 ,       64 ,       29 ,        5 ,      115 ,       75 ,       73 ,      186 ,      148 ,      128 ,       67 ,       51 ,      184 ,       77 ,       47 ,      134 ,      140 ,      188 ,      108 ,       79 ,      169 ,       54 ,      181 ,      100 ,      143 ,      174 ,      116 ,      146 ,      142 ,        8 ,      127 ,       38 ,      122 ,      190 ,      175 ,      117 ,      144 ,       32 ,      191 ,       91 ,      123 ,       42 ,      118 ,      135 ,      160 ,      150 ,      113 ,        9 ,      125 ,      132 ,       95 ,       45 ,      151 ,      163 ,       68 ,      176 ,      187 ,       48 ,      102 ,      112 ,       59 ,      173 ,      154 ,       78 ,      104 ,       76 ,       84 ,       31 ,       21 ,       17 ,       61 ,       23 ,        3 ,       40 ,       16 ,       25 ,       34 ,      149 ,      133 ,       13 ,       20 ,       12 ,       55 ,      194 ,       90 ,      199 ,      105 ,      121 ,       53 ,       50 ,      110 ,      109 ,      183 ,       60 ,       85 ,       83 ,      120 ,      114 ,      165 ,       97 ,      129 ,      166 ,       43 ,      138 ,       15 ,        1 ,       33 ,       28 ,       37 ,      162 ,       99 ,      168 ,      158 ,       57 ,       41 ,       94 ,      101 ,       81 ,      153 ,       22 ,      141 ,       92 ,      155 ,      126 ,      197 ,       27 ,        2 ,       52 ,      172 ,      177 ,      159 ,       30 ,      196 ,       80 ,       71 ,      130 ,       72 ,       89 ,       35 ,       98 , 
      46 ,      161 ,       58 ,      189 ,       86 ,       39 ,      180 ,      164 ,      171 ,      103 ,      137 ,       70 ,      147 ,      124 ,      139 ,       11 ,      178 ,        4 ,       10 ,       62 ,      156 ,       24 ,       87 ,       88 ,       36 ,      193 ,       44 ,        6 ,       66 ,      152 ,      179 ,       14 ,      185 ,      167 ,       56 ,        0 ,      136 ,      195 ,       69 ,      192 ,      111 ,      170 ,      106 ,       26 ,      119 ,       82 ,      198 ,       19 ,       96 ,      157 ,      131 ,      182 ,       74 ,       49 ,       65 ,       18 ,       93 ,      107 ,       63 ,       64 ,        5 ,      115 ,       73 ,        7 ,      145 ,       29 ,      148 ,      186 ,       75 ,       67 ,      128 ,       51 ,       47 ,      188 ,      108 ,      184 ,      134 ,       77 ,      169 ,      140 ,       79 ,      181 ,      143 ,       54 ,      146 ,      116 ,      100 ,        8 ,      174 ,       38 ,      142 ,      190 ,      127 ,      117 ,      122 ,      144 ,       91 ,      175 ,      191 ,      123 ,      118 ,       42 ,       32 ,      160 ,      150 ,      113 ,        9 ,      135 ,      125 ,      151 ,       95 ,       68 ,      176 ,      132 ,       45 ,      163 ,      102 ,      173 ,      187 ,       48 ,      112 ,       59 ,       78 ,       76 ,       21 ,      154 ,       61 ,       31 ,      104 ,       84 ,        3 ,       17 ,       16 ,       23 ,       40 ,       25 ,       34 ,       20 ,       13 ,       55 ,      133 ,      149 ,      194 ,      105 ,       12 ,       53 ,       90 ,       50 ,      199 ,      121 ,      183 ,      109 ,       60 ,       85 ,      110 ,      120 ,       83 ,      166 ,      114 ,      129 ,      165 ,      138 ,       97 ,       28 ,       15 ,       43 ,       37 ,       99 ,        1 ,       33 ,       57 ,      162 ,      158 ,      168 ,       94 ,      153 ,       81 ,       41 ,      101 ,      126 ,      155 ,       22 ,      141 ,       52 ,       27 ,       92 ,      172 ,        2 ,      197 ,      196 ,      177 ,      130 ,       71 ,       80 ,       72 ,       30 ,      159 ,       35 ,       98 ,       89 , 
      46 ,      161 ,       39 ,       86 ,      164 ,       58 ,      189 ,      171 ,      137 ,      180 ,      147 ,      124 ,      103 ,       70 ,       11 ,       10 ,      178 ,       62 ,        4 ,      139 ,      156 ,       88 ,       87 ,       24 ,       36 ,      193 ,       44 ,        6 ,       66 ,       14 ,      152 ,        0 ,      167 ,      185 ,      179 ,       56 ,      111 ,      195 ,      136 ,      106 ,       69 ,      192 ,      170 ,      119 ,       26 ,       19 ,      131 ,      198 ,      182 ,      157 ,       74 ,       82 ,       96 ,       49 ,       18 ,       65 ,       64 ,        5 ,      107 ,       93 ,      115 ,       63 ,      148 ,       29 ,        7 ,       73 ,      186 ,       67 ,      145 ,       75 ,      128 ,       51 ,      188 ,       47 ,       77 ,      184 ,      108 ,      140 ,      181 ,      143 ,      134 ,      169 ,      116 ,       79 ,      146 ,        8 ,       54 ,       38 ,      190 ,      174 ,      142 ,      100 ,       91 ,      144 ,      117 ,      127 ,      123 ,      122 ,      118 ,      160 ,      175 ,      191 ,       42 ,      150 ,      135 ,       32 ,      125 ,      113 ,       68 ,      176 ,       95 ,        9 ,       45 ,      187 ,      151 ,      132 ,       48 ,      112 ,      163 ,      102 ,       78 ,      173 ,       61 ,       59 ,       76 ,      104 ,       21 ,       31 ,       17 ,      154 ,       84 ,       40 ,        3 ,       16 ,       25 ,       34 ,       20 ,       23 ,      133 ,       55 ,       13 ,      149 ,       53 ,      194 ,      105 ,       50 ,       12 ,       90 ,       60 ,      121 ,      199 ,      109 ,      110 ,      166 ,      183 ,      129 ,       85 ,      165 ,      114 ,      120 ,       15 ,       83 ,       37 ,      138 ,       28 ,       33 ,       97 ,       43 ,       99 ,       57 ,        1 ,      162 ,       94 ,      158 ,       41 ,      153 ,      168 ,      126 ,       81 ,       52 ,      155 ,      101 ,      141 ,       22 ,      172 ,       27 ,      196 ,      197 ,       92 ,        2 ,       71 ,      177 ,       72 ,       35 ,      130 ,       80 ,       98 ,       30 ,      159 ,       89 , 
     161 ,       39 ,       46 ,      164 ,       58 ,       86 ,      147 ,      189 ,      124 ,      103 ,      171 ,      137 ,       11 ,       70 ,      180 ,       10 ,      139 ,       62 ,      178 ,        4 ,      156 ,       36 ,       87 ,       88 ,       66 ,       44 ,       24 ,      193 ,      167 ,      152 ,       14 ,        0 ,        6 ,      179 ,      185 ,      136 ,       56 ,      111 ,      192 ,      106 ,      119 ,      195 ,      170 ,      198 ,       26 ,      157 ,       69 ,       19 ,       82 ,      182 ,      131 ,       18 ,       74 ,        5 ,       96 ,      107 ,       49 ,       64 ,       65 ,       93 ,       63 ,      115 ,       73 ,      186 ,       29 ,      145 ,        7 ,      148 ,      128 ,       51 ,       75 ,       77 ,      108 ,       67 ,      188 ,      181 ,      184 ,      143 ,       47 ,      140 ,      116 ,       79 ,      134 ,        8 ,       54 ,       38 ,      169 ,      190 ,      174 ,      146 ,       91 ,      142 ,      117 ,      100 ,      122 ,      144 ,      123 ,      118 ,      160 ,      127 ,       42 ,      175 ,      150 ,      191 ,      125 ,       32 ,      135 ,        9 ,       68 ,      113 ,      187 ,       95 ,      176 ,       45 ,      132 ,       48 ,      151 ,      173 ,      163 ,       61 ,       78 ,      112 ,       31 ,      102 ,       17 ,       76 ,       21 ,      104 ,       59 ,        3 ,       84 ,      154 ,       20 ,       40 ,       34 ,       16 ,       25 ,      133 ,       23 ,       13 ,      149 ,       55 ,       53 ,       90 ,      105 ,      194 ,      199 ,       12 ,       50 ,      121 ,      110 ,       60 ,      109 ,       85 ,      114 ,      166 ,      165 ,       83 ,      120 ,      129 ,      183 ,      138 ,       15 ,       97 ,       37 ,       33 ,       43 ,      162 ,       28 ,       94 ,       57 ,      153 ,        1 ,       99 ,       41 ,      168 ,      158 ,       81 ,      155 ,      126 ,       52 ,       27 ,       22 ,      141 ,      196 ,      101 ,      197 ,      177 ,      172 ,       92 ,       71 ,       72 ,       98 ,        2 ,       35 ,      130 ,      159 ,       30 ,       80 ,       89 , 
     161 ,       39 ,       86 ,      189 ,       46 ,      147 ,      164 ,       58 ,      171 ,      124 ,      137 ,      180 ,      103 ,       70 ,       62 ,       11 ,        4 ,      156 ,       10 ,      178 ,      139 ,       88 ,       36 ,       87 ,       66 ,      167 ,       44 ,      193 ,       24 ,        0 ,        6 ,       14 ,      136 ,       56 ,      152 ,      192 ,      119 ,      179 ,      185 ,      106 ,      111 ,      170 ,      195 ,      157 ,      198 ,       26 ,      131 ,       82 ,       69 ,        5 ,       74 ,       19 ,       18 ,      182 ,      107 ,       64 ,       65 ,       49 ,       96 ,      115 ,      186 ,       93 ,       29 ,       73 ,      145 ,       63 ,      148 ,       77 ,       75 ,      128 ,        7 ,       67 ,       51 ,      184 ,       47 ,      108 ,      181 ,      143 ,        8 ,      188 ,      140 ,       79 ,       54 ,      169 ,      134 ,      116 ,      190 ,       38 ,      117 ,      142 ,      174 ,      100 ,       91 ,      123 ,      146 ,      144 ,      122 ,      175 ,      118 ,      127 ,      160 ,       32 ,      135 ,      125 ,       42 ,       68 ,        9 ,      150 ,      191 ,       45 ,       95 ,      176 ,      113 ,      151 ,      187 ,      132 ,       48 ,       61 ,      173 ,      163 ,       31 ,       78 ,       17 ,       76 ,      102 ,      112 ,        3 ,       21 ,       84 ,      154 ,       34 ,      104 ,       20 ,       59 ,       23 ,       25 ,      133 ,       40 ,       55 ,       16 ,       90 ,       13 ,      194 ,      199 ,      149 ,       53 ,       12 ,       50 ,      105 ,       85 ,      121 ,      110 ,      166 ,       60 ,      109 ,      165 ,      114 ,      120 ,       83 ,       15 ,      183 ,      138 ,      129 ,       37 ,       28 ,       97 ,       94 ,      162 ,        1 ,       43 ,       33 ,       41 ,      153 ,      168 ,       57 ,      155 ,       99 ,      158 ,       22 ,       81 ,      141 ,      126 ,      197 ,      196 ,       52 ,       27 ,      101 ,      172 ,       72 ,      177 ,       92 ,       98 ,       71 ,        2 ,      130 ,       35 ,       89 ,      159 ,       30 ,       80 , 
     161 ,      147 ,       39 ,      164 ,       46 ,      189 ,       86 ,       58 ,      171 ,      137 ,       70 ,       62 ,       11 ,      180 ,      124 ,        4 ,      103 ,      178 ,       10 ,       36 ,      156 ,       87 ,       88 ,       44 ,      139 ,       66 ,       24 ,      167 ,      136 ,      193 ,       56 ,      152 ,        6 ,      119 ,      192 ,        0 ,       14 ,      106 ,      179 ,      111 ,      195 ,      170 ,      185 ,      198 ,       26 ,      131 ,       69 ,      157 ,       18 ,       74 ,       82 ,       64 ,      182 ,       19 ,        5 ,       49 ,       65 ,      107 ,       96 ,       29 ,      145 ,      115 ,       93 ,      186 ,       73 ,      148 ,       63 ,       75 ,       51 ,       67 ,        7 ,       77 ,       47 ,      128 ,      108 ,      181 ,      188 ,      184 ,        8 ,       54 ,      143 ,      134 ,      140 ,      190 ,       79 ,       38 ,      117 ,      169 ,      116 ,      100 ,      123 ,      142 ,       91 ,      174 ,      175 ,      118 ,      160 ,      146 ,      144 ,      127 ,      125 ,      122 ,      135 ,       32 ,      150 ,       45 ,        9 ,       42 ,       68 ,       95 ,      191 ,      113 ,      151 ,       48 ,      176 ,      173 ,      187 ,      132 ,       61 ,       78 ,       76 ,      163 ,       31 ,      112 ,       84 ,        3 ,       17 ,       21 ,      154 ,       59 ,      102 ,      104 ,       25 ,       34 ,      133 ,       20 ,       23 ,       16 ,       90 ,       40 ,       55 ,      149 ,      194 ,       13 ,       53 ,       12 ,      199 ,       50 ,      166 ,      105 ,       60 ,      110 ,      114 ,       85 ,      121 ,       83 ,      109 ,      165 ,      120 ,       37 ,      183 ,       15 ,      138 ,       97 ,       94 ,       28 ,      129 ,       33 ,        1 ,       41 ,      153 ,      162 ,       43 ,      155 ,       57 ,      168 ,      141 ,       99 ,       22 ,      158 ,      126 ,      197 ,       81 ,       27 ,      196 ,      101 ,       52 ,       98 ,      177 ,      172 ,       92 ,      130 ,       71 ,       72 ,       89 ,      159 ,        2 ,       30 ,       35 ,       80 , 
     161 ,       39 ,       46 ,      147 ,      164 ,      189 ,       86 ,      137 ,       58 ,      180 ,       62 ,      171 ,       11 ,       70 ,       10 ,      124 ,      178 ,       87 ,      103 ,       36 ,        4 ,      139 ,       88 ,       66 ,       44 ,       24 ,      156 ,      136 ,       56 ,      152 ,      192 ,      167 ,      119 ,      193 ,       14 ,        6 ,      106 ,        0 ,      195 ,      198 ,      111 ,      170 ,      179 ,      185 ,       26 ,       74 ,       18 ,      131 ,       82 ,       64 ,       19 ,       69 ,      157 ,       65 ,      107 ,       49 ,        5 ,      182 ,      145 ,       93 ,       96 ,       29 ,       63 ,      186 ,      115 ,      148 ,       67 ,       73 ,       77 ,        7 ,      128 ,       51 ,       75 ,      108 ,       47 ,        8 ,      181 ,      184 ,      188 ,      140 ,      134 ,       54 ,      143 ,      190 ,      116 ,      169 ,       38 ,      117 ,       79 ,       91 ,      123 ,      100 ,      118 ,      160 ,      144 ,      142 ,      174 ,      127 ,      175 ,      125 ,      146 ,       45 ,      135 ,      122 ,       32 ,      150 ,       68 ,      191 ,        9 ,       42 ,      113 ,       95 ,       48 ,      151 ,      176 ,       61 ,      187 ,      132 ,      173 ,       76 ,      112 ,       31 ,      163 ,      154 ,       78 ,       17 ,       84 ,       59 ,        3 ,      102 ,       25 ,       34 ,       21 ,      104 ,       20 ,       90 ,      149 ,       55 ,       40 ,       23 ,      133 ,       16 ,       13 ,      194 ,       50 ,      199 ,       53 ,      105 ,      166 ,       12 ,      114 ,       85 ,       60 ,      110 ,      121 ,      120 ,       83 ,      109 ,      165 ,       15 ,       37 ,      183 ,      138 ,       28 ,       97 ,       33 ,       94 ,        1 ,      162 ,      129 ,       57 ,       41 ,      153 ,       43 ,      155 ,      141 ,      168 ,       99 ,       22 ,       81 ,      197 ,       27 ,      126 ,      158 ,      101 ,      177 ,       52 ,       92 ,      196 ,      172 ,       98 ,      130 ,       89 ,       71 ,       30 ,        2 ,       72 ,      159 ,       35 ,       80 , 
     161 ,       46 ,      189 ,       39 ,      164 ,      147 ,       86 ,      137 ,       62 ,      180 ,       58 ,      124 ,       11 ,       10 ,      171 ,       87 ,      178 ,       70 ,      103 ,       36 ,       66 ,      139 ,        4 ,       88 ,       24 ,      156 ,       44 ,      136 ,      119 ,      152 ,      167 ,      193 ,      192 ,       56 ,        6 ,      195 ,        0 ,       14 ,      106 ,      111 ,      185 ,       26 ,       74 ,      198 ,      131 ,      179 ,      170 ,       69 ,       82 ,       19 ,       18 ,       64 ,      107 ,      157 ,        5 ,       93 ,       65 ,      182 ,       49 ,      186 ,       29 ,       96 ,      145 ,       63 ,      115 ,        7 ,       77 ,       51 ,       75 ,      148 ,       67 ,       73 ,      108 ,      128 ,       47 ,      181 ,      134 ,      188 ,      140 ,        8 ,      184 ,      116 ,       54 ,      190 ,      117 ,       38 ,      143 ,      169 ,       91 ,       79 ,      118 ,      123 ,      174 ,      144 ,      160 ,      100 ,      142 ,      175 ,       45 ,      146 ,      135 ,      127 ,      125 ,      122 ,      150 ,      191 ,       32 ,       68 ,       42 ,       48 ,      113 ,        9 ,      176 ,      151 ,       61 ,      112 ,      132 ,       95 ,      173 ,      187 ,      163 ,       76 ,       31 ,       17 ,       78 ,       59 ,       84 ,      102 ,      154 ,        3 ,       20 ,       34 ,       21 ,       90 ,      104 ,      149 ,       25 ,       16 ,       40 ,      194 ,       23 ,       55 ,       50 ,      105 ,      133 ,      199 ,       13 ,       53 ,      166 ,       60 ,       12 ,      120 ,      110 ,      114 ,       85 ,       83 ,      121 ,      109 ,       37 ,       28 ,       15 ,      165 ,      183 ,      138 ,       94 ,       97 ,        1 ,      129 ,       33 ,      162 ,       41 ,      155 ,      153 ,       57 ,      141 ,       43 ,       81 ,      197 ,       99 ,      168 ,       22 ,      101 ,      126 ,      177 ,       27 ,      158 ,       98 ,       92 ,      196 ,      172 ,       52 ,      130 ,        2 ,       30 ,       89 ,       72 ,       71 ,       35 ,       80 ,      159 , 
     189 ,      161 ,       46 ,       39 ,      164 ,      147 ,       58 ,      137 ,       86 ,      124 ,       62 ,      180 ,      178 ,       10 ,       66 ,       11 ,      171 ,       70 ,       36 ,       87 ,      139 ,      103 ,        4 ,      119 ,       24 ,       88 ,      136 ,      156 ,      152 ,      193 ,       44 ,      192 ,       74 ,        0 ,       56 ,      106 ,       26 ,       14 ,      131 ,      170 ,        6 ,      167 ,      185 ,      195 ,       18 ,      198 ,      107 ,       64 ,      179 ,      157 ,       19 ,       49 ,       82 ,       69 ,        5 ,      111 ,       93 ,      182 ,       65 ,      186 ,       96 ,      145 ,      115 ,       77 ,       75 ,       29 ,       63 ,       67 ,        7 ,      108 ,      128 ,       51 ,      181 ,      148 ,       73 ,       47 ,      134 ,      140 ,      188 ,      184 ,      117 ,       54 ,        8 ,      190 ,      116 ,      169 ,       79 ,       91 ,      118 ,      144 ,       38 ,      100 ,      143 ,      174 ,      123 ,      160 ,      135 ,      175 ,      142 ,      122 ,      150 ,      127 ,       45 ,      146 ,      125 ,       42 ,      191 ,       48 ,       32 ,      176 ,      113 ,       68 ,        9 ,       61 ,      112 ,      151 ,      163 ,      187 ,       95 ,       76 ,      132 ,       31 ,       78 ,       59 ,      173 ,      154 ,       84 ,      102 ,       20 ,       21 ,       17 ,      104 ,       34 ,       90 ,        3 ,      149 ,       16 ,       40 ,       25 ,      194 ,      105 ,      199 ,       50 ,       23 ,       55 ,       13 ,      133 ,       53 ,      120 ,      166 ,       60 ,       12 ,       85 ,      114 ,       83 ,      110 ,      121 ,      109 ,       28 ,       37 ,      138 ,       94 ,      165 ,      183 ,       15 ,      129 ,       33 ,        1 ,      162 ,       97 ,      153 ,       41 ,       57 ,      155 ,       43 ,       99 ,      141 ,       22 ,      168 ,       81 ,      197 ,      126 ,      158 ,       27 ,      101 ,      196 ,       52 ,      177 ,       92 ,       98 ,       72 ,      172 ,       89 ,      130 ,        2 ,       30 ,       80 ,       35 ,       71 ,      159 , 
