796 , 200 , 10 , 319906 , IG
      68 ,       64 ,      156 ,       49 ,       99 ,      172 ,      115 ,      174 ,       66 ,       22 ,      114 ,       73 ,       26 ,      149 ,      107 ,       76 ,       20 ,       34 ,      162 ,      147 ,      173 ,      125 ,      178 ,       19 ,       52 ,      136 ,      141 ,      152 ,      101 ,       23 ,      122 ,       86 ,      180 ,       70 ,       25 ,      157 ,       97 ,      102 ,      161 ,       43 ,       41 ,      190 ,       92 ,      129 ,      189 ,        0 ,       84 ,       91 ,       69 ,      132 ,       77 ,      108 ,      111 ,      155 ,      197 ,       35 ,       24 ,      163 ,        7 ,       42 ,      195 ,      105 ,      158 ,      176 ,       80 ,       51 ,       81 ,       44 ,      118 ,       98 ,       47 ,      145 ,       67 ,       59 ,      164 ,       56 ,      171 ,      159 ,      151 ,       46 ,      135 ,       60 ,       30 ,       16 ,        6 ,      182 ,      165 ,       29 ,       36 ,        9 ,      177 ,       21 ,      143 ,       85 ,      140 ,      160 ,        4 ,      119 ,      187 ,       39 ,       18 ,       78 ,      103 ,      112 ,      134 ,      183 ,      153 ,      191 ,      148 ,      139 ,      199 ,      130 ,       45 ,        5 ,      146 ,       11 ,       93 ,      193 ,       37 ,       82 ,       14 ,      188 ,      166 ,      144 ,      179 ,       17 ,      186 ,       90 ,      131 ,       54 ,      133 ,      142 ,       74 ,      106 ,       27 ,      123 ,      128 ,       62 ,       71 ,      167 ,      127 ,       28 ,       75 ,      109 ,      110 ,      194 ,       32 ,       83 ,      116 ,      168 ,        2 ,       55 ,      154 ,      184 ,       53 ,      198 ,      113 ,       33 ,      150 ,      100 ,       13 ,       88 ,      175 ,        8 ,       96 ,       38 ,      120 ,       72 ,      185 ,      169 ,      196 ,       95 ,       58 ,      121 ,      126 ,       12 ,       89 ,      117 ,       61 ,        1 ,      170 ,       94 ,      138 ,       63 ,       40 ,       10 ,      137 ,       87 ,      192 ,        3 ,       57 ,      104 ,       48 ,       15 ,       65 ,       31 ,       50 ,      181 ,       79 ,      124 , 
      68 ,       64 ,      156 ,       99 ,       49 ,      172 ,      115 ,      174 ,       66 ,      114 ,       73 ,       22 ,       26 ,      149 ,      107 ,       20 ,      162 ,      147 ,       76 ,       34 ,      178 ,      173 ,       19 ,      136 ,      141 ,      125 ,      101 ,       52 ,      152 ,      122 ,       23 ,      180 ,       86 ,      157 ,       25 ,       70 ,      102 ,       97 ,      161 ,       92 ,       41 ,       43 ,      129 ,      190 ,       91 ,      189 ,       84 ,        0 ,       69 ,      108 ,      111 ,       77 ,      132 ,      155 ,       24 ,      197 ,      163 ,       35 ,       42 ,        7 ,      105 ,      176 ,      158 ,      195 ,       51 ,       81 ,       80 ,       44 ,      118 ,       98 ,       67 ,       47 ,      164 ,       56 ,       59 ,      145 ,      151 ,      171 ,      159 ,       46 ,      135 ,       60 ,        6 ,       16 ,       30 ,      182 ,      165 ,       29 ,        9 ,      177 ,       36 ,      143 ,      140 ,       85 ,       21 ,      160 ,        4 ,       39 ,      119 ,      187 ,       78 ,       18 ,      112 ,      103 ,      134 ,      183 ,      153 ,      191 ,      148 ,      139 ,      130 ,        5 ,      199 ,       11 ,      146 ,       45 ,       93 ,      193 ,       37 ,       14 ,       82 ,      166 ,      179 ,      188 ,      144 ,      186 ,       17 ,       90 ,      131 ,      133 ,       54 ,      142 ,      106 ,       27 ,       74 ,      128 ,       62 ,      123 ,      167 ,      127 ,       71 ,       75 ,      110 ,      194 ,      109 ,       28 ,       32 ,       83 ,      116 ,      168 ,        2 ,      184 ,       55 ,      198 ,      154 ,       53 ,      113 ,       33 ,      150 ,       13 ,      100 ,      175 ,        8 ,       88 ,       96 ,       38 ,      120 ,      185 ,      196 ,       72 ,       58 ,      169 ,       95 ,       12 ,      121 ,      117 ,       89 ,      126 ,       61 ,       94 ,        1 ,      138 ,      170 ,       40 ,      137 ,       63 ,       87 ,       10 ,      192 ,        3 ,       48 ,       57 ,       65 ,       31 ,       15 ,      104 ,       50 ,      181 ,       79 ,      124 , 
      68 ,      156 ,       64 ,      172 ,       99 ,       49 ,      174 ,      115 ,      114 ,       66 ,       26 ,       22 ,       73 ,      149 ,      107 ,      147 ,       20 ,       34 ,      162 ,      178 ,      173 ,       76 ,      136 ,      141 ,       19 ,       52 ,      125 ,      152 ,      101 ,      122 ,      180 ,       86 ,      157 ,       25 ,       23 ,       97 ,      161 ,       70 ,       92 ,      102 ,      190 ,       43 ,       41 ,      129 ,       91 ,       84 ,        0 ,      189 ,      111 ,       77 ,      108 ,       69 ,      155 ,      132 ,      197 ,      163 ,       35 ,       24 ,      105 ,       42 ,        7 ,      195 ,      158 ,      176 ,       80 ,       51 ,       44 ,       98 ,       81 ,      118 ,       47 ,       67 ,      164 ,       59 ,       56 ,      151 ,      145 ,      171 ,      159 ,      135 ,       60 ,       46 ,        6 ,       30 ,       16 ,      165 ,      182 ,       29 ,      177 ,        9 ,      140 ,       85 ,       36 ,      143 ,       21 ,       39 ,      119 ,      160 ,      187 ,       78 ,        4 ,       18 ,      112 ,      134 ,      103 ,      191 ,      183 ,      148 ,      139 ,      130 ,      153 ,      199 ,        5 ,      146 ,       11 ,      193 ,       45 ,       93 ,       37 ,       82 ,      166 ,       14 ,      188 ,      179 ,      186 ,       17 ,      131 ,      144 ,       54 ,       90 ,      133 ,      106 ,      142 ,       74 ,      123 ,       27 ,       62 ,      128 ,       71 ,      167 ,      127 ,       75 ,      194 ,      109 ,      110 ,       28 ,       32 ,       83 ,      168 ,      116 ,        2 ,      198 ,      154 ,      184 ,       55 ,      113 ,       53 ,       33 ,      100 ,      175 ,      150 ,       13 ,        8 ,       88 ,       38 ,      185 ,       96 ,       72 ,      120 ,       58 ,       95 ,       12 ,      196 ,      169 ,      117 ,      121 ,       89 ,       61 ,      126 ,        1 ,      170 ,       94 ,       40 ,      137 ,      138 ,       87 ,       63 ,      192 ,        3 ,       57 ,       10 ,       31 ,       48 ,       65 ,      104 ,       50 ,       15 ,      181 ,      124 ,       79 , 
     156 ,       64 ,       99 ,       68 ,      174 ,      172 ,       49 ,       66 ,      115 ,      114 ,       26 ,       73 ,       22 ,      107 ,      147 ,       34 ,      149 ,       20 ,      162 ,      178 ,      173 ,       76 ,      136 ,       52 ,       19 ,      125 ,      152 ,      141 ,      180 ,      101 ,       86 ,      122 ,       23 ,       25 ,      157 ,      161 ,       70 ,       97 ,      102 ,       43 ,       92 ,      190 ,       91 ,       84 ,       41 ,      129 ,      111 ,      189 ,       77 ,        0 ,      108 ,       69 ,      155 ,      132 ,      197 ,      163 ,       35 ,      105 ,       24 ,      195 ,      158 ,        7 ,       42 ,      176 ,       51 ,       98 ,       81 ,       44 ,       80 ,      118 ,      164 ,       59 ,       67 ,       47 ,       56 ,      145 ,      151 ,      135 ,       60 ,       46 ,      171 ,      159 ,       16 ,       30 ,      165 ,        6 ,       29 ,      182 ,      140 ,       85 ,      177 ,        9 ,       36 ,       39 ,       21 ,      143 ,      160 ,       78 ,      119 ,       18 ,      187 ,      134 ,      112 ,        4 ,      103 ,      191 ,      148 ,      183 ,      153 ,      139 ,      199 ,      146 ,       11 ,        5 ,      130 ,       45 ,       82 ,      193 ,       37 ,      166 ,       93 ,       14 ,      188 ,      179 ,       17 ,      144 ,      186 ,      131 ,      133 ,       90 ,       54 ,      106 ,      142 ,       74 ,       27 ,      128 ,      123 ,       71 ,       62 ,      127 ,      167 ,      109 ,       75 ,       28 ,      194 ,      110 ,       83 ,       32 ,      198 ,      116 ,      168 ,      113 ,      154 ,       55 ,      184 ,        2 ,      100 ,       53 ,      175 ,       13 ,      150 ,       33 ,        8 ,      185 ,       88 ,       72 ,       38 ,       12 ,      120 ,       58 ,      121 ,      196 ,      169 ,       96 ,       95 ,       89 ,      117 ,      126 ,        1 ,       94 ,       61 ,      170 ,       40 ,       10 ,       31 ,       63 ,      137 ,        3 ,       57 ,      192 ,      138 ,       50 ,       87 ,       65 ,      104 ,       15 ,       48 ,      124 ,       79 ,      181 , 
      64 ,       99 ,      156 ,      174 ,      172 ,       68 ,       49 ,      115 ,       26 ,       66 ,       73 ,      114 ,      107 ,      147 ,       22 ,      149 ,       34 ,      162 ,       20 ,      173 ,       76 ,      178 ,       52 ,      136 ,      125 ,       19 ,      141 ,      152 ,       86 ,      180 ,      101 ,       25 ,      122 ,       23 ,      161 ,      157 ,       70 ,      102 ,       92 ,      190 ,       91 ,       97 ,       43 ,      129 ,       41 ,      111 ,      189 ,       84 ,      108 ,       69 ,       77 ,        0 ,      197 ,      163 ,      155 ,       35 ,      132 ,      195 ,       24 ,      105 ,        7 ,      158 ,      176 ,       42 ,       51 ,       98 ,       80 ,       81 ,       44 ,      118 ,       59 ,       67 ,      164 ,       47 ,       56 ,      151 ,      145 ,      135 ,       46 ,       60 ,      171 ,      159 ,       30 ,       16 ,        6 ,      165 ,      140 ,      182 ,       85 ,       29 ,        9 ,      177 ,       39 ,       36 ,       21 ,      143 ,       78 ,      160 ,      119 ,       18 ,      187 ,      112 ,        4 ,      103 ,      134 ,      148 ,      183 ,      191 ,      139 ,      153 ,      199 ,        5 ,      146 ,       45 ,      130 ,       11 ,       82 ,      193 ,       37 ,      166 ,       14 ,       93 ,      179 ,       17 ,      188 ,      186 ,      144 ,      131 ,      133 ,       54 ,       90 ,      106 ,      142 ,       27 ,      123 ,      128 ,       74 ,       71 ,       62 ,      109 ,       75 ,      167 ,       28 ,      194 ,      127 ,      110 ,       83 ,       32 ,      198 ,      113 ,      116 ,      168 ,      154 ,       55 ,      100 ,      184 ,       53 ,        2 ,      175 ,       13 ,       33 ,       88 ,        8 ,      150 ,      185 ,       72 ,       38 ,       58 ,      120 ,       12 ,      121 ,      196 ,      169 ,       89 ,       96 ,       95 ,      126 ,      117 ,       61 ,       94 ,        1 ,      170 ,       10 ,        3 ,       40 ,       57 ,       31 ,      192 ,      137 ,       63 ,      138 ,      104 ,       48 ,       50 ,       65 ,      124 ,       87 ,       79 ,       15 ,      181 , 
      64 ,       99 ,      156 ,       68 ,      174 ,      115 ,      172 ,       49 ,       26 ,       66 ,       73 ,      107 ,      114 ,      149 ,       22 ,      147 ,       34 ,      162 ,       20 ,      173 ,      178 ,      136 ,      125 ,       76 ,      152 ,       52 ,      141 ,       19 ,      180 ,      101 ,       86 ,      122 ,       25 ,       23 ,      157 ,      161 ,       92 ,      102 ,      190 ,       70 ,       97 ,       43 ,       91 ,       41 ,      189 ,      129 ,      108 ,       84 ,       77 ,       69 ,      111 ,        0 ,      163 ,      197 ,      155 ,      195 ,       35 ,       24 ,      132 ,        7 ,      158 ,      105 ,      176 ,       51 ,       42 ,       98 ,       80 ,       81 ,      118 ,       44 ,       59 ,      164 ,       47 ,       67 ,      151 ,       56 ,      145 ,       46 ,      171 ,      135 ,      159 ,       60 ,       30 ,        6 ,       16 ,      165 ,       29 ,       85 ,      140 ,        9 ,       39 ,      182 ,      177 ,       36 ,       21 ,      143 ,      160 ,      119 ,       18 ,       78 ,        4 ,      103 ,      134 ,      148 ,      187 ,      112 ,      139 ,      153 ,      199 ,      191 ,      183 ,        5 ,       45 ,      146 ,      130 ,      193 ,       11 ,       82 ,       14 ,      166 ,       37 ,       17 ,      188 ,       93 ,      144 ,      179 ,      186 ,      133 ,       54 ,      131 ,      142 ,       27 ,      123 ,      106 ,       90 ,      128 ,       71 ,       62 ,      109 ,       74 ,       28 ,       75 ,      194 ,      167 ,       83 ,      127 ,      110 ,      113 ,      198 ,       32 ,      168 ,      154 ,      116 ,      100 ,       55 ,      184 ,      175 ,       53 ,       33 ,       88 ,        2 ,      150 ,       38 ,        8 ,       13 ,       72 ,      185 ,      120 ,       58 ,       12 ,      121 ,      196 ,       89 ,      169 ,       96 ,      117 ,       95 ,      126 ,       94 ,       61 ,      170 ,        1 ,        3 ,       10 ,       40 ,      192 ,       57 ,       63 ,       31 ,      137 ,       48 ,      104 ,      138 ,       50 ,       87 ,      124 ,       65 ,      181 ,       79 ,       15 , 
      99 ,       64 ,      156 ,       68 ,      174 ,       49 ,      115 ,      172 ,       73 ,       66 ,      107 ,       26 ,      114 ,      149 ,       34 ,       22 ,      147 ,      162 ,       20 ,      173 ,      178 ,      125 ,      136 ,       76 ,      152 ,       52 ,      141 ,       19 ,      101 ,      122 ,      180 ,       86 ,      157 ,       25 ,       23 ,      102 ,      161 ,       92 ,       70 ,       97 ,       91 ,      190 ,       43 ,       41 ,      129 ,       84 ,      108 ,       77 ,      189 ,        0 ,      163 ,       69 ,      155 ,      195 ,      197 ,      111 ,       35 ,      132 ,       24 ,        7 ,      158 ,      105 ,      176 ,       42 ,       80 ,       51 ,      118 ,       44 ,       98 ,       81 ,       67 ,       59 ,       47 ,      164 ,      151 ,       56 ,      145 ,      171 ,       46 ,      135 ,       30 ,      159 ,       60 ,       16 ,       29 ,      165 ,        6 ,       85 ,      140 ,        9 ,      177 ,      182 ,       36 ,      143 ,       39 ,       21 ,      160 ,      119 ,        4 ,       78 ,      134 ,       18 ,      103 ,      112 ,      187 ,      148 ,      199 ,      139 ,      153 ,      191 ,       45 ,      183 ,        5 ,      146 ,      130 ,      193 ,       11 ,       82 ,      166 ,       37 ,       14 ,       17 ,      188 ,      144 ,       93 ,      179 ,      133 ,      186 ,       54 ,       27 ,      123 ,      131 ,      106 ,      142 ,      128 ,       71 ,       90 ,      109 ,       74 ,       62 ,       28 ,       75 ,      194 ,      167 ,      110 ,       83 ,      127 ,      113 ,       32 ,      168 ,      198 ,      154 ,       55 ,      100 ,      184 ,      116 ,       53 ,      175 ,       33 ,       88 ,      150 ,        2 ,       38 ,        8 ,       13 ,       72 ,      185 ,       12 ,      120 ,       58 ,      121 ,      196 ,       89 ,      169 ,       95 ,      117 ,       96 ,       94 ,      126 ,        1 ,        3 ,       61 ,      170 ,       10 ,      192 ,       40 ,       31 ,       57 ,       48 ,      137 ,       63 ,      104 ,       50 ,      138 ,       87 ,      124 ,       65 ,       79 ,       15 ,      181 , 
     156 ,       99 ,       64 ,       68 ,       49 ,      174 ,      115 ,       66 ,      172 ,       73 ,      107 ,      114 ,       26 ,      149 ,       34 ,      147 ,       22 ,      173 ,      162 ,      136 ,      178 ,      125 ,      152 ,       20 ,      141 ,       52 ,       19 ,       76 ,      180 ,      101 ,       86 ,      122 ,       25 ,      102 ,       23 ,      157 ,       92 ,       70 ,       97 ,      161 ,       43 ,      190 ,       41 ,       91 ,      129 ,       84 ,      108 ,      189 ,       77 ,        0 ,       69 ,      163 ,      195 ,      197 ,      111 ,      155 ,       24 ,       35 ,        7 ,      158 ,      132 ,      176 ,       80 ,      105 ,       51 ,       42 ,      118 ,       44 ,       98 ,       81 ,       67 ,      151 ,       59 ,      164 ,      145 ,       47 ,      171 ,       56 ,      135 ,      159 ,       46 ,       30 ,       60 ,       29 ,      165 ,        6 ,       16 ,       85 ,      140 ,      182 ,        9 ,      177 ,       36 ,       21 ,       39 ,      119 ,      143 ,        4 ,      134 ,      103 ,      160 ,       18 ,       78 ,      112 ,      187 ,      148 ,      199 ,      191 ,       45 ,      153 ,      183 ,      139 ,        5 ,      146 ,      193 ,       11 ,      130 ,       82 ,       37 ,      166 ,       14 ,      144 ,       93 ,       17 ,      188 ,      186 ,      179 ,       54 ,      133 ,       27 ,      106 ,      131 ,      123 ,      142 ,       71 ,       90 ,      128 ,       62 ,      109 ,       28 ,       74 ,       75 ,      194 ,      167 ,      127 ,       83 ,      110 ,       32 ,      113 ,      154 ,      198 ,       55 ,      168 ,      100 ,      116 ,      184 ,      175 ,       53 ,       88 ,        2 ,      150 ,       33 ,       38 ,       13 ,       72 ,        8 ,      120 ,       58 ,      185 ,       12 ,      121 ,      196 ,      169 ,       89 ,       95 ,       96 ,       94 ,        1 ,      126 ,      117 ,       61 ,        3 ,      170 ,       10 ,       31 ,       57 ,      192 ,       40 ,      137 ,       48 ,      104 ,       63 ,      138 ,       50 ,       87 ,      124 ,       65 ,       15 ,       79 ,      181 , 
     156 ,       68 ,       99 ,       64 ,      174 ,       49 ,       66 ,      115 ,      172 ,       73 ,      107 ,      114 ,      149 ,       26 ,       34 ,       22 ,      162 ,      147 ,      136 ,      173 ,      152 ,      178 ,      125 ,       52 ,      141 ,       20 ,       76 ,      180 ,       19 ,      101 ,      122 ,       86 ,       25 ,      102 ,       23 ,       70 ,       97 ,      157 ,       43 ,       92 ,      161 ,      190 ,       41 ,       91 ,      129 ,      108 ,        0 ,      189 ,       84 ,       77 ,       69 ,      197 ,      195 ,      155 ,      163 ,       24 ,      111 ,       35 ,      158 ,      176 ,        7 ,      132 ,       51 ,       42 ,      105 ,       80 ,      118 ,       98 ,       44 ,      151 ,       67 ,       59 ,       81 ,      145 ,      171 ,       56 ,      164 ,       47 ,       46 ,      159 ,       30 ,      135 ,       29 ,        6 ,       60 ,      165 ,       16 ,       85 ,      140 ,      182 ,        9 ,      177 ,       36 ,      143 ,       39 ,       21 ,      134 ,      103 ,      119 ,        4 ,       18 ,       78 ,      112 ,      160 ,      148 ,      191 ,      187 ,      199 ,       45 ,      183 ,      153 ,      146 ,      139 ,        5 ,       11 ,      130 ,      193 ,       37 ,       82 ,       14 ,      166 ,      144 ,       93 ,       17 ,      188 ,       54 ,      186 ,      106 ,       27 ,      179 ,      133 ,      142 ,      131 ,       71 ,      123 ,       90 ,      128 ,       62 ,       74 ,       28 ,      109 ,      194 ,       75 ,      167 ,      127 ,      110 ,       83 ,      113 ,       32 ,       55 ,      154 ,      100 ,      198 ,      116 ,      168 ,      175 ,      184 ,       53 ,       88 ,        2 ,      150 ,       33 ,       38 ,       13 ,       72 ,        8 ,      120 ,       58 ,       12 ,      185 ,      121 ,       89 ,      196 ,      169 ,       95 ,       96 ,       94 ,       61 ,        1 ,        3 ,      117 ,      126 ,       10 ,       31 ,      170 ,      192 ,       57 ,       40 ,      104 ,       63 ,      137 ,       48 ,       87 ,      138 ,       65 ,      124 ,       50 ,       15 ,      181 ,       79 , 
     156 ,       68 ,       99 ,       64 ,       66 ,      174 ,       49 ,       73 ,      172 ,      114 ,      115 ,      107 ,       26 ,      149 ,       22 ,       34 ,      136 ,      152 ,      173 ,      162 ,      125 ,      178 ,      147 ,      141 ,       52 ,       19 ,       20 ,       76 ,      101 ,      180 ,       86 ,      122 ,      102 ,       25 ,       23 ,       70 ,       43 ,       97 ,       92 ,      161 ,      157 ,       91 ,       41 ,      129 ,        0 ,      189 ,      190 ,       84 ,       69 ,      108 ,       77 ,      197 ,      163 ,      195 ,      155 ,       35 ,       24 ,      111 ,      176 ,      158 ,       51 ,        7 ,       42 ,       80 ,      132 ,       98 ,      118 ,      105 ,       67 ,      151 ,       44 ,      145 ,       59 ,      171 ,       81 ,       47 ,       56 ,       46 ,       30 ,      159 ,      164 ,      135 ,       29 ,        6 ,      165 ,       60 ,       85 ,      140 ,       16 ,      177 ,      182 ,        9 ,      143 ,       36 ,      134 ,       21 ,      119 ,      103 ,       39 ,       78 ,       18 ,        4 ,      148 ,      160 ,      191 ,      112 ,      187 ,      199 ,      153 ,      183 ,       45 ,      146 ,        5 ,      130 ,      139 ,       11 ,       37 ,       14 ,      193 ,      166 ,       82 ,      144 ,       93 ,       17 ,      188 ,       54 ,      186 ,      106 ,       27 ,      133 ,      179 ,      131 ,      123 ,       90 ,      142 ,       71 ,      128 ,       28 ,       74 ,       62 ,      109 ,      194 ,      167 ,      127 ,       75 ,       83 ,      113 ,      154 ,       55 ,      110 ,      100 ,       32 ,      116 ,      168 ,      198 ,      184 ,       53 ,        2 ,      175 ,       88 ,      150 ,       13 ,       33 ,       38 ,       72 ,      120 ,       58 ,        8 ,      185 ,       89 ,      196 ,       12 ,      121 ,       96 ,       94 ,       61 ,       95 ,      169 ,        1 ,      126 ,        3 ,      117 ,       10 ,      170 ,       31 ,      192 ,       40 ,       57 ,      104 ,       63 ,       87 ,      138 ,      137 ,       48 ,      124 ,       65 ,       15 ,       50 ,       79 ,      181 , 
