995 , 150 , 10 , 54025 , ILST
       8 ,       62 ,       27 ,       70 ,       20 ,        2 ,       50 ,      137 ,       10 ,      114 ,      134 ,       48 ,       45 ,      142 ,      116 ,       61 ,      110 ,      102 ,       55 ,       98 ,       17 ,      109 ,       44 ,       11 ,       99 ,       94 ,      103 ,       54 ,      139 ,       88 ,       67 ,       43 ,       83 ,      140 ,       81 ,      121 ,       64 ,       23 ,       12 ,       65 ,       41 ,      125 ,       39 ,       77 ,      122 ,       59 ,       36 ,      130 ,      127 ,       53 ,      117 ,       91 ,       46 ,      113 ,      105 ,       33 ,        6 ,      131 ,       49 ,      128 ,       92 ,       97 ,      112 ,       72 ,      104 ,      132 ,      145 ,      148 ,      135 ,      133 ,       75 ,      111 ,       25 ,       57 ,       24 ,       87 ,      119 ,       51 ,       66 ,        1 ,      106 ,      144 ,        5 ,        0 ,       80 ,       34 ,       16 ,       95 ,      101 ,       22 ,       28 ,      118 ,       93 ,       69 ,        7 ,       85 ,       30 ,       90 ,       42 ,      107 ,       89 ,       79 ,       52 ,       63 ,      129 ,       21 ,      149 ,       18 ,       73 ,      100 ,       38 ,       68 ,        4 ,       86 ,       37 ,      147 ,       76 ,       78 ,       74 ,        3 ,      123 ,       13 ,      120 ,       19 ,       82 ,       35 ,       56 ,       26 ,       15 ,       58 ,      115 ,      141 ,      146 ,       29 ,       71 ,       60 ,      138 ,      124 ,       96 ,      126 ,      108 ,       47 ,        9 ,       14 ,       84 ,       40 ,      143 ,       31 ,      136 ,       32 , 
       8 ,       20 ,        2 ,       50 ,       62 ,      137 ,       70 ,      134 ,      114 ,       27 ,       10 ,      142 ,       48 ,      116 ,       61 ,      110 ,       45 ,       98 ,       17 ,      102 ,      109 ,       11 ,       94 ,       55 ,       99 ,      139 ,       88 ,       43 ,      103 ,      140 ,       54 ,       44 ,       67 ,      121 ,       83 ,       64 ,       23 ,       41 ,       65 ,       81 ,       39 ,       59 ,       36 ,       12 ,      122 ,       77 ,      125 ,       91 ,       53 ,      117 ,      127 ,       33 ,      130 ,      113 ,        6 ,      105 ,       46 ,       49 ,      131 ,      128 ,       97 ,       72 ,      104 ,      112 ,       92 ,      145 ,      148 ,      132 ,      133 ,      135 ,      111 ,       57 ,       25 ,       75 ,       66 ,       87 ,       51 ,      144 ,        1 ,        5 ,       80 ,      119 ,       69 ,      106 ,        0 ,      101 ,       34 ,       16 ,       93 ,      118 ,       22 ,       24 ,       95 ,       85 ,       28 ,       90 ,       42 ,       79 ,        7 ,       30 ,      107 ,      129 ,       89 ,       52 ,       21 ,       63 ,      149 ,       18 ,       68 ,       73 ,       37 ,       38 ,      100 ,        4 ,       78 ,       74 ,       86 ,        3 ,      147 ,       76 ,       82 ,       19 ,      123 ,       26 ,       13 ,       56 ,       35 ,      115 ,      138 ,      146 ,       29 ,      141 ,       58 ,       15 ,       84 ,       96 ,       71 ,       60 ,      124 ,      126 ,       40 ,       14 ,      120 ,      108 ,        9 ,       47 ,       31 ,       32 ,      143 ,      136 , 
       8 ,        2 ,       20 ,       70 ,      134 ,       50 ,      137 ,      114 ,       62 ,      116 ,       10 ,       27 ,       45 ,      142 ,       17 ,       48 ,       61 ,       98 ,      102 ,      110 ,       55 ,      109 ,       88 ,       11 ,      103 ,       43 ,       94 ,      139 ,       67 ,      140 ,       99 ,       23 ,       44 ,       54 ,       64 ,       65 ,       41 ,       83 ,      121 ,       59 ,       81 ,       39 ,       36 ,       12 ,      125 ,       77 ,      117 ,      122 ,       53 ,      113 ,       91 ,      127 ,       33 ,      130 ,       46 ,      105 ,      128 ,        6 ,      104 ,       97 ,      131 ,       49 ,       72 ,       92 ,      112 ,      145 ,      132 ,      133 ,      148 ,      111 ,       75 ,       57 ,      135 ,       66 ,      144 ,       25 ,        1 ,       51 ,       87 ,        5 ,      119 ,       80 ,        0 ,      106 ,      101 ,       16 ,      118 ,       69 ,       93 ,       34 ,       28 ,       95 ,       24 ,       22 ,       42 ,       30 ,        7 ,       90 ,       85 ,      107 ,       21 ,       79 ,       52 ,       89 ,       63 ,      129 ,       68 ,       18 ,       37 ,       73 ,      149 ,      100 ,        3 ,       38 ,       74 ,       76 ,       86 ,       78 ,       82 ,        4 ,      123 ,       56 ,      147 ,       35 ,       26 ,       19 ,      115 ,       13 ,       29 ,      138 ,      146 ,       58 ,      141 ,       71 ,       96 ,       60 ,      126 ,      124 ,       15 ,       84 ,       40 ,       47 ,       14 ,      120 ,       32 ,       31 ,        9 ,      108 ,      143 ,      136 , 
       2 ,        8 ,       20 ,       50 ,      114 ,       70 ,      137 ,      134 ,      116 ,      142 ,       17 ,       62 ,       45 ,       27 ,       10 ,       61 ,       98 ,       48 ,      102 ,       11 ,      109 ,       55 ,      110 ,       43 ,       67 ,      103 ,       88 ,      140 ,       94 ,       23 ,      139 ,       54 ,       44 ,       41 ,       99 ,       65 ,      121 ,       81 ,       64 ,       59 ,       36 ,       83 ,       12 ,       77 ,      122 ,       39 ,       91 ,       53 ,      117 ,      125 ,      113 ,      127 ,       33 ,        6 ,       46 ,      130 ,      105 ,       97 ,      128 ,       72 ,      131 ,       92 ,      104 ,      145 ,       49 ,      132 ,      111 ,      148 ,      135 ,      112 ,       75 ,       57 ,       25 ,      144 ,      133 ,       87 ,        5 ,       66 ,        1 ,       80 ,        0 ,       16 ,       51 ,      101 ,      119 ,      106 ,       28 ,       34 ,       69 ,      118 ,       93 ,       22 ,       42 ,       95 ,       24 ,      107 ,        7 ,       85 ,       90 ,       30 ,       21 ,      129 ,       79 ,       52 ,       37 ,       63 ,       68 ,      149 ,       89 ,       18 ,       74 ,      100 ,       76 ,       73 ,       82 ,        3 ,       38 ,       86 ,        4 ,      147 ,       78 ,       56 ,      123 ,       19 ,       26 ,       35 ,      115 ,      138 ,       58 ,       13 ,       29 ,      141 ,       60 ,      146 ,      126 ,       71 ,       96 ,       15 ,      124 ,      120 ,       40 ,       84 ,       47 ,       31 ,       32 ,       14 ,      136 ,      108 ,      143 ,        9 , 
      20 ,        2 ,        8 ,       50 ,      114 ,      134 ,       70 ,      137 ,       17 ,      116 ,      142 ,       27 ,       61 ,       62 ,       45 ,       10 ,       48 ,       98 ,      102 ,       43 ,       55 ,       11 ,      109 ,      110 ,       67 ,       94 ,      139 ,      103 ,      140 ,       44 ,       88 ,       54 ,       41 ,       99 ,       23 ,       81 ,       65 ,      121 ,       83 ,       59 ,       64 ,       36 ,       77 ,       12 ,       53 ,      122 ,       39 ,      125 ,       33 ,       91 ,      127 ,      130 ,      113 ,      117 ,        6 ,       72 ,       46 ,      128 ,      105 ,      145 ,       92 ,      104 ,       97 ,      111 ,      132 ,       49 ,      131 ,      112 ,      148 ,       57 ,      135 ,       87 ,       75 ,       25 ,       66 ,      133 ,        0 ,        5 ,      144 ,        1 ,       80 ,      106 ,       16 ,      101 ,       51 ,       34 ,      119 ,       28 ,       22 ,       93 ,       69 ,      118 ,       95 ,       42 ,       90 ,       85 ,      107 ,       24 ,      129 ,       21 ,        7 ,       30 ,       52 ,      149 ,       63 ,       37 ,       74 ,       79 ,      100 ,       18 ,       89 ,       68 ,       82 ,       76 ,       73 ,       38 ,       86 ,      147 ,        3 ,       56 ,       26 ,       35 ,        4 ,      123 ,       78 ,       58 ,       29 ,       19 ,      141 ,       13 ,      115 ,      126 ,       71 ,       60 ,       96 ,      138 ,       40 ,      124 ,      146 ,       15 ,       47 ,      120 ,       32 ,       31 ,       84 ,      136 ,       14 ,      108 ,      143 ,        9 , 
       2 ,       20 ,       50 ,      134 ,        8 ,      114 ,      137 ,       70 ,      116 ,       17 ,       62 ,       10 ,      142 ,       27 ,       98 ,       61 ,       48 ,      102 ,       55 ,       45 ,      109 ,       43 ,       67 ,       11 ,      110 ,       94 ,       44 ,      139 ,       88 ,       41 ,      103 ,      140 ,       54 ,       99 ,       23 ,       81 ,       83 ,       65 ,       59 ,       64 ,      121 ,       12 ,       53 ,       77 ,       36 ,       39 ,      125 ,       91 ,      130 ,      122 ,      113 ,      117 ,       72 ,      128 ,       33 ,      127 ,       92 ,       46 ,       97 ,      105 ,        6 ,       49 ,      111 ,      132 ,      145 ,      104 ,       57 ,      148 ,       87 ,       75 ,      131 ,       66 ,      135 ,      133 ,      112 ,        0 ,       25 ,      144 ,        5 ,        1 ,      106 ,      101 ,       34 ,       16 ,       80 ,       51 ,       28 ,       93 ,      119 ,      118 ,       69 ,       22 ,       90 ,       85 ,       42 ,       95 ,      107 ,       21 ,      129 ,        7 ,       30 ,       24 ,       37 ,       63 ,      149 ,       52 ,       74 ,      100 ,       18 ,       79 ,       89 ,       38 ,       73 ,       82 ,       68 ,      147 ,       86 ,       76 ,       56 ,       35 ,       26 ,       78 ,      123 ,        3 ,      141 ,       19 ,       13 ,        4 ,       29 ,       58 ,       60 ,      138 ,       71 ,       96 ,      115 ,      126 ,      146 ,      120 ,       40 ,       32 ,       31 ,       15 ,      124 ,       47 ,       14 ,       84 ,      136 ,      108 ,      143 ,        9 , 
       2 ,       20 ,       50 ,        8 ,      134 ,       70 ,      114 ,      116 ,      137 ,       27 ,      142 ,       62 ,       17 ,       10 ,       98 ,      102 ,      109 ,       45 ,       67 ,       61 ,       55 ,       48 ,      110 ,       43 ,       94 ,      139 ,       88 ,       44 ,       11 ,       41 ,       54 ,      140 ,      103 ,       99 ,       23 ,       59 ,      121 ,       83 ,       12 ,       53 ,       81 ,       64 ,       65 ,      125 ,       77 ,       39 ,       91 ,       36 ,      117 ,      130 ,       72 ,      122 ,      113 ,      127 ,      128 ,      105 ,       97 ,       33 ,       49 ,       46 ,       92 ,        6 ,      111 ,      145 ,      148 ,       57 ,      132 ,       87 ,       66 ,       75 ,      135 ,      112 ,      104 ,      131 ,        5 ,        1 ,       25 ,       34 ,      144 ,      106 ,        0 ,       16 ,      133 ,       51 ,      119 ,       80 ,       42 ,       93 ,      101 ,       69 ,       90 ,       22 ,       28 ,      118 ,       85 ,       21 ,      107 ,       95 ,        7 ,      129 ,       37 ,       30 ,       63 ,      149 ,       24 ,       79 ,       89 ,       52 ,       73 ,      100 ,       74 ,      147 ,       18 ,       86 ,       68 ,       76 ,       38 ,       56 ,       82 ,       26 ,      123 ,      141 ,       35 ,       78 ,       19 ,        3 ,       29 ,       13 ,       58 ,        4 ,       60 ,       71 ,      146 ,      138 ,      120 ,      126 ,       96 ,       40 ,       15 ,       31 ,      115 ,       47 ,       32 ,       84 ,      124 ,       14 ,      108 ,      143 ,      136 ,        9 , 
       2 ,        8 ,       50 ,       70 ,       20 ,      134 ,       27 ,      114 ,      116 ,      137 ,       17 ,      142 ,       62 ,      102 ,      109 ,       98 ,       67 ,       10 ,       45 ,      110 ,       48 ,       61 ,       55 ,       88 ,       43 ,       94 ,       44 ,      139 ,      140 ,       41 ,       11 ,      103 ,       54 ,       23 ,      121 ,       83 ,       81 ,       12 ,       99 ,       59 ,       53 ,       64 ,       65 ,       91 ,       77 ,       39 ,      125 ,       36 ,      130 ,      117 ,       72 ,      122 ,      128 ,       33 ,      127 ,       97 ,      113 ,      105 ,       46 ,       49 ,      148 ,      145 ,        6 ,       57 ,      111 ,       92 ,       75 ,       87 ,       66 ,      132 ,      104 ,        5 ,      112 ,      131 ,      135 ,      144 ,       25 ,       16 ,      106 ,      133 ,        1 ,       34 ,        0 ,       80 ,       93 ,      101 ,       51 ,       90 ,      119 ,       42 ,       69 ,       22 ,       85 ,      118 ,       28 ,       21 ,       95 ,       30 ,      107 ,       63 ,        7 ,       79 ,      129 ,       37 ,      149 ,       89 ,       74 ,      100 ,       52 ,       86 ,       24 ,      147 ,       73 ,       18 ,       26 ,       38 ,       56 ,       76 ,       68 ,      123 ,       82 ,       78 ,        3 ,      141 ,       35 ,       19 ,       13 ,       29 ,       58 ,        4 ,       60 ,      126 ,       71 ,      138 ,       15 ,      146 ,      120 ,      115 ,       96 ,       31 ,       40 ,       47 ,      124 ,       84 ,       32 ,      108 ,       14 ,      143 ,      136 ,        9 , 
       8 ,       50 ,      134 ,        2 ,       70 ,       20 ,      114 ,       27 ,      116 ,      137 ,      142 ,       17 ,       98 ,       67 ,       62 ,       45 ,      109 ,      110 ,      102 ,       10 ,       61 ,       48 ,       94 ,       44 ,       55 ,       88 ,       43 ,      140 ,      139 ,      103 ,       41 ,       23 ,       83 ,       11 ,       81 ,      121 ,       54 ,       99 ,       53 ,       12 ,       64 ,       77 ,       65 ,       36 ,       39 ,       59 ,      125 ,      117 ,       91 ,      130 ,       72 ,       33 ,      128 ,       97 ,      122 ,      127 ,      113 ,       49 ,      105 ,       57 ,      148 ,        6 ,      145 ,       46 ,       87 ,       75 ,       92 ,      111 ,      132 ,      112 ,      104 ,       66 ,        5 ,      135 ,      131 ,      144 ,      106 ,        1 ,       16 ,        0 ,       25 ,       34 ,      101 ,      133 ,       80 ,       51 ,      119 ,       90 ,       93 ,       42 ,       22 ,      118 ,       69 ,       85 ,       30 ,       95 ,      107 ,       21 ,       28 ,       37 ,      149 ,      129 ,        7 ,       79 ,       63 ,       52 ,       86 ,       74 ,       89 ,       73 ,      147 ,      100 ,       18 ,       24 ,       26 ,       38 ,       76 ,      123 ,       82 ,       68 ,       56 ,       78 ,      141 ,       19 ,       35 ,        3 ,        4 ,       60 ,       71 ,      138 ,       29 ,       58 ,       13 ,      115 ,      126 ,       15 ,      120 ,      146 ,       40 ,       96 ,      124 ,      108 ,       31 ,       47 ,       32 ,       84 ,      136 ,      143 ,       14 ,        9 , 
     134 ,        8 ,       70 ,        2 ,      116 ,      137 ,      114 ,       50 ,       20 ,       27 ,      142 ,       17 ,       62 ,      110 ,      109 ,       67 ,      102 ,       10 ,       98 ,       45 ,       48 ,       61 ,       94 ,       44 ,       55 ,      103 ,      140 ,       43 ,       23 ,       88 ,      139 ,       81 ,       11 ,       41 ,       53 ,       83 ,      121 ,       99 ,       12 ,       65 ,       54 ,       77 ,       59 ,       64 ,       36 ,       39 ,       72 ,      130 ,      125 ,      117 ,      128 ,      122 ,       91 ,       33 ,      113 ,       97 ,      148 ,       49 ,      105 ,      127 ,       57 ,       87 ,        6 ,       75 ,      145 ,       46 ,      111 ,       92 ,      104 ,      112 ,      132 ,       66 ,      131 ,      144 ,      135 ,        5 ,      106 ,        0 ,       16 ,       25 ,        1 ,       51 ,      133 ,       90 ,       80 ,      119 ,       34 ,       22 ,       42 ,      101 ,       85 ,       93 ,       21 ,       95 ,       28 ,       69 ,      118 ,       30 ,      107 ,       37 ,      129 ,       79 ,        7 ,       63 ,      149 ,       73 ,       74 ,      147 ,       52 ,       89 ,       86 ,       24 ,      100 ,       76 ,       18 ,       26 ,      123 ,       38 ,      141 ,       82 ,       68 ,       78 ,       19 ,       56 ,       60 ,        4 ,        3 ,       35 ,       71 ,       29 ,       13 ,      138 ,       58 ,      126 ,      146 ,      120 ,       15 ,      115 ,       40 ,      108 ,       96 ,      124 ,       84 ,       32 ,      143 ,       31 ,       47 ,       14 ,      136 ,        9 , 
