919 , 150 , 10 , 9637 , ILS
      69 ,        9 ,      115 ,      100 ,      128 ,       89 ,       90 ,       59 ,       77 ,      135 ,       68 ,      148 ,       11 ,        6 ,      107 ,       64 ,       34 ,       72 ,       78 ,       49 ,       41 ,       99 ,      145 ,       62 ,       46 ,       70 ,       57 ,      130 ,       61 ,      111 ,       39 ,      129 ,       75 ,       51 ,      133 ,      126 ,       18 ,      105 ,       66 ,      142 ,      114 ,      141 ,       87 ,      122 ,       76 ,      137 ,       95 ,       43 ,       20 ,       92 ,      147 ,       60 ,       52 ,      143 ,      109 ,       42 ,       38 ,       26 ,       97 ,       31 ,      117 ,      125 ,       58 ,        1 ,       67 ,       81 ,       65 ,       93 ,      120 ,      116 ,       17 ,       56 ,      138 ,        0 ,        8 ,       21 ,       19 ,       53 ,      144 ,       83 ,       33 ,       24 ,      136 ,       91 ,      132 ,      110 ,       44 ,      140 ,       16 ,       25 ,      123 ,      127 ,       54 ,       37 ,      103 ,       30 ,      119 ,       29 ,       50 ,       12 ,      101 ,       47 ,      146 ,       40 ,      149 ,       74 ,      106 ,       36 ,       14 ,       23 ,        7 ,       22 ,       80 ,       71 ,        5 ,       35 ,       85 ,      139 ,       27 ,       48 ,       73 ,       45 ,       84 ,      131 ,       32 ,       13 ,        4 ,       63 ,      118 ,       10 ,      112 ,       98 ,      121 ,      102 ,        2 ,       55 ,       96 ,      104 ,        3 ,       94 ,      113 ,       86 ,      134 ,       88 ,       82 ,      124 ,      108 ,       15 ,       28 ,       79 , 
     115 ,       69 ,        9 ,      128 ,      100 ,       89 ,       90 ,       59 ,       68 ,       77 ,      148 ,      135 ,        6 ,       11 ,      107 ,       72 ,       34 ,       64 ,       41 ,       49 ,       78 ,       62 ,       46 ,       99 ,       57 ,      145 ,      130 ,       70 ,      111 ,       61 ,       39 ,       51 ,       75 ,      133 ,      129 ,       18 ,      105 ,      142 ,       66 ,      141 ,      126 ,      114 ,       87 ,      122 ,       76 ,      137 ,       43 ,       92 ,       95 ,       20 ,       60 ,      143 ,       52 ,      147 ,      109 ,       26 ,       38 ,       31 ,       97 ,       42 ,      125 ,      117 ,       58 ,        1 ,       67 ,        8 ,       93 ,       65 ,      116 ,       19 ,       17 ,      120 ,        0 ,      138 ,       81 ,       24 ,       53 ,       56 ,      144 ,       83 ,      136 ,      110 ,      132 ,       91 ,       33 ,       21 ,       44 ,       16 ,      140 ,      127 ,      123 ,       25 ,       37 ,       54 ,       80 ,       50 ,      103 ,        7 ,      101 ,       12 ,      119 ,       40 ,       74 ,      149 ,       47 ,       36 ,      106 ,       23 ,      146 ,       29 ,       30 ,      139 ,        5 ,       71 ,       35 ,       22 ,       85 ,       14 ,      102 ,       27 ,       48 ,       84 ,       13 ,       45 ,      121 ,      131 ,        4 ,       63 ,      112 ,       98 ,       10 ,       32 ,       73 ,      118 ,       55 ,       96 ,        2 ,        3 ,      104 ,       94 ,      124 ,      113 ,      134 ,       86 ,      108 ,       15 ,       88 ,       82 ,       28 ,       79 , 
     115 ,        9 ,       69 ,      128 ,      100 ,       89 ,       90 ,       59 ,       77 ,       68 ,      148 ,       11 ,      107 ,      135 ,        6 ,       72 ,       34 ,       64 ,       41 ,       78 ,       62 ,       49 ,       46 ,       57 ,      145 ,       99 ,      130 ,      111 ,       61 ,       70 ,       75 ,      133 ,       39 ,       51 ,       18 ,      129 ,      142 ,      105 ,       66 ,      126 ,      141 ,      122 ,      114 ,       87 ,       43 ,       92 ,      137 ,       76 ,       20 ,      143 ,       95 ,       52 ,      109 ,       60 ,       38 ,      147 ,       97 ,       42 ,       26 ,       31 ,      125 ,       58 ,      117 ,        1 ,        8 ,       67 ,       93 ,      116 ,       65 ,       19 ,       17 ,        0 ,      120 ,       81 ,      138 ,       24 ,       53 ,       56 ,      144 ,       83 ,      132 ,      136 ,      110 ,       91 ,       21 ,       44 ,       33 ,       16 ,      140 ,      123 ,       37 ,      127 ,       25 ,       54 ,      103 ,        7 ,       80 ,       50 ,      119 ,       40 ,      101 ,      149 ,       12 ,       47 ,       36 ,       74 ,      106 ,      146 ,       23 ,       30 ,       29 ,      139 ,        5 ,       22 ,       85 ,       35 ,      102 ,       71 ,       27 ,       48 ,       14 ,       45 ,       13 ,       84 ,      131 ,       63 ,      121 ,        4 ,       98 ,       10 ,      112 ,       32 ,       73 ,       55 ,        2 ,      118 ,      104 ,        3 ,       96 ,      113 ,       94 ,      134 ,      124 ,       86 ,      108 ,       15 ,       88 ,       82 ,       28 ,       79 , 
     115 ,        9 ,       69 ,      128 ,      100 ,       89 ,       77 ,       59 ,       90 ,       68 ,      107 ,      148 ,       11 ,      135 ,       34 ,        6 ,       41 ,       72 ,       78 ,       49 ,       64 ,       62 ,       57 ,      145 ,       46 ,      111 ,       99 ,       61 ,      130 ,       75 ,       70 ,      133 ,       51 ,       39 ,       18 ,      105 ,      142 ,      129 ,       66 ,      122 ,      126 ,      141 ,      114 ,       43 ,       92 ,       87 ,      137 ,       20 ,       76 ,      143 ,       95 ,       60 ,       52 ,      109 ,       97 ,      147 ,       42 ,       26 ,       38 ,       31 ,      125 ,        1 ,       58 ,      117 ,        8 ,       93 ,       67 ,       65 ,      116 ,       19 ,      120 ,        0 ,       17 ,       81 ,      138 ,       24 ,      144 ,       53 ,       56 ,       83 ,      132 ,      136 ,      110 ,       21 ,       91 ,       44 ,       16 ,       33 ,      140 ,      127 ,      123 ,       37 ,       54 ,      103 ,        7 ,       80 ,       25 ,       50 ,      101 ,      119 ,      149 ,       40 ,       36 ,       12 ,       74 ,       47 ,      106 ,       30 ,      146 ,       23 ,       29 ,        5 ,       22 ,       35 ,      139 ,       85 ,      102 ,       48 ,       71 ,       14 ,       27 ,       45 ,       13 ,      131 ,      121 ,       84 ,       63 ,        4 ,       98 ,      112 ,       10 ,       32 ,       73 ,        2 ,       55 ,      104 ,      118 ,        3 ,       96 ,      134 ,      113 ,       94 ,       86 ,      108 ,      124 ,       88 ,       82 ,       15 ,       79 ,       28 , 
     115 ,       69 ,        9 ,      128 ,      100 ,       77 ,       90 ,       59 ,       89 ,      107 ,       68 ,      148 ,       11 ,      135 ,       41 ,       34 ,       78 ,        6 ,       49 ,       72 ,       57 ,       64 ,       62 ,       46 ,      145 ,      111 ,       61 ,       99 ,      130 ,       70 ,       75 ,       39 ,      133 ,      105 ,       51 ,      142 ,       18 ,       66 ,      129 ,      122 ,      126 ,      141 ,       43 ,      114 ,       87 ,      137 ,       92 ,       76 ,      143 ,       95 ,       20 ,       52 ,      109 ,       60 ,       97 ,      147 ,       42 ,       26 ,       38 ,       31 ,      125 ,      117 ,       58 ,       93 ,        1 ,       67 ,        8 ,       19 ,       65 ,      116 ,      120 ,       17 ,       81 ,        0 ,      138 ,      144 ,       24 ,       56 ,       53 ,       83 ,      132 ,      136 ,       91 ,       21 ,      110 ,       33 ,       16 ,       44 ,      123 ,      140 ,      127 ,       37 ,       54 ,      103 ,        7 ,       80 ,       50 ,       25 ,      101 ,      119 ,       40 ,      149 ,       36 ,       74 ,       12 ,      106 ,       47 ,      146 ,       30 ,       23 ,       22 ,        5 ,       29 ,       85 ,      139 ,      102 ,       35 ,       48 ,       71 ,       14 ,       45 ,      131 ,       13 ,      121 ,       27 ,        4 ,       84 ,       63 ,       10 ,       98 ,       32 ,      112 ,       73 ,        2 ,      118 ,       55 ,        3 ,      104 ,       96 ,       94 ,      113 ,       86 ,      134 ,      124 ,       88 ,      108 ,       79 ,       82 ,       28 ,       15 , 
       9 ,       69 ,      115 ,      100 ,      128 ,       77 ,       90 ,       89 ,       59 ,      148 ,       11 ,       68 ,      107 ,      135 ,       41 ,       34 ,       78 ,        6 ,       49 ,       72 ,       57 ,       46 ,       64 ,       62 ,      111 ,      145 ,       61 ,       99 ,      130 ,       39 ,       75 ,       70 ,       51 ,      133 ,      105 ,      142 ,       18 ,       66 ,      129 ,      126 ,      122 ,      114 ,       87 ,      137 ,      141 ,       76 ,       92 ,       43 ,      143 ,       20 ,       95 ,       60 ,      109 ,       52 ,      147 ,       42 ,       26 ,       97 ,       31 ,       38 ,       58 ,      125 ,      117 ,       67 ,       93 ,        1 ,        8 ,       19 ,       65 ,      116 ,      120 ,        0 ,      138 ,       17 ,       81 ,       24 ,      144 ,       56 ,       53 ,       83 ,      136 ,      132 ,       91 ,       33 ,       21 ,      110 ,       44 ,       16 ,      123 ,      127 ,      140 ,       37 ,       54 ,      103 ,       80 ,        7 ,      101 ,       25 ,       50 ,      149 ,      119 ,       36 ,       74 ,       40 ,       12 ,       47 ,      106 ,      146 ,       23 ,       22 ,       30 ,       29 ,      139 ,       85 ,       35 ,      102 ,        5 ,       48 ,       71 ,       14 ,      131 ,       45 ,       27 ,       13 ,      121 ,       84 ,        4 ,       63 ,       10 ,       98 ,       32 ,       73 ,      112 ,      118 ,       55 ,        2 ,      104 ,        3 ,       94 ,       86 ,       96 ,      113 ,       88 ,      134 ,      124 ,      108 ,       79 ,       82 ,       28 ,       15 , 
     115 ,        9 ,       69 ,      128 ,      100 ,       77 ,       59 ,       90 ,       89 ,       11 ,      148 ,      135 ,       68 ,      107 ,       34 ,       41 ,        6 ,       78 ,       72 ,       46 ,       49 ,       64 ,       57 ,      145 ,       62 ,      111 ,       99 ,       61 ,      130 ,       75 ,       39 ,      133 ,       51 ,       70 ,      105 ,      142 ,      129 ,       66 ,       18 ,      114 ,      122 ,       87 ,      141 ,      126 ,       76 ,      137 ,      143 ,       20 ,       43 ,       92 ,      109 ,       95 ,       60 ,      147 ,       52 ,       26 ,       42 ,       31 ,       38 ,       58 ,       97 ,      125 ,       67 ,       93 ,      117 ,       19 ,        1 ,      116 ,        8 ,       65 ,        0 ,      120 ,      138 ,       17 ,       81 ,       56 ,       53 ,       24 ,      144 ,       83 ,       91 ,      132 ,      136 ,       33 ,      110 ,       21 ,       44 ,      127 ,       16 ,      123 ,      140 ,      103 ,       37 ,       54 ,        7 ,       80 ,      101 ,       25 ,      119 ,       50 ,      149 ,       36 ,       40 ,       74 ,      106 ,      146 ,       23 ,       47 ,       12 ,       22 ,       30 ,      139 ,       29 ,       35 ,       85 ,        5 ,       48 ,      102 ,       14 ,       71 ,      131 ,       27 ,      121 ,       13 ,       45 ,       84 ,        4 ,       98 ,       63 ,       10 ,       73 ,      112 ,        2 ,       32 ,      104 ,      118 ,       55 ,       94 ,       96 ,        3 ,      113 ,       86 ,      134 ,      124 ,       79 ,       88 ,       15 ,       82 ,       28 ,      108 , 
      69 ,      115 ,        9 ,      128 ,      100 ,       59 ,       77 ,       90 ,       89 ,      135 ,       11 ,      148 ,       68 ,       34 ,      107 ,        6 ,       41 ,       72 ,       46 ,       78 ,       57 ,       64 ,       49 ,      145 ,       62 ,      111 ,      130 ,       61 ,       99 ,       75 ,       39 ,       51 ,      133 ,       70 ,      105 ,      142 ,       66 ,      114 ,      129 ,       18 ,      122 ,       87 ,      141 ,       76 ,      143 ,      126 ,      137 ,       92 ,       43 ,       95 ,       20 ,      147 ,       52 ,      109 ,       42 ,       26 ,       60 ,       58 ,       38 ,       97 ,       31 ,       67 ,       93 ,      117 ,      125 ,      116 ,       19 ,        1 ,        0 ,       65 ,        8 ,       17 ,      120 ,      138 ,       56 ,       81 ,       24 ,       83 ,       53 ,      144 ,      132 ,       91 ,       33 ,      136 ,       21 ,      110 ,      127 ,       44 ,       16 ,      140 ,      103 ,      123 ,       37 ,        7 ,       54 ,       25 ,      101 ,       80 ,       50 ,       36 ,      149 ,      119 ,      106 ,       40 ,       23 ,       74 ,      146 ,       47 ,       22 ,       12 ,       30 ,      139 ,       29 ,        5 ,       35 ,       85 ,      102 ,       71 ,       48 ,       14 ,      131 ,       27 ,       13 ,      121 ,       84 ,       98 ,        4 ,       10 ,       45 ,       73 ,      112 ,       63 ,      104 ,       32 ,        2 ,       55 ,       96 ,      118 ,       94 ,       86 ,        3 ,      124 ,      134 ,      113 ,       79 ,       88 ,       15 ,       82 ,      108 ,       28 , 
      69 ,      115 ,        9 ,      100 ,      128 ,       77 ,       90 ,       59 ,       89 ,      135 ,       68 ,       11 ,      148 ,       34 ,      107 ,       41 ,       46 ,        6 ,       72 ,       64 ,       78 ,      145 ,       57 ,       49 ,       62 ,      111 ,       99 ,      130 ,       61 ,       51 ,       39 ,       75 ,      105 ,      133 ,       70 ,      142 ,      114 ,       66 ,      129 ,       18 ,      122 ,      141 ,       87 ,       76 ,      126 ,      137 ,       43 ,       92 ,       20 ,      147 ,      143 ,       52 ,       95 ,      109 ,       42 ,       58 ,       60 ,       97 ,       26 ,       38 ,       67 ,       93 ,       31 ,      116 ,      117 ,       19 ,        1 ,      125 ,        0 ,       65 ,        8 ,       17 ,      120 ,      138 ,       24 ,       81 ,       56 ,      144 ,       83 ,      132 ,       53 ,       91 ,       33 ,      136 ,       21 ,      110 ,      127 ,       44 ,      140 ,      103 ,       16 ,        7 ,      123 ,       54 ,       25 ,       37 ,       50 ,       80 ,       36 ,      101 ,      149 ,       40 ,      119 ,      106 ,       23 ,       47 ,       74 ,      146 ,       30 ,       12 ,       29 ,       22 ,      139 ,        5 ,       85 ,       35 ,      102 ,       71 ,      131 ,       48 ,       14 ,       27 ,      121 ,       13 ,       84 ,        4 ,       98 ,       45 ,      112 ,       10 ,       73 ,      104 ,       63 ,       32 ,        2 ,       55 ,       96 ,      118 ,       94 ,        3 ,       86 ,      124 ,       79 ,      134 ,       15 ,      113 ,      108 ,       82 ,       88 ,       28 , 
      69 ,      115 ,        9 ,      100 ,       59 ,       90 ,       77 ,      128 ,       89 ,       68 ,      135 ,       11 ,       34 ,      148 ,       41 ,        6 ,       46 ,      107 ,       72 ,       64 ,      145 ,       78 ,       57 ,       49 ,       62 ,      111 ,       99 ,      130 ,       61 ,       51 ,       39 ,       75 ,      105 ,      133 ,      142 ,       70 ,      129 ,       66 ,      114 ,       18 ,      141 ,      122 ,       87 ,       76 ,      126 ,      137 ,       20 ,       43 ,      147 ,       92 ,      143 ,       95 ,       52 ,       42 ,       58 ,       60 ,      109 ,       26 ,       38 ,       93 ,       97 ,       67 ,      116 ,       31 ,        1 ,       19 ,      125 ,       65 ,      120 ,        8 ,        0 ,      117 ,      138 ,       17 ,       81 ,       24 ,       56 ,      144 ,      132 ,       91 ,       33 ,       83 ,       53 ,      136 ,       21 ,      110 ,      127 ,       44 ,      140 ,      103 ,       16 ,       54 ,        7 ,      123 ,       50 ,       37 ,       36 ,       25 ,      149 ,       80 ,       40 ,      119 ,      101 ,       23 ,       47 ,      146 ,       30 ,      106 ,       74 ,       12 ,       29 ,        5 ,       22 ,      139 ,       85 ,      102 ,       35 ,      131 ,       71 ,       48 ,       14 ,      121 ,       27 ,       84 ,        4 ,       45 ,       13 ,      112 ,       98 ,      104 ,       10 ,       32 ,       73 ,       63 ,        2 ,       55 ,       96 ,      118 ,       94 ,        3 ,       86 ,      124 ,      134 ,       79 ,       88 ,      113 ,      108 ,       28 ,       15 ,       82 , 
