897 , 200 , 10 , 272110 , ILST
      21 ,      119 ,       18 ,       60 ,      144 ,      160 ,      145 ,      110 ,       24 ,      114 ,       89 ,       50 ,       61 ,       52 ,       98 ,       92 ,      190 ,      177 ,       16 ,      133 ,      104 ,      137 ,      192 ,        6 ,       35 ,      126 ,       45 ,      140 ,      156 ,        7 ,      197 ,        9 ,       40 ,      199 ,      184 ,       99 ,       65 ,      170 ,       68 ,      109 ,       49 ,       71 ,      171 ,       20 ,      121 ,       90 ,      111 ,      102 ,      151 ,      138 ,       44 ,       11 ,       15 ,      169 ,      100 ,      146 ,      147 ,       27 ,       32 ,      132 ,       84 ,      127 ,       58 ,      129 ,      195 ,       59 ,      167 ,      162 ,       75 ,       83 ,      196 ,      123 ,        0 ,       48 ,       55 ,       87 ,       62 ,       72 ,       30 ,       95 ,       47 ,      166 ,      186 ,       80 ,      135 ,      125 ,       57 ,      191 ,        8 ,      188 ,       91 ,      180 ,       86 ,      116 ,       85 ,        3 ,       78 ,      134 ,       73 ,      198 ,       97 ,      118 ,       39 ,      149 ,       29 ,      185 ,      120 ,      106 ,       37 ,      124 ,      158 ,        4 ,      181 ,      154 ,      108 ,      183 ,      112 ,       70 ,      176 ,       17 ,      165 ,       69 ,      143 ,       12 ,       79 ,      139 ,      142 ,       34 ,      164 ,      122 ,       33 ,       88 ,       46 ,      159 ,      113 ,       41 ,      179 ,       54 ,       22 ,       28 ,      105 ,       23 ,       42 ,       94 ,       96 ,      168 ,      174 ,      157 ,      178 ,      148 ,      150 ,        2 ,      152 ,      128 ,       51 ,      115 ,       56 ,      182 ,       81 ,       26 ,       82 ,       64 ,        1 ,       31 ,       67 ,      155 ,       25 ,       74 ,      161 ,      153 ,       66 ,      101 ,      130 ,       19 ,      173 ,       77 ,      141 ,      175 ,      107 ,        5 ,      136 ,      103 ,       43 ,      131 ,      193 ,       76 ,       53 ,       14 ,      163 ,       36 ,      194 ,      172 ,      189 ,      117 ,       93 ,       10 ,       63 ,       13 ,      187 ,       38 , 
     119 ,       18 ,       60 ,       21 ,      160 ,      144 ,      114 ,       89 ,       24 ,      110 ,       61 ,      145 ,      190 ,       98 ,       52 ,       16 ,      133 ,       50 ,       92 ,      137 ,      177 ,        6 ,      104 ,      140 ,      192 ,       35 ,      156 ,       45 ,      126 ,        7 ,        9 ,       40 ,       99 ,      197 ,      199 ,      184 ,       49 ,       71 ,       65 ,       20 ,      109 ,      171 ,      170 ,       68 ,      102 ,      138 ,       44 ,       90 ,      121 ,      111 ,      151 ,       15 ,       11 ,       27 ,      147 ,      169 ,       84 ,       32 ,      146 ,      132 ,      127 ,      100 ,      129 ,       58 ,       75 ,      162 ,       59 ,      195 ,      196 ,      167 ,       83 ,        0 ,      123 ,       55 ,       30 ,       48 ,       95 ,       87 ,       72 ,       62 ,       47 ,      186 ,      166 ,       80 ,      135 ,      125 ,      191 ,       57 ,        8 ,       91 ,      188 ,      116 ,      134 ,        3 ,       85 ,      180 ,       73 ,       86 ,      198 ,       39 ,       97 ,       78 ,      118 ,      149 ,      106 ,      120 ,       29 ,      124 ,      158 ,      185 ,       37 ,      108 ,      181 ,      183 ,        4 ,      176 ,      165 ,      154 ,       70 ,       69 ,      112 ,      139 ,       17 ,       12 ,      143 ,       79 ,       34 ,      142 ,       88 ,      164 ,      159 ,      122 ,       46 ,       33 ,      113 ,       28 ,      105 ,       41 ,      179 ,       94 ,       54 ,       22 ,       42 ,      168 ,      178 ,      174 ,      157 ,       23 ,       96 ,        2 ,      128 ,       51 ,      148 ,      152 ,       26 ,       81 ,      115 ,       56 ,      150 ,       64 ,       82 ,       67 ,       31 ,        1 ,      161 ,      155 ,      182 ,      153 ,       66 ,       25 ,       74 ,      130 ,      101 ,       19 ,      173 ,        5 ,      103 ,      136 ,       14 ,      141 ,      107 ,       76 ,       77 ,      175 ,      193 ,      131 ,       43 ,      163 ,      172 ,      117 ,       53 ,       10 ,       36 ,      194 ,       63 ,      189 ,      187 ,       13 ,       93 ,       38 , 
     119 ,      144 ,       18 ,      160 ,       24 ,       60 ,      110 ,      114 ,      145 ,      190 ,       89 ,       16 ,       21 ,      133 ,       61 ,       92 ,       98 ,      177 ,       50 ,       52 ,        6 ,      137 ,      192 ,      140 ,      104 ,        7 ,       35 ,       45 ,       99 ,      126 ,       40 ,      156 ,      184 ,       49 ,      199 ,        9 ,       20 ,      197 ,      109 ,      170 ,       71 ,      171 ,       44 ,      138 ,       65 ,      111 ,      102 ,       68 ,       90 ,      121 ,       27 ,       11 ,       84 ,      169 ,      151 ,       15 ,      147 ,      132 ,       32 ,      127 ,      146 ,      129 ,       59 ,       58 ,      162 ,      100 ,      167 ,       75 ,      195 ,        0 ,      196 ,       48 ,       30 ,       83 ,       55 ,      123 ,       47 ,       87 ,       95 ,       62 ,       72 ,      186 ,      125 ,       80 ,      166 ,       91 ,        8 ,       57 ,      134 ,      135 ,      191 ,       85 ,      116 ,       73 ,      188 ,      180 ,       86 ,        3 ,      118 ,       97 ,       39 ,      198 ,      106 ,       78 ,      124 ,       29 ,       37 ,      149 ,      120 ,      181 ,      183 ,      158 ,      108 ,        4 ,      185 ,      165 ,      112 ,       69 ,      176 ,       70 ,      154 ,       17 ,       12 ,      139 ,      142 ,      143 ,       34 ,       88 ,      159 ,      164 ,      122 ,       79 ,      113 ,       46 ,       33 ,      105 ,      179 ,       22 ,       28 ,       41 ,       54 ,       94 ,       42 ,      178 ,      174 ,       23 ,      168 ,      128 ,       96 ,      157 ,        2 ,      148 ,       26 ,      152 ,       51 ,      150 ,      115 ,       82 ,       56 ,       81 ,       31 ,       64 ,        1 ,       67 ,      155 ,      182 ,      153 ,      161 ,       25 ,       66 ,       74 ,      130 ,      103 ,      101 ,       19 ,      173 ,      136 ,       14 ,      131 ,      141 ,      117 ,       77 ,      193 ,      175 ,        5 ,       76 ,       43 ,      107 ,      163 ,      172 ,       36 ,       53 ,       10 ,      194 ,      189 ,       63 ,      187 ,       13 ,       93 ,       38 , 
     144 ,       24 ,      110 ,      160 ,       18 ,      119 ,       89 ,       16 ,      145 ,      190 ,       60 ,      114 ,      133 ,       21 ,       98 ,       92 ,       61 ,      177 ,       52 ,       50 ,        6 ,      137 ,      140 ,      192 ,        7 ,      126 ,      104 ,       40 ,       99 ,       35 ,       45 ,      199 ,      184 ,       20 ,      197 ,      156 ,        9 ,       49 ,      109 ,      171 ,       44 ,      170 ,       65 ,      102 ,      138 ,       71 ,       68 ,       11 ,      111 ,       90 ,      121 ,       84 ,      151 ,       15 ,       27 ,      169 ,      127 ,      147 ,      129 ,      132 ,      146 ,       32 ,      100 ,       75 ,      162 ,       59 ,      196 ,       58 ,      167 ,       30 ,        0 ,      195 ,       83 ,       48 ,       47 ,       55 ,      123 ,       87 ,       62 ,      125 ,       80 ,       72 ,       95 ,      186 ,        8 ,      166 ,       91 ,      134 ,       57 ,       85 ,      188 ,      191 ,      135 ,      116 ,       86 ,      180 ,        3 ,       73 ,       39 ,       78 ,      118 ,      124 ,      198 ,       97 ,      149 ,      106 ,      120 ,       29 ,      158 ,      108 ,       37 ,      183 ,      112 ,        4 ,      185 ,      181 ,       70 ,      165 ,      154 ,       69 ,      142 ,       17 ,      139 ,      176 ,       34 ,       12 ,      143 ,      122 ,       88 ,      159 ,      164 ,      105 ,       79 ,       22 ,       33 ,       46 ,      113 ,       28 ,      179 ,       54 ,       94 ,      174 ,       42 ,       41 ,      128 ,       23 ,      178 ,       96 ,      168 ,       26 ,      157 ,       51 ,      150 ,      152 ,        2 ,      115 ,      148 ,       31 ,       82 ,       64 ,      155 ,       81 ,       67 ,       56 ,      153 ,        1 ,      161 ,       74 ,      182 ,       25 ,       19 ,       66 ,      101 ,      136 ,      130 ,      141 ,      173 ,      103 ,       77 ,      131 ,      193 ,      117 ,       14 ,      163 ,       36 ,       76 ,        5 ,      175 ,      107 ,      172 ,       43 ,       53 ,       10 ,       13 ,      194 ,      189 ,      187 ,       38 ,       63 ,       93 , 
      24 ,      110 ,      144 ,      119 ,       89 ,      160 ,       18 ,      145 ,       16 ,      190 ,       60 ,       21 ,      114 ,       61 ,       52 ,      177 ,      133 ,      137 ,       98 ,       50 ,       92 ,        7 ,        6 ,      192 ,      140 ,      126 ,      104 ,       45 ,       40 ,      184 ,       35 ,      156 ,       20 ,       99 ,      199 ,       49 ,      197 ,      170 ,      109 ,        9 ,       65 ,       44 ,       68 ,      171 ,      102 ,      111 ,       71 ,       11 ,      138 ,      151 ,       15 ,       84 ,      121 ,       90 ,      129 ,      127 ,       27 ,      147 ,      146 ,      169 ,       75 ,       32 ,      162 ,      196 ,      100 ,      132 ,       59 ,       58 ,      195 ,        0 ,      167 ,       30 ,       47 ,       55 ,       48 ,       83 ,       62 ,      123 ,       87 ,       72 ,       80 ,      125 ,       91 ,      166 ,        8 ,       95 ,      186 ,      134 ,      188 ,       85 ,      191 ,       86 ,      135 ,       57 ,      116 ,        3 ,       39 ,       73 ,      198 ,      118 ,      180 ,      149 ,       78 ,      120 ,      158 ,      124 ,      106 ,       29 ,       97 ,        4 ,      108 ,      185 ,       70 ,      165 ,      183 ,       37 ,      112 ,       17 ,      142 ,      181 ,      139 ,      154 ,       34 ,       69 ,      176 ,      122 ,      143 ,       12 ,      164 ,       88 ,      159 ,       22 ,      113 ,       28 ,      105 ,       46 ,       79 ,       54 ,       33 ,       42 ,       41 ,      179 ,       23 ,      174 ,       94 ,      168 ,      178 ,      128 ,       51 ,       96 ,      157 ,       26 ,        2 ,      152 ,      150 ,      148 ,      115 ,       81 ,       31 ,       82 ,      155 ,       56 ,       64 ,        1 ,       67 ,      153 ,      182 ,      161 ,       66 ,       74 ,      101 ,       25 ,      130 ,      173 ,       19 ,      103 ,      131 ,      193 ,      136 ,      141 ,      117 ,       77 ,       36 ,       14 ,        5 ,      175 ,       43 ,      163 ,       76 ,      107 ,       53 ,      172 ,       10 ,      189 ,       13 ,      187 ,       63 ,      194 ,       93 ,       38 , 
     144 ,       24 ,      110 ,      160 ,       16 ,       89 ,      119 ,      190 ,       18 ,       61 ,      145 ,      114 ,      177 ,       21 ,       60 ,       52 ,      133 ,      137 ,       92 ,        6 ,       98 ,        7 ,      140 ,       50 ,      104 ,      192 ,       40 ,       35 ,       45 ,      126 ,      184 ,       49 ,       99 ,      170 ,      156 ,        9 ,       20 ,      197 ,      199 ,       68 ,       44 ,      109 ,      102 ,       71 ,      171 ,       65 ,       11 ,       84 ,       15 ,      111 ,      129 ,      151 ,      138 ,       90 ,      169 ,      147 ,       27 ,      127 ,      121 ,       75 ,      146 ,      162 ,      100 ,       32 ,      196 ,      132 ,      195 ,       58 ,       59 ,       55 ,        0 ,      167 ,       47 ,       30 ,       48 ,       62 ,      123 ,       83 ,       91 ,       72 ,       87 ,        8 ,       95 ,      166 ,       80 ,      125 ,      188 ,      134 ,      191 ,       57 ,       86 ,      186 ,       85 ,        3 ,       73 ,      135 ,      118 ,      116 ,       39 ,      120 ,      180 ,      198 ,       78 ,      106 ,      158 ,      124 ,        4 ,      149 ,       97 ,      185 ,       29 ,       70 ,      108 ,      165 ,       17 ,      142 ,       37 ,      139 ,      181 ,      183 ,       34 ,      112 ,       69 ,      154 ,      164 ,       12 ,      143 ,      122 ,      176 ,      159 ,       28 ,      113 ,       88 ,       46 ,       54 ,       22 ,      105 ,       42 ,       23 ,       79 ,      179 ,       33 ,       41 ,      168 ,      178 ,       94 ,       51 ,      174 ,        2 ,       96 ,      128 ,      157 ,       26 ,      150 ,      148 ,      152 ,       82 ,       81 ,      115 ,       64 ,       31 ,       56 ,       67 ,      155 ,       66 ,      182 ,        1 ,       74 ,      101 ,      153 ,       25 ,      173 ,      103 ,      130 ,      161 ,       19 ,      131 ,      141 ,      193 ,       14 ,      136 ,        5 ,       43 ,       77 ,      117 ,       36 ,       53 ,      163 ,      175 ,       76 ,       10 ,      189 ,       13 ,      187 ,      172 ,      107 ,       63 ,       93 ,      194 ,       38 , 
      24 ,      144 ,       16 ,      110 ,      190 ,      160 ,      119 ,       89 ,       18 ,       21 ,      114 ,       61 ,       52 ,      177 ,      145 ,      133 ,      137 ,       92 ,        7 ,      140 ,       60 ,        6 ,      104 ,       50 ,       98 ,       40 ,      126 ,      192 ,       35 ,       49 ,       45 ,       99 ,      184 ,      197 ,      199 ,        9 ,      170 ,      156 ,       20 ,       68 ,      109 ,       71 ,       44 ,      102 ,       11 ,       65 ,      129 ,      151 ,      171 ,      111 ,       15 ,      169 ,       84 ,      138 ,      121 ,       90 ,      127 ,       27 ,      147 ,      162 ,       75 ,      146 ,      196 ,       32 ,      100 ,       58 ,       59 ,        0 ,      167 ,      132 ,      195 ,       47 ,       55 ,       48 ,       83 ,       30 ,       62 ,       72 ,       91 ,      123 ,       87 ,      166 ,       95 ,      134 ,        8 ,      188 ,       86 ,       57 ,      191 ,       80 ,       85 ,      125 ,      186 ,      135 ,       73 ,      120 ,      118 ,       39 ,        3 ,      116 ,      158 ,      198 ,       78 ,      106 ,      180 ,      124 ,      149 ,       70 ,      108 ,      185 ,        4 ,       97 ,       37 ,      165 ,      142 ,       29 ,       17 ,      183 ,       34 ,      181 ,      112 ,      139 ,      154 ,      122 ,       69 ,      164 ,      143 ,      113 ,       12 ,       28 ,       46 ,       22 ,       54 ,      176 ,      105 ,       88 ,      159 ,       41 ,       79 ,       42 ,      168 ,       23 ,      178 ,       33 ,      179 ,       94 ,        2 ,       51 ,      174 ,      128 ,      148 ,       96 ,      150 ,       26 ,      157 ,      152 ,      115 ,       82 ,       81 ,       56 ,       31 ,       67 ,        1 ,       66 ,       64 ,      155 ,      101 ,       74 ,      182 ,      130 ,      173 ,      103 ,      153 ,      161 ,       25 ,       19 ,       14 ,      193 ,      141 ,      131 ,      136 ,        5 ,       53 ,      117 ,       36 ,      175 ,       77 ,       43 ,      163 ,       76 ,       10 ,      187 ,      189 ,       13 ,      107 ,      194 ,       63 ,       93 ,      172 ,       38 , 
      16 ,      110 ,      144 ,      160 ,      190 ,       24 ,       18 ,      119 ,       21 ,       89 ,       52 ,      114 ,      145 ,       61 ,      177 ,      133 ,      140 ,        7 ,       92 ,      137 ,       60 ,      104 ,       40 ,       50 ,        6 ,      192 ,       35 ,       98 ,       49 ,      184 ,       99 ,      126 ,       45 ,      197 ,      199 ,       20 ,      170 ,      156 ,        9 ,      109 ,       11 ,       68 ,       71 ,      129 ,       44 ,       65 ,      111 ,       15 ,      102 ,       84 ,      121 ,      171 ,       27 ,      151 ,      138 ,      169 ,      147 ,       90 ,      127 ,       75 ,      162 ,      196 ,      100 ,      146 ,       58 ,       32 ,      167 ,      132 ,        0 ,       55 ,       59 ,       47 ,      195 ,       83 ,       30 ,       48 ,       91 ,       62 ,       72 ,       95 ,      166 ,      123 ,       87 ,        8 ,       86 ,      134 ,       85 ,      188 ,       80 ,       57 ,      191 ,      135 ,      125 ,      186 ,       39 ,       73 ,      158 ,      116 ,        3 ,      106 ,      198 ,       78 ,      120 ,      118 ,      149 ,      180 ,      124 ,       70 ,      185 ,        4 ,      108 ,      142 ,       97 ,       37 ,      165 ,       34 ,       17 ,       29 ,      112 ,      183 ,      122 ,       69 ,      143 ,      139 ,      181 ,      154 ,      113 ,      164 ,       12 ,       28 ,       22 ,       54 ,       46 ,       88 ,      176 ,      105 ,      168 ,      159 ,       23 ,       79 ,       41 ,       94 ,      179 ,       33 ,       42 ,      178 ,      148 ,       96 ,        2 ,      128 ,       51 ,      174 ,       26 ,      157 ,      150 ,       82 ,       81 ,       56 ,      152 ,       31 ,       67 ,       66 ,      115 ,       74 ,      101 ,      155 ,        1 ,       64 ,      130 ,      182 ,       25 ,      103 ,       19 ,      153 ,      173 ,      161 ,      141 ,      193 ,       14 ,      131 ,      117 ,        5 ,       53 ,      175 ,      136 ,       36 ,       77 ,       43 ,      163 ,       10 ,      107 ,      189 ,       76 ,       13 ,      187 ,      172 ,       63 ,       93 ,      194 ,       38 , 
      16 ,      110 ,      190 ,      144 ,      160 ,       89 ,       24 ,      119 ,      114 ,       21 ,       61 ,      145 ,      177 ,       52 ,       18 ,      137 ,       92 ,      140 ,      133 ,      104 ,        7 ,       50 ,       35 ,       60 ,       98 ,        6 ,       40 ,      192 ,       45 ,       49 ,      184 ,      126 ,       99 ,      197 ,       20 ,      109 ,       11 ,      199 ,      156 ,       68 ,      170 ,       71 ,      111 ,        9 ,       65 ,      129 ,       44 ,      121 ,       15 ,      151 ,      102 ,       84 ,      171 ,      169 ,       27 ,      147 ,      138 ,       90 ,      127 ,      196 ,      162 ,      146 ,       32 ,      132 ,       75 ,       58 ,      100 ,        0 ,      167 ,       55 ,       30 ,       59 ,       83 ,       62 ,      195 ,       47 ,       72 ,       48 ,       87 ,       91 ,       95 ,      123 ,        8 ,      166 ,       86 ,       80 ,      188 ,       57 ,      191 ,      186 ,      134 ,       85 ,      158 ,      125 ,       73 ,      135 ,      198 ,      106 ,       39 ,      116 ,      118 ,      124 ,        3 ,       78 ,      120 ,      180 ,      185 ,       70 ,      149 ,        4 ,       97 ,      142 ,       37 ,      108 ,       17 ,      165 ,      183 ,       29 ,       69 ,      112 ,       34 ,      122 ,      139 ,      143 ,      181 ,      164 ,       12 ,      154 ,      113 ,       88 ,       28 ,       22 ,      176 ,      105 ,       54 ,      159 ,       23 ,       46 ,      168 ,       41 ,       79 ,       33 ,      179 ,       42 ,      148 ,       94 ,       96 ,        2 ,      178 ,      174 ,      150 ,      128 ,       81 ,       82 ,       51 ,       31 ,       26 ,       74 ,      157 ,       67 ,      152 ,       56 ,      155 ,       66 ,      101 ,      115 ,        1 ,      130 ,       64 ,      153 ,       19 ,      182 ,       25 ,      103 ,       14 ,      141 ,      161 ,      173 ,      131 ,      193 ,      117 ,        5 ,       53 ,      136 ,       36 ,      175 ,       10 ,       77 ,      163 ,       43 ,      107 ,      189 ,       76 ,       13 ,       93 ,       38 ,      187 ,       63 ,      194 ,      172 , 
      16 ,      110 ,      160 ,       89 ,      144 ,      190 ,       24 ,       21 ,      114 ,       61 ,      119 ,      145 ,       52 ,       18 ,       92 ,      137 ,      177 ,      133 ,        7 ,      140 ,       60 ,       98 ,       50 ,      104 ,       45 ,      192 ,       49 ,       35 ,       40 ,      197 ,        6 ,      126 ,      184 ,      199 ,       99 ,       11 ,      109 ,       68 ,       20 ,       71 ,      156 ,      170 ,      129 ,      111 ,       65 ,        9 ,      121 ,       44 ,       15 ,       84 ,      102 ,      147 ,      151 ,      138 ,      171 ,      127 ,      162 ,      169 ,       27 ,       90 ,      146 ,      132 ,       75 ,      196 ,       58 ,      100 ,       32 ,        0 ,       55 ,       62 ,      167 ,       30 ,       59 ,       72 ,       83 ,      195 ,       87 ,       91 ,       47 ,       48 ,      123 ,       95 ,      166 ,       86 ,       80 ,      186 ,        8 ,      188 ,      134 ,      191 ,       85 ,       57 ,      125 ,      106 ,       73 ,      135 ,      158 ,      198 ,      124 ,      118 ,       39 ,       78 ,      180 ,      116 ,        3 ,       70 ,      185 ,       97 ,      142 ,      120 ,       37 ,      108 ,      149 ,      183 ,        4 ,      165 ,       29 ,       17 ,       69 ,      112 ,      181 ,      122 ,      139 ,       34 ,       12 ,      164 ,      143 ,       22 ,       88 ,      154 ,       54 ,      113 ,      105 ,      176 ,       28 ,       46 ,       23 ,      168 ,       41 ,      159 ,       79 ,       94 ,       33 ,       42 ,      178 ,      174 ,        2 ,      179 ,      148 ,       96 ,       51 ,       81 ,       26 ,       31 ,      150 ,       82 ,      128 ,       74 ,       67 ,      152 ,      155 ,      115 ,       66 ,      157 ,       56 ,      130 ,      153 ,      101 ,        1 ,       19 ,       64 ,      141 ,      103 ,      182 ,       25 ,      193 ,      161 ,       14 ,      173 ,      117 ,      131 ,      175 ,       53 ,        5 ,      136 ,       36 ,       77 ,       43 ,       10 ,      189 ,      107 ,       93 ,       13 ,      163 ,       76 ,      187 ,       38 ,      194 ,       63 ,      172 , 
