781 , 200 , 10 , 494845 , ILS
      98 ,      174 ,      127 ,      130 ,      125 ,       67 ,       68 ,       33 ,       24 ,      103 ,       96 ,       49 ,      196 ,       16 ,      147 ,       26 ,      137 ,       70 ,       66 ,      129 ,       79 ,       58 ,       97 ,      171 ,      179 ,       35 ,       80 ,       17 ,      108 ,      112 ,      172 ,      115 ,      123 ,      153 ,      182 ,      152 ,      181 ,       76 ,       57 ,       78 ,      142 ,       36 ,       87 ,       47 ,      145 ,      176 ,      180 ,      121 ,      190 ,      104 ,      168 ,       71 ,      166 ,       20 ,       21 ,      183 ,      105 ,      185 ,       64 ,       75 ,       99 ,      192 ,        4 ,       86 ,      111 ,      136 ,      164 ,       62 ,       91 ,      167 ,       88 ,      175 ,      120 ,      118 ,      131 ,       46 ,       60 ,       93 ,       85 ,      128 ,        2 ,       13 ,      133 ,      124 ,       54 ,       23 ,        0 ,       42 ,      107 ,       30 ,       39 ,       69 ,      143 ,       73 ,       45 ,      134 ,      157 ,       82 ,      156 ,      139 ,       81 ,        8 ,       56 ,      159 ,       55 ,       89 ,      195 ,      100 ,       50 ,      194 ,      170 ,      155 ,      178 ,      102 ,       77 ,       38 ,       94 ,      154 ,       61 ,      110 ,      169 ,       52 ,       63 ,      199 ,       22 ,       48 ,       31 ,      149 ,        6 ,       92 ,       51 ,       11 ,      186 ,       83 ,       84 ,      140 ,      141 ,      138 ,        3 ,      122 ,      150 ,      160 ,       53 ,      117 ,       12 ,      148 ,        9 ,       40 ,       37 ,       32 ,      144 ,      114 ,       25 ,      101 ,       43 ,      126 ,      189 ,      184 ,      191 ,       14 ,       72 ,       19 ,      135 ,      193 ,      163 ,       34 ,      146 ,        7 ,       59 ,      151 ,      173 ,      116 ,      161 ,      106 ,       28 ,      188 ,      109 ,       41 ,      165 ,       74 ,       29 ,      198 ,       90 ,      162 ,      132 ,       95 ,      113 ,       27 ,       10 ,      187 ,      119 ,        1 ,      177 ,       18 ,      158 ,        5 ,       15 ,       65 ,      197 ,       44 , 
      98 ,      174 ,      130 ,       67 ,      127 ,       68 ,      125 ,       24 ,      103 ,       49 ,      196 ,       96 ,       33 ,       16 ,       26 ,       70 ,      137 ,      147 ,       79 ,      129 ,       58 ,       66 ,       97 ,      171 ,       35 ,      179 ,       80 ,       17 ,      172 ,      112 ,      115 ,      108 ,      182 ,      153 ,      123 ,      181 ,       76 ,      152 ,      142 ,       36 ,       87 ,       57 ,       78 ,      145 ,       47 ,      176 ,      121 ,      180 ,      168 ,      104 ,      190 ,       71 ,       20 ,       21 ,      166 ,      105 ,      183 ,      185 ,       64 ,       99 ,       75 ,      192 ,      111 ,        4 ,       86 ,      136 ,      164 ,       62 ,      167 ,      175 ,       91 ,       88 ,      120 ,      118 ,      131 ,       93 ,       46 ,       85 ,      128 ,       60 ,       13 ,        2 ,      133 ,       54 ,      124 ,       42 ,        0 ,       23 ,      107 ,       30 ,      143 ,       39 ,       69 ,       45 ,       73 ,      157 ,      156 ,      134 ,       82 ,       81 ,        8 ,      139 ,       56 ,       55 ,      159 ,       89 ,       50 ,      100 ,      195 ,      170 ,      155 ,      178 ,      194 ,      102 ,       94 ,      154 ,       38 ,       77 ,       61 ,      169 ,       52 ,       48 ,      199 ,       63 ,      110 ,       22 ,       31 ,      149 ,        6 ,       92 ,       51 ,       83 ,      186 ,       84 ,       11 ,      138 ,        3 ,      140 ,      141 ,      122 ,       53 ,      150 ,      160 ,      148 ,       12 ,      117 ,       40 ,        9 ,      144 ,      114 ,       32 ,       25 ,       37 ,      101 ,      126 ,      189 ,      191 ,      184 ,       43 ,       14 ,       19 ,       72 ,      163 ,      135 ,       34 ,      193 ,      146 ,      151 ,       59 ,        7 ,      116 ,      161 ,      173 ,      106 ,      188 ,       28 ,      109 ,       41 ,      165 ,       74 ,       29 ,       90 ,      198 ,      132 ,       95 ,      162 ,       27 ,      113 ,      158 ,       10 ,      177 ,      119 ,      187 ,        5 ,        1 ,       18 ,      197 ,       65 ,       15 ,       44 , 
     174 ,       67 ,       98 ,      127 ,      130 ,       24 ,      103 ,       68 ,      125 ,      196 ,       49 ,       96 ,       33 ,       16 ,      137 ,      147 ,       26 ,       70 ,       79 ,      129 ,       97 ,       58 ,       66 ,      171 ,      179 ,       17 ,       35 ,       80 ,      172 ,      115 ,      182 ,      112 ,      108 ,      123 ,      153 ,      181 ,      142 ,      152 ,       87 ,       76 ,       36 ,      176 ,       57 ,       47 ,      145 ,      180 ,       78 ,      168 ,      190 ,      104 ,      121 ,       21 ,       20 ,      166 ,       71 ,      183 ,      105 ,      185 ,       99 ,       64 ,      192 ,       75 ,        4 ,      111 ,       86 ,       62 ,      136 ,      167 ,      164 ,      175 ,       91 ,      118 ,      131 ,      120 ,       88 ,       85 ,       46 ,       60 ,      128 ,       93 ,        2 ,      133 ,       13 ,       42 ,       54 ,      124 ,       23 ,      107 ,        0 ,       30 ,      143 ,       39 ,       45 ,       73 ,       69 ,      157 ,      156 ,      134 ,       82 ,       81 ,      139 ,       55 ,        8 ,       89 ,       56 ,      159 ,       50 ,      100 ,      155 ,      195 ,      170 ,      102 ,      178 ,       94 ,      194 ,       77 ,       61 ,      154 ,       38 ,      169 ,       52 ,       48 ,      110 ,      199 ,       31 ,       63 ,       22 ,        6 ,      149 ,       51 ,       92 ,       84 ,       83 ,      186 ,       11 ,      138 ,        3 ,      141 ,      140 ,      150 ,      160 ,      122 ,       12 ,      117 ,       53 ,      148 ,       40 ,        9 ,      144 ,       32 ,      114 ,       37 ,       25 ,      126 ,      101 ,      189 ,      184 ,      191 ,       43 ,       72 ,       14 ,       19 ,      135 ,      163 ,       34 ,      146 ,      193 ,       59 ,      151 ,      116 ,        7 ,      161 ,      173 ,      188 ,       28 ,      106 ,      165 ,      109 ,       29 ,       41 ,       74 ,       90 ,      198 ,      132 ,       95 ,      162 ,      158 ,      177 ,       10 ,       27 ,        1 ,       18 ,      113 ,        5 ,      119 ,      197 ,      187 ,       44 ,       65 ,       15 , 
     174 ,       67 ,      127 ,       24 ,       98 ,      103 ,      130 ,       68 ,      125 ,      196 ,       96 ,       16 ,       49 ,      137 ,       26 ,       33 ,      147 ,       70 ,       79 ,       58 ,       97 ,      171 ,      129 ,       66 ,      179 ,       35 ,       17 ,      115 ,      172 ,      182 ,       80 ,      112 ,      123 ,      108 ,      153 ,      152 ,      142 ,      181 ,       36 ,       57 ,       87 ,       76 ,       47 ,       78 ,       21 ,      176 ,      190 ,      104 ,      180 ,      145 ,      168 ,       20 ,      166 ,      121 ,      183 ,      105 ,       71 ,      185 ,       99 ,       64 ,       75 ,      192 ,       86 ,      111 ,        4 ,      167 ,       62 ,      136 ,      175 ,      164 ,      118 ,       91 ,      120 ,       88 ,      131 ,       46 ,       85 ,       93 ,      128 ,       60 ,        2 ,       42 ,      133 ,      124 ,       23 ,       54 ,       13 ,      107 ,        0 ,      143 ,       30 ,       45 ,       73 ,       39 ,      156 ,       69 ,      157 ,      134 ,       81 ,       82 ,       55 ,      139 ,        8 ,       56 ,       89 ,       50 ,      159 ,      155 ,      100 ,      170 ,      178 ,      195 ,      194 ,       94 ,      102 ,       61 ,       77 ,       38 ,       52 ,      154 ,      169 ,       48 ,      199 ,       31 ,      110 ,       22 ,       63 ,        6 ,       51 ,      186 ,       84 ,      149 ,       83 ,       92 ,      138 ,       11 ,        3 ,      141 ,      150 ,      160 ,      140 ,      122 ,      117 ,       12 ,        9 ,       53 ,      144 ,       40 ,      148 ,      114 ,       32 ,       25 ,       37 ,      101 ,      189 ,      191 ,      126 ,       43 ,      184 ,       14 ,      135 ,       72 ,       34 ,       19 ,      163 ,      146 ,      193 ,       59 ,      151 ,      161 ,      173 ,      116 ,        7 ,       28 ,      188 ,      165 ,      106 ,      109 ,       29 ,       74 ,      198 ,       41 ,       90 ,      132 ,       95 ,      162 ,      177 ,      158 ,        1 ,       10 ,       27 ,        5 ,      119 ,       18 ,      113 ,       44 ,      187 ,       65 ,      197 ,       15 , 
      67 ,      174 ,       98 ,      103 ,      127 ,       24 ,       68 ,      130 ,      125 ,       96 ,       16 ,      196 ,      137 ,       33 ,      147 ,       26 ,       49 ,       79 ,       58 ,       70 ,      171 ,       66 ,      179 ,       97 ,       17 ,      129 ,      172 ,       35 ,      182 ,      112 ,      115 ,       80 ,      108 ,      142 ,      123 ,      153 ,       36 ,      152 ,      181 ,       57 ,       47 ,       87 ,       78 ,       21 ,       76 ,      104 ,      190 ,      180 ,      176 ,       20 ,      145 ,      168 ,      166 ,      105 ,      183 ,      121 ,       75 ,      185 ,       71 ,       64 ,       99 ,       86 ,      111 ,      167 ,      192 ,      136 ,        4 ,      164 ,       62 ,      175 ,       91 ,      120 ,      118 ,       88 ,       46 ,      131 ,       93 ,       60 ,       85 ,       42 ,        2 ,      128 ,      133 ,      124 ,       23 ,       54 ,      107 ,       13 ,        0 ,       30 ,       45 ,       73 ,      143 ,      156 ,       69 ,      134 ,       39 ,       81 ,       82 ,      157 ,      139 ,       55 ,        8 ,       50 ,      159 ,       89 ,      155 ,       56 ,      178 ,      195 ,      170 ,      194 ,      100 ,      102 ,       61 ,       77 ,       94 ,       38 ,      154 ,       52 ,       48 ,      169 ,      199 ,       31 ,       63 ,      110 ,       22 ,        6 ,       51 ,      186 ,       84 ,       83 ,      149 ,      138 ,       11 ,       92 ,        3 ,      141 ,      160 ,      150 ,      122 ,      117 ,        9 ,      140 ,       53 ,       12 ,       40 ,      144 ,      148 ,       32 ,      114 ,       25 ,      101 ,       37 ,      189 ,       43 ,      191 ,      126 ,      135 ,       14 ,       72 ,      184 ,      163 ,       34 ,       19 ,      146 ,      151 ,       59 ,      161 ,      193 ,        7 ,       28 ,      116 ,      173 ,      188 ,      165 ,      106 ,       74 ,      109 ,       29 ,       41 ,      198 ,       90 ,      162 ,      132 ,      177 ,       95 ,        1 ,      158 ,       27 ,       10 ,       18 ,      119 ,        5 ,      187 ,       44 ,      113 ,       65 ,       15 ,      197 , 
      67 ,       98 ,      127 ,      174 ,      103 ,       24 ,       68 ,      130 ,       96 ,       16 ,      125 ,      137 ,      196 ,       33 ,      147 ,       49 ,       26 ,       70 ,       79 ,       58 ,      171 ,       97 ,       66 ,       17 ,      129 ,      179 ,      172 ,      182 ,       35 ,      112 ,      108 ,       80 ,      123 ,      115 ,      153 ,      142 ,      181 ,       36 ,       47 ,       87 ,      152 ,       57 ,       78 ,      104 ,       21 ,      180 ,       76 ,      190 ,      176 ,       20 ,      166 ,      145 ,      168 ,      183 ,      121 ,       75 ,      105 ,      185 ,       99 ,       71 ,       86 ,      111 ,      167 ,       64 ,        4 ,      164 ,      136 ,      192 ,       62 ,      120 ,       91 ,      175 ,      118 ,       88 ,       46 ,      131 ,       60 ,       93 ,        2 ,      128 ,       42 ,       85 ,      133 ,       23 ,      124 ,      107 ,       13 ,       54 ,       45 ,        0 ,      143 ,       30 ,       73 ,      156 ,       69 ,       39 ,      134 ,       81 ,      157 ,      139 ,       82 ,       55 ,      159 ,        8 ,      155 ,       89 ,      170 ,      178 ,       50 ,      195 ,       56 ,      194 ,      100 ,       61 ,       94 ,      102 ,       77 ,       38 ,       48 ,       52 ,      154 ,      199 ,      169 ,       31 ,       63 ,        6 ,       22 ,      110 ,      186 ,       51 ,       83 ,      149 ,       84 ,       11 ,      138 ,      141 ,       92 ,        3 ,      150 ,      160 ,        9 ,      117 ,      140 ,      122 ,       53 ,       40 ,      144 ,       12 ,      148 ,       32 ,       25 ,      101 ,      114 ,       43 ,       37 ,      191 ,      189 ,      135 ,      126 ,       14 ,      163 ,      184 ,      146 ,       72 ,       19 ,      151 ,       34 ,      193 ,       59 ,       28 ,        7 ,      161 ,      173 ,      116 ,      188 ,      165 ,      109 ,       74 ,      106 ,       41 ,       29 ,       90 ,      198 ,      162 ,      177 ,      132 ,        1 ,       95 ,       10 ,      158 ,       27 ,       18 ,        5 ,      119 ,      113 ,      187 ,       44 ,       15 ,       65 ,      197 , 
      67 ,      127 ,       98 ,      174 ,       24 ,      103 ,      130 ,       68 ,       16 ,       96 ,      196 ,      137 ,      125 ,       33 ,       26 ,       70 ,       49 ,      147 ,       79 ,      171 ,       97 ,       58 ,       66 ,       17 ,      129 ,      179 ,      172 ,      182 ,       35 ,      108 ,      112 ,      115 ,      123 ,       80 ,      153 ,      181 ,      142 ,       47 ,       36 ,      152 ,       87 ,       21 ,       78 ,      180 ,       57 ,      104 ,      190 ,       76 ,      176 ,       20 ,      166 ,      183 ,      145 ,      121 ,      168 ,       75 ,      105 ,      185 ,       71 ,       99 ,      111 ,      167 ,       86 ,        4 ,      136 ,      164 ,       64 ,      120 ,      192 ,       62 ,      175 ,       91 ,       46 ,      118 ,       88 ,       93 ,        2 ,      128 ,      131 ,       85 ,       60 ,       42 ,       23 ,      124 ,      133 ,       13 ,      107 ,        0 ,       54 ,      143 ,       30 ,       45 ,      156 ,       73 ,       69 ,       39 ,      134 ,       81 ,       82 ,      157 ,       55 ,      139 ,      159 ,      155 ,        8 ,      170 ,       89 ,      195 ,       50 ,      178 ,      100 ,      194 ,       56 ,       94 ,       77 ,       38 ,       61 ,      102 ,       48 ,       52 ,      199 ,      169 ,      154 ,       63 ,       31 ,        6 ,      110 ,       51 ,       22 ,       83 ,      186 ,       84 ,      138 ,      149 ,       92 ,      141 ,       11 ,      150 ,        9 ,        3 ,      140 ,      160 ,      122 ,      117 ,       53 ,      144 ,       12 ,       40 ,      148 ,      101 ,       32 ,       25 ,      114 ,       37 ,      191 ,       43 ,      126 ,       14 ,      189 ,      135 ,      184 ,       72 ,      163 ,      146 ,      151 ,       19 ,       59 ,      193 ,       34 ,       28 ,      173 ,        7 ,      116 ,      161 ,      109 ,      165 ,      188 ,       41 ,       74 ,       90 ,      106 ,       29 ,      198 ,      162 ,      132 ,      177 ,       95 ,        1 ,      158 ,       18 ,       10 ,        5 ,       27 ,      119 ,      113 ,      187 ,       15 ,       44 ,       65 ,      197 , 
      67 ,       98 ,      127 ,      174 ,      103 ,      130 ,       24 ,       68 ,       16 ,       96 ,      125 ,      196 ,       33 ,      137 ,       26 ,       70 ,      147 ,       49 ,       97 ,      171 ,       58 ,       79 ,       66 ,      179 ,      129 ,       17 ,      182 ,      172 ,       35 ,      108 ,      123 ,      115 ,      112 ,      181 ,       80 ,       47 ,      153 ,      152 ,      142 ,       36 ,       87 ,       78 ,       21 ,       57 ,      190 ,      180 ,       76 ,      104 ,      176 ,      166 ,      183 ,       20 ,      145 ,      168 ,       75 ,      121 ,       99 ,      105 ,      111 ,       71 ,      185 ,       86 ,      136 ,      167 ,       64 ,        4 ,       62 ,      192 ,      120 ,      164 ,      175 ,       91 ,       88 ,       46 ,       93 ,      118 ,        2 ,      131 ,       60 ,      128 ,       85 ,       42 ,      124 ,       13 ,       23 ,      133 ,       54 ,      107 ,      143 ,        0 ,      156 ,       30 ,       39 ,       73 ,       45 ,      134 ,       69 ,       81 ,       82 ,      157 ,       55 ,      139 ,      155 ,        8 ,       89 ,      159 ,       50 ,      178 ,      195 ,      170 ,      100 ,       94 ,       77 ,      194 ,       38 ,       56 ,      102 ,       61 ,       52 ,       48 ,      169 ,      154 ,       31 ,      199 ,      110 ,       63 ,       51 ,        6 ,       22 ,      186 ,      138 ,       84 ,       83 ,      149 ,       92 ,      141 ,        9 ,       11 ,      140 ,      150 ,      160 ,        3 ,       53 ,      122 ,      117 ,       12 ,      144 ,       40 ,       32 ,      101 ,      148 ,       25 ,      114 ,      191 ,       43 ,       37 ,      126 ,       14 ,      189 ,      135 ,       72 ,      184 ,      146 ,      163 ,       59 ,      151 ,       34 ,       19 ,      193 ,       28 ,      173 ,        7 ,      161 ,      116 ,      109 ,      188 ,      165 ,       74 ,       90 ,       41 ,      198 ,      106 ,       29 ,      132 ,      162 ,        1 ,      177 ,      158 ,       95 ,        5 ,       18 ,       10 ,       27 ,      187 ,      119 ,      113 ,       65 ,       44 ,       15 ,      197 , 
      67 ,       98 ,      174 ,      127 ,       24 ,      130 ,      103 ,       16 ,       96 ,       68 ,      125 ,      196 ,      137 ,       26 ,       33 ,      147 ,       49 ,       70 ,       97 ,       58 ,      171 ,       66 ,       79 ,      179 ,      129 ,      182 ,       17 ,       35 ,      172 ,      123 ,      112 ,      115 ,      108 ,       80 ,      181 ,      152 ,       47 ,       36 ,      142 ,      153 ,       21 ,       87 ,       57 ,       78 ,      190 ,      180 ,       76 ,      176 ,      104 ,       20 ,      166 ,      183 ,       75 ,      121 ,       99 ,      145 ,      168 ,      111 ,      105 ,       71 ,      136 ,       86 ,      185 ,       64 ,      120 ,        4 ,      167 ,       62 ,      164 ,      192 ,      175 ,       91 ,       93 ,      118 ,      131 ,       46 ,       88 ,        2 ,       60 ,       42 ,       85 ,      128 ,      124 ,       13 ,       23 ,      133 ,      107 ,       54 ,      143 ,        0 ,       30 ,      156 ,       39 ,       73 ,      134 ,       45 ,       82 ,       81 ,       69 ,       55 ,      139 ,      157 ,      155 ,       89 ,      159 ,       50 ,      178 ,        8 ,      170 ,      195 ,       94 ,      100 ,       77 ,      194 ,      102 ,       38 ,       56 ,       52 ,       61 ,       31 ,      169 ,       48 ,      110 ,      199 ,      154 ,       51 ,       63 ,        6 ,      138 ,      186 ,       22 ,      149 ,       92 ,       83 ,       11 ,       84 ,      141 ,      150 ,      140 ,        9 ,      160 ,       53 ,        3 ,      122 ,      117 ,       12 ,      144 ,      101 ,       40 ,       32 ,       25 ,      148 ,      114 ,      191 ,       37 ,       43 ,      189 ,       14 ,      135 ,      126 ,      146 ,       72 ,      184 ,      151 ,      163 ,       59 ,       34 ,       19 ,      173 ,      193 ,       28 ,      161 ,      116 ,        7 ,      165 ,      109 ,      188 ,       74 ,       41 ,       90 ,      198 ,       29 ,      162 ,      132 ,      106 ,        1 ,      158 ,        5 ,      177 ,       18 ,       95 ,       10 ,       27 ,      187 ,      119 ,       65 ,       15 ,      113 ,      197 ,       44 , 
      67 ,       98 ,      127 ,      174 ,      130 ,      103 ,       16 ,       24 ,      125 ,       96 ,       68 ,      196 ,       33 ,      137 ,      147 ,       26 ,       70 ,       58 ,      171 ,       49 ,       97 ,       79 ,       66 ,      129 ,       17 ,      179 ,      182 ,      172 ,      112 ,       35 ,      123 ,      108 ,       80 ,      115 ,       47 ,      181 ,       36 ,      152 ,      153 ,      142 ,       57 ,       87 ,       21 ,       78 ,      180 ,      190 ,      176 ,       76 ,      166 ,      104 ,      183 ,       75 ,       20 ,      121 ,       99 ,      145 ,      168 ,       86 ,      136 ,      105 ,      111 ,       64 ,       71 ,      120 ,      185 ,        4 ,      192 ,       62 ,      164 ,      167 ,       93 ,      131 ,      118 ,       91 ,      175 ,       46 ,       85 ,       42 ,      128 ,       88 ,        2 ,       60 ,       23 ,      124 ,       13 ,      107 ,      143 ,      133 ,       54 ,       30 ,      156 ,        0 ,      134 ,       73 ,       82 ,       81 ,       39 ,       45 ,      157 ,       69 ,      155 ,      139 ,       89 ,      159 ,       50 ,        8 ,       55 ,      170 ,       94 ,      178 ,      195 ,      100 ,       77 ,      194 ,       38 ,      102 ,       56 ,       61 ,      169 ,       52 ,       31 ,       48 ,      199 ,      154 ,      110 ,       51 ,       63 ,        6 ,      138 ,       22 ,      186 ,       92 ,       11 ,      149 ,      141 ,       83 ,      140 ,      150 ,       84 ,        9 ,      160 ,       53 ,      122 ,        3 ,      117 ,       12 ,      101 ,      144 ,       25 ,       40 ,      148 ,       32 ,      114 ,      191 ,       37 ,       43 ,      135 ,      189 ,       14 ,      126 ,       72 ,      151 ,      146 ,      163 ,      184 ,       59 ,       19 ,       34 ,      173 ,       28 ,      193 ,      116 ,        7 ,      161 ,      165 ,       74 ,      109 ,      188 ,      198 ,       90 ,       29 ,       41 ,      132 ,      106 ,        1 ,      162 ,        5 ,      158 ,      177 ,       95 ,       18 ,       27 ,       10 ,      119 ,      187 ,      113 ,       65 ,       15 ,      197 ,       44 , 
