813 , 200 , 10 , 122547 , ILST
     133 ,      102 ,        6 ,       45 ,       28 ,      180 ,      144 ,       49 ,      113 ,        8 ,      132 ,       35 ,      179 ,      151 ,        7 ,        0 ,      195 ,       11 ,      161 ,       14 ,      110 ,       26 ,      175 ,       66 ,      152 ,       47 ,      159 ,       38 ,      145 ,      105 ,       15 ,      150 ,      138 ,      166 ,       60 ,      107 ,      122 ,      141 ,      115 ,      188 ,       27 ,      194 ,      108 ,       22 ,       75 ,      140 ,       17 ,       67 ,      119 ,       46 ,       79 ,      183 ,       68 ,       18 ,       13 ,       36 ,       76 ,      131 ,       82 ,      146 ,      135 ,      147 ,       86 ,       33 ,      189 ,       71 ,      197 ,        4 ,       90 ,       39 ,      117 ,       98 ,       30 ,       77 ,      129 ,      153 ,      128 ,      101 ,      149 ,       34 ,       70 ,      160 ,       88 ,        9 ,      106 ,       25 ,       40 ,      121 ,       62 ,       10 ,       95 ,      190 ,       29 ,       94 ,       57 ,      172 ,       52 ,      169 ,      170 ,       31 ,       20 ,       53 ,       63 ,      109 ,      163 ,       85 ,      193 ,       42 ,       64 ,      112 ,      157 ,       23 ,      130 ,      168 ,       44 ,      104 ,       55 ,      165 ,       56 ,      158 ,      184 ,       78 ,        2 ,      116 ,       54 ,      137 ,      167 ,      156 ,      182 ,       58 ,       87 ,       92 ,      186 ,      174 ,       21 ,       99 ,       69 ,      142 ,       73 ,       96 ,      199 ,      123 ,       97 ,       37 ,      198 ,      162 ,      127 ,       74 ,       50 ,       43 ,      196 ,      177 ,      143 ,       65 ,       83 ,       80 ,      136 ,      181 ,      134 ,      178 ,       51 ,       91 ,       89 ,      139 ,      148 ,        1 ,      173 ,       41 ,       84 ,      192 ,        3 ,       12 ,       93 ,       19 ,      164 ,       48 ,       16 ,      155 ,       72 ,      118 ,      176 ,      124 ,       32 ,       81 ,      111 ,      100 ,       24 ,        5 ,      187 ,       61 ,      154 ,      120 ,      103 ,      126 ,      185 ,      125 ,       59 ,      191 ,      114 ,      171 , 
      28 ,      133 ,       45 ,      180 ,      144 ,        8 ,      102 ,        6 ,       35 ,      179 ,      113 ,      151 ,       49 ,        7 ,        0 ,       11 ,      132 ,      195 ,       26 ,      161 ,       14 ,      175 ,       47 ,      159 ,      152 ,       38 ,      110 ,       66 ,      145 ,      166 ,      105 ,      150 ,      107 ,      122 ,       15 ,      138 ,       27 ,      194 ,      141 ,       60 ,      108 ,      115 ,       17 ,       67 ,      188 ,       22 ,       75 ,       46 ,       79 ,      183 ,      140 ,      119 ,       18 ,       68 ,       36 ,      131 ,      135 ,       82 ,       13 ,       76 ,      146 ,       86 ,      189 ,       33 ,      147 ,       39 ,       71 ,       90 ,      197 ,      117 ,      129 ,       98 ,       77 ,        4 ,      128 ,      149 ,       34 ,      160 ,       30 ,      101 ,       88 ,       70 ,       40 ,      153 ,       25 ,        9 ,       10 ,      121 ,       62 ,       95 ,      106 ,       29 ,       52 ,      190 ,      172 ,       94 ,      169 ,       57 ,       31 ,       53 ,       20 ,      163 ,      170 ,       63 ,      109 ,       85 ,       64 ,      193 ,      130 ,       42 ,      112 ,      157 ,       44 ,       55 ,       23 ,      168 ,      165 ,      104 ,        2 ,      184 ,       56 ,      158 ,      137 ,       78 ,      116 ,       58 ,      167 ,      156 ,       92 ,       54 ,       87 ,      182 ,      174 ,      142 ,       73 ,       99 ,       21 ,      186 ,       69 ,      123 ,       97 ,      199 ,       96 ,      198 ,      127 ,       37 ,       43 ,      196 ,       50 ,      143 ,       74 ,      162 ,       65 ,      177 ,       83 ,       80 ,      136 ,       51 ,       89 ,      178 ,      139 ,       91 ,      181 ,      134 ,       84 ,      173 ,        1 ,      148 ,       41 ,      192 ,       12 ,      164 ,       48 ,       16 ,        3 ,       19 ,       93 ,      155 ,      118 ,       72 ,       32 ,      176 ,      124 ,        5 ,       24 ,      111 ,       61 ,       81 ,      103 ,      100 ,      125 ,      187 ,      120 ,       59 ,      154 ,      126 ,      171 ,      185 ,      191 ,      114 , 
     133 ,      144 ,        8 ,       45 ,      102 ,      179 ,       28 ,      151 ,      180 ,        6 ,        0 ,       35 ,        7 ,      113 ,       26 ,      195 ,       49 ,       11 ,      161 ,      132 ,      159 ,       38 ,       14 ,       66 ,       47 ,      175 ,      110 ,      152 ,      107 ,      166 ,      122 ,      138 ,      150 ,      105 ,      145 ,      141 ,       15 ,       60 ,      194 ,       27 ,       67 ,      115 ,      108 ,       17 ,      188 ,       46 ,       22 ,      183 ,       75 ,       79 ,      119 ,      140 ,       36 ,       18 ,       82 ,      131 ,       68 ,       13 ,       86 ,      135 ,      189 ,      147 ,       76 ,       71 ,      146 ,       39 ,       33 ,      197 ,      129 ,      117 ,        4 ,       90 ,       98 ,      160 ,       30 ,       77 ,      128 ,       88 ,      149 ,      153 ,       70 ,       40 ,       34 ,      101 ,      121 ,       10 ,       25 ,        9 ,       95 ,       52 ,       62 ,       29 ,      169 ,      106 ,       57 ,      190 ,       94 ,       53 ,      172 ,      170 ,       31 ,       20 ,       63 ,      109 ,       64 ,       85 ,      112 ,      163 ,      157 ,       44 ,       23 ,      193 ,       42 ,      104 ,      168 ,      130 ,        2 ,      184 ,      137 ,      165 ,       55 ,      158 ,       56 ,      167 ,      156 ,       78 ,       87 ,       58 ,      116 ,       92 ,       54 ,      182 ,       21 ,      142 ,      174 ,       69 ,       73 ,       99 ,      199 ,      186 ,      123 ,      198 ,       96 ,      196 ,       97 ,       43 ,       37 ,       74 ,      162 ,      127 ,       50 ,       83 ,      177 ,       65 ,      136 ,      143 ,       80 ,       51 ,      181 ,       41 ,      178 ,       84 ,       89 ,       91 ,        1 ,      148 ,      139 ,      134 ,      164 ,       12 ,      173 ,        3 ,      192 ,       48 ,       93 ,       19 ,       72 ,       16 ,      118 ,       32 ,      155 ,      124 ,       24 ,      125 ,      111 ,        5 ,       81 ,       61 ,      176 ,      120 ,       59 ,      103 ,      187 ,      100 ,      154 ,      114 ,      171 ,      191 ,      126 ,      185 , 
     144 ,        8 ,      133 ,       28 ,      102 ,      179 ,      151 ,       45 ,       35 ,        6 ,      180 ,        0 ,       26 ,      113 ,      195 ,        7 ,      161 ,       49 ,       11 ,       14 ,      132 ,      159 ,       38 ,      110 ,      175 ,       66 ,      122 ,      152 ,       47 ,      166 ,      138 ,      107 ,      145 ,      141 ,      194 ,      105 ,      150 ,       15 ,       27 ,       60 ,      108 ,      115 ,      188 ,       22 ,       67 ,       17 ,       79 ,       46 ,      119 ,      183 ,       75 ,       18 ,      140 ,       82 ,       36 ,      131 ,       68 ,      189 ,       13 ,      147 ,       86 ,       71 ,      146 ,       33 ,      135 ,      129 ,       76 ,      197 ,       39 ,        4 ,      160 ,      117 ,      128 ,       88 ,       98 ,       90 ,       30 ,       77 ,      149 ,       70 ,      153 ,       34 ,       10 ,       40 ,      101 ,      121 ,       52 ,        9 ,       25 ,       95 ,       29 ,       62 ,      190 ,      106 ,      169 ,      170 ,       31 ,       57 ,      172 ,       20 ,       94 ,      109 ,       85 ,       53 ,      163 ,       63 ,      112 ,      193 ,       64 ,       44 ,       23 ,      130 ,      157 ,      184 ,       42 ,      168 ,      104 ,       55 ,        2 ,      165 ,       56 ,      137 ,      158 ,       78 ,      167 ,      156 ,       87 ,      116 ,       21 ,       92 ,       58 ,      182 ,       54 ,      142 ,       99 ,      199 ,      123 ,       73 ,      174 ,       69 ,      186 ,       96 ,      198 ,       43 ,       97 ,      196 ,      162 ,       74 ,       50 ,       65 ,      177 ,       37 ,      181 ,      136 ,      143 ,      127 ,       80 ,       83 ,       84 ,      178 ,       89 ,       41 ,      148 ,       51 ,      164 ,       91 ,      134 ,      173 ,      139 ,        1 ,      192 ,       93 ,       12 ,       72 ,      118 ,       48 ,      155 ,       19 ,        3 ,      124 ,       24 ,      111 ,       32 ,        5 ,      125 ,       16 ,       61 ,      176 ,      187 ,      100 ,      120 ,      114 ,      154 ,       59 ,      103 ,      171 ,      126 ,      191 ,       81 ,      185 , 
     144 ,      133 ,      102 ,      151 ,        8 ,       45 ,       35 ,        6 ,       28 ,      179 ,       26 ,      113 ,        7 ,      180 ,        0 ,       11 ,      161 ,       14 ,      195 ,       49 ,      159 ,      175 ,      132 ,      110 ,       38 ,      152 ,       47 ,      166 ,       66 ,      138 ,      122 ,      145 ,      107 ,      194 ,      150 ,      105 ,      141 ,      108 ,       27 ,       15 ,       60 ,      188 ,      115 ,       17 ,       22 ,       67 ,      183 ,       79 ,       46 ,       82 ,       75 ,       36 ,       18 ,       68 ,      140 ,      119 ,      131 ,      189 ,       86 ,       71 ,      147 ,       33 ,       76 ,       13 ,      135 ,      197 ,      146 ,      129 ,       39 ,        4 ,      160 ,      117 ,       98 ,      128 ,       90 ,       88 ,      153 ,       77 ,       30 ,       70 ,      149 ,       34 ,      121 ,       10 ,       25 ,      101 ,        9 ,       40 ,       52 ,       95 ,       29 ,      190 ,       31 ,       62 ,      169 ,       57 ,      106 ,       20 ,      170 ,      172 ,       94 ,       63 ,      109 ,       53 ,       64 ,      163 ,       85 ,      130 ,       44 ,      157 ,      112 ,       23 ,      184 ,       55 ,      193 ,       42 ,        2 ,      168 ,      165 ,      104 ,      137 ,      167 ,      158 ,       56 ,       78 ,      156 ,      116 ,       21 ,       92 ,       87 ,      182 ,       58 ,       99 ,      123 ,      199 ,      174 ,      142 ,       69 ,       54 ,       73 ,       43 ,      186 ,       97 ,      198 ,       96 ,      196 ,      162 ,       74 ,       37 ,      177 ,       65 ,      143 ,       50 ,       80 ,      181 ,      178 ,       84 ,      136 ,      127 ,       41 ,       83 ,       91 ,      148 ,       51 ,      164 ,      173 ,        1 ,       89 ,      134 ,       93 ,      139 ,       12 ,      192 ,       72 ,       48 ,       19 ,        3 ,      118 ,      111 ,      155 ,       24 ,      124 ,        5 ,       32 ,      125 ,       16 ,      120 ,      187 ,       61 ,      114 ,      100 ,      176 ,      171 ,      103 ,       59 ,      154 ,      185 ,      126 ,      191 ,       81 , 
     144 ,      133 ,       45 ,      151 ,        8 ,      102 ,       35 ,       26 ,      179 ,        6 ,       28 ,        0 ,      180 ,       11 ,        7 ,      113 ,       14 ,      195 ,      175 ,      161 ,      159 ,       49 ,      110 ,       38 ,       66 ,      132 ,      152 ,      122 ,      166 ,      194 ,      150 ,      145 ,      107 ,      105 ,       47 ,      138 ,      108 ,      188 ,      141 ,       15 ,       27 ,       22 ,       60 ,       67 ,      115 ,       17 ,       75 ,       79 ,      183 ,       36 ,       46 ,       82 ,       68 ,      119 ,       18 ,       86 ,      147 ,       71 ,      131 ,      135 ,       76 ,       33 ,      189 ,      146 ,      197 ,      140 ,       13 ,        4 ,      129 ,       39 ,      128 ,      160 ,       98 ,       77 ,      153 ,       90 ,      117 ,       88 ,       70 ,      121 ,      149 ,       30 ,       34 ,       40 ,       25 ,      101 ,       29 ,       10 ,        9 ,       95 ,       62 ,       52 ,      169 ,      190 ,       57 ,       31 ,      170 ,      106 ,       20 ,       94 ,      172 ,       63 ,       53 ,      163 ,      109 ,       44 ,      130 ,       85 ,      157 ,       64 ,      112 ,      193 ,      184 ,       55 ,       23 ,       42 ,        2 ,      168 ,      104 ,      167 ,      137 ,      165 ,       56 ,       21 ,      158 ,       78 ,       92 ,       58 ,      116 ,      156 ,      199 ,      174 ,       87 ,       99 ,      123 ,       69 ,      142 ,      182 ,       97 ,      198 ,       54 ,       43 ,      162 ,       73 ,      186 ,       37 ,       96 ,      177 ,      196 ,       74 ,      181 ,      143 ,       50 ,       65 ,       84 ,       80 ,       83 ,      178 ,      136 ,       41 ,      127 ,      148 ,      173 ,       91 ,      164 ,      134 ,       51 ,        1 ,      139 ,       72 ,       89 ,       12 ,       19 ,       93 ,      118 ,      192 ,       48 ,      155 ,      111 ,        3 ,      125 ,       16 ,       32 ,      124 ,      120 ,      176 ,        5 ,      187 ,      114 ,      185 ,       61 ,       59 ,       24 ,      171 ,      100 ,      103 ,      154 ,      126 ,      191 ,       81 , 
     133 ,      151 ,       45 ,      144 ,        8 ,      102 ,        6 ,       35 ,       26 ,      179 ,        7 ,        0 ,       28 ,       14 ,      195 ,      175 ,      180 ,      113 ,       11 ,      159 ,       38 ,      110 ,      161 ,      152 ,       49 ,      132 ,       66 ,      122 ,      150 ,      166 ,      194 ,      145 ,      108 ,      138 ,      107 ,       47 ,      105 ,      188 ,      141 ,       22 ,       27 ,       15 ,       67 ,       60 ,      115 ,       75 ,       17 ,      183 ,       82 ,       36 ,       46 ,       79 ,       68 ,      119 ,       71 ,       18 ,      147 ,       86 ,       33 ,      135 ,      131 ,      140 ,      189 ,       76 ,      146 ,       13 ,      197 ,      128 ,      160 ,        4 ,       98 ,      153 ,       39 ,      129 ,       88 ,       70 ,       90 ,       77 ,      117 ,      149 ,       25 ,      121 ,       29 ,       30 ,       34 ,        9 ,       10 ,       52 ,       62 ,       40 ,      101 ,       95 ,       31 ,      170 ,      169 ,       20 ,      190 ,       57 ,       94 ,      172 ,      106 ,       53 ,       63 ,      109 ,       85 ,      130 ,      163 ,       44 ,      193 ,      184 ,      157 ,       55 ,       42 ,       64 ,      112 ,        2 ,       23 ,      137 ,      168 ,      165 ,      104 ,      158 ,      167 ,       78 ,       21 ,       56 ,       92 ,      199 ,       87 ,       58 ,      116 ,      123 ,       99 ,      174 ,      156 ,      198 ,       69 ,       97 ,      142 ,       73 ,       54 ,      182 ,      162 ,      186 ,       43 ,       96 ,       37 ,      177 ,      181 ,      143 ,       74 ,       65 ,       80 ,      196 ,       50 ,       83 ,      178 ,       84 ,       41 ,      148 ,      136 ,      173 ,      127 ,       51 ,      134 ,       91 ,      164 ,       89 ,      139 ,        1 ,       12 ,       72 ,       93 ,      192 ,      111 ,       19 ,        3 ,      125 ,       48 ,      118 ,      155 ,      120 ,        5 ,      124 ,       32 ,      176 ,       16 ,      114 ,       61 ,      187 ,       59 ,       24 ,      185 ,      100 ,      126 ,      191 ,      103 ,      171 ,      154 ,       81 , 
     144 ,      133 ,      151 ,       45 ,        8 ,      102 ,      179 ,        6 ,        0 ,       26 ,       28 ,       14 ,       35 ,      175 ,        7 ,       11 ,      195 ,      180 ,       38 ,      113 ,      159 ,      161 ,       49 ,      110 ,      152 ,       66 ,      132 ,      145 ,      150 ,      108 ,      122 ,      166 ,      105 ,      107 ,      194 ,       47 ,      138 ,       22 ,      188 ,       60 ,      141 ,       27 ,       17 ,       15 ,       67 ,      115 ,       82 ,       75 ,       36 ,       46 ,      183 ,       68 ,       79 ,      119 ,      147 ,       71 ,       86 ,      135 ,      140 ,       33 ,       18 ,      146 ,      131 ,      189 ,      160 ,       76 ,        4 ,      128 ,      197 ,       13 ,       98 ,      129 ,       39 ,      153 ,      117 ,       90 ,       70 ,       88 ,       77 ,       25 ,       34 ,      121 ,      149 ,       52 ,       10 ,       30 ,       62 ,        9 ,       29 ,      101 ,       40 ,       31 ,       95 ,      170 ,       57 ,      169 ,       94 ,      106 ,       63 ,       20 ,       53 ,      172 ,      109 ,       85 ,       44 ,      130 ,      190 ,      163 ,      157 ,      193 ,       42 ,       55 ,      112 ,      184 ,      168 ,        2 ,       64 ,       23 ,      137 ,      158 ,      165 ,      104 ,       21 ,      167 ,       78 ,       56 ,       58 ,       87 ,       92 ,      123 ,      199 ,       99 ,      198 ,      116 ,       69 ,      142 ,       54 ,      156 ,      174 ,      186 ,      162 ,       73 ,       37 ,       97 ,       43 ,      177 ,       74 ,      181 ,       96 ,       80 ,      182 ,      143 ,       83 ,       65 ,      196 ,      178 ,       50 ,       41 ,      127 ,      173 ,      136 ,      148 ,       91 ,       84 ,       89 ,       51 ,      134 ,        1 ,       93 ,       12 ,      139 ,      111 ,       72 ,      164 ,       48 ,      192 ,      125 ,        3 ,      155 ,      118 ,        5 ,       19 ,       32 ,      124 ,      176 ,      187 ,      114 ,      185 ,      120 ,       59 ,      191 ,       16 ,       61 ,       24 ,      171 ,      126 ,      100 ,      103 ,      154 ,       81 , 
     151 ,       45 ,      144 ,      133 ,      102 ,        8 ,        6 ,      179 ,       28 ,      175 ,        0 ,       14 ,        7 ,       26 ,       35 ,      180 ,       38 ,      195 ,       11 ,      110 ,      159 ,      161 ,      113 ,      152 ,       49 ,       66 ,      150 ,      108 ,      145 ,      132 ,      166 ,      105 ,      194 ,      122 ,       47 ,      107 ,       22 ,      188 ,      138 ,       60 ,       27 ,      141 ,       15 ,       17 ,       82 ,       67 ,      115 ,       68 ,       46 ,       75 ,      183 ,       79 ,       36 ,       86 ,      135 ,      119 ,      140 ,       71 ,      147 ,       33 ,      146 ,       18 ,      131 ,        4 ,      128 ,      189 ,       76 ,      160 ,       98 ,      129 ,       13 ,      197 ,       90 ,       70 ,      117 ,       39 ,       25 ,      153 ,       34 ,       77 ,       52 ,      149 ,      121 ,       10 ,       30 ,       88 ,        9 ,       40 ,       29 ,       62 ,      101 ,       31 ,       94 ,      106 ,       57 ,      170 ,       95 ,       63 ,      172 ,      109 ,      169 ,       20 ,       85 ,       53 ,      190 ,      130 ,      163 ,       44 ,      112 ,      184 ,       42 ,      157 ,       55 ,      193 ,       64 ,        2 ,      168 ,      165 ,       23 ,       21 ,      158 ,      137 ,      167 ,      104 ,       78 ,       56 ,      199 ,       99 ,       58 ,       87 ,      198 ,      142 ,       92 ,       69 ,      123 ,       54 ,      156 ,      116 ,      186 ,      162 ,      174 ,       97 ,       37 ,      181 ,       73 ,       43 ,       96 ,       74 ,      177 ,      182 ,       80 ,       83 ,      143 ,      196 ,       65 ,       50 ,      178 ,      127 ,       41 ,      136 ,       89 ,      173 ,       51 ,       84 ,      148 ,        1 ,       91 ,       93 ,      134 ,       12 ,      164 ,       48 ,      139 ,      111 ,       72 ,      155 ,      192 ,      125 ,        3 ,      118 ,        5 ,      124 ,      114 ,       32 ,       19 ,      187 ,      191 ,      185 ,      176 ,       24 ,      120 ,       16 ,       61 ,       59 ,      103 ,       81 ,      154 ,      171 ,      100 ,      126 , 
     151 ,       45 ,      133 ,      144 ,      102 ,        8 ,      179 ,        6 ,      175 ,        0 ,       14 ,       28 ,       26 ,       38 ,       11 ,      110 ,       35 ,        7 ,      159 ,      180 ,      195 ,      161 ,      113 ,      152 ,       49 ,      150 ,      108 ,      145 ,      132 ,       66 ,      166 ,      194 ,       47 ,      122 ,      105 ,      107 ,      141 ,       27 ,       22 ,       60 ,       17 ,      138 ,       15 ,      188 ,      115 ,       68 ,       82 ,       67 ,       46 ,       75 ,      135 ,       36 ,       86 ,       79 ,      183 ,      119 ,       71 ,      146 ,      147 ,       33 ,        4 ,       18 ,      131 ,      128 ,       76 ,      140 ,      189 ,      129 ,      160 ,       90 ,       98 ,      197 ,       13 ,       70 ,      117 ,      153 ,       39 ,       25 ,      121 ,       52 ,      149 ,       30 ,       34 ,       77 ,       88 ,       62 ,       29 ,       10 ,       94 ,      101 ,        9 ,      170 ,       31 ,       40 ,       95 ,      106 ,      109 ,      169 ,       57 ,       85 ,       63 ,      172 ,       53 ,       20 ,      190 ,      163 ,      130 ,      112 ,       44 ,       42 ,      157 ,        2 ,      184 ,       64 ,      193 ,      168 ,      165 ,       55 ,      167 ,       23 ,      158 ,      137 ,       21 ,      104 ,       78 ,      199 ,      198 ,       56 ,       99 ,       69 ,      142 ,       87 ,       54 ,      156 ,       58 ,      116 ,      123 ,      162 ,       92 ,      186 ,       37 ,      181 ,      174 ,       97 ,       74 ,       96 ,       80 ,       83 ,      182 ,       43 ,       73 ,      177 ,       50 ,      143 ,      196 ,      178 ,       65 ,      127 ,       89 ,       84 ,       41 ,       51 ,      173 ,      136 ,       91 ,      148 ,       93 ,       48 ,      134 ,       12 ,       72 ,      164 ,        1 ,      111 ,      139 ,      192 ,        5 ,      155 ,      114 ,        3 ,      118 ,       19 ,      125 ,      191 ,      124 ,       32 ,      187 ,      185 ,       24 ,      176 ,       59 ,       16 ,      120 ,       81 ,      103 ,       61 ,      171 ,      154 ,      126 ,      100 , 
