391 , 150 , 10 , 136195 , ILST
     115 ,      105 ,       23 ,       64 ,       69 ,       21 ,       45 ,      118 ,      125 ,      123 ,       62 ,       93 ,       48 ,       65 ,       79 ,       94 ,      119 ,       90 ,      149 ,       89 ,       60 ,      135 ,       30 ,       10 ,       80 ,      111 ,        6 ,      110 ,       13 ,       28 ,      128 ,       24 ,      139 ,       36 ,       47 ,      101 ,       12 ,      102 ,       66 ,      107 ,      141 ,        3 ,      140 ,       39 ,       59 ,       32 ,      122 ,      134 ,       74 ,       41 ,      131 ,       15 ,       37 ,        9 ,      116 ,       73 ,       25 ,       87 ,      121 ,       26 ,        2 ,       76 ,       40 ,      126 ,      103 ,        8 ,       55 ,       71 ,      130 ,        1 ,        4 ,      143 ,       85 ,       57 ,       33 ,      142 ,       20 ,        5 ,      129 ,       27 ,      100 ,       42 ,      106 ,      144 ,       29 ,       96 ,      120 ,      132 ,       11 ,       43 ,      113 ,       44 ,       49 ,      124 ,       83 ,      114 ,      108 ,       92 ,       78 ,       19 ,       67 ,       46 ,      145 ,       22 ,       97 ,      146 ,       52 ,       68 ,       70 ,       56 ,       61 ,      136 ,       88 ,      109 ,      104 ,       82 ,       17 ,       81 ,       77 ,       38 ,       84 ,       72 ,       34 ,       58 ,      133 ,       91 ,       53 ,       35 ,       50 ,       86 ,      137 ,      148 ,       95 ,       14 ,       54 ,       31 ,       16 ,      147 ,       51 ,        7 ,      138 ,      127 ,       18 ,       99 ,        0 ,       63 ,      112 ,       75 ,       98 ,      117 , 
      23 ,      115 ,       69 ,       64 ,      105 ,       21 ,      125 ,      123 ,       62 ,       93 ,       45 ,      118 ,       65 ,       48 ,       94 ,       79 ,       90 ,       89 ,      119 ,      149 ,       60 ,       30 ,       10 ,       80 ,      135 ,      111 ,        6 ,      110 ,       28 ,      128 ,      139 ,       36 ,       13 ,      101 ,       24 ,      102 ,       47 ,       12 ,      107 ,       66 ,      140 ,      141 ,       39 ,        3 ,       32 ,      122 ,       59 ,       74 ,      134 ,       41 ,      131 ,       15 ,        9 ,      116 ,       37 ,       25 ,      121 ,       87 ,       26 ,       76 ,       73 ,        2 ,       40 ,      103 ,      126 ,        8 ,       55 ,       71 ,      130 ,        4 ,      143 ,        1 ,       57 ,       85 ,      142 ,        5 ,       33 ,       20 ,      129 ,      100 ,      106 ,      144 ,       27 ,       29 ,      120 ,       42 ,       96 ,       11 ,       43 ,      113 ,       44 ,      132 ,       49 ,      124 ,       83 ,       92 ,      114 ,      108 ,       78 ,       19 ,       67 ,       22 ,       97 ,       46 ,      146 ,      145 ,       52 ,       70 ,       68 ,       56 ,      136 ,       61 ,       88 ,      104 ,      109 ,       82 ,       17 ,       81 ,       72 ,       84 ,       38 ,       58 ,       77 ,      133 ,       34 ,       35 ,       53 ,       91 ,       50 ,       86 ,       95 ,      148 ,       99 ,       14 ,       31 ,      138 ,       51 ,      147 ,       16 ,       54 ,        0 ,      112 ,       63 ,       18 ,        7 ,      127 ,      137 ,       75 ,      117 ,       98 , 
      23 ,       64 ,       69 ,      105 ,      115 ,       21 ,      123 ,       93 ,      125 ,       62 ,       45 ,       48 ,      118 ,       65 ,       94 ,       79 ,      119 ,       90 ,       89 ,       60 ,      149 ,       30 ,       80 ,       10 ,        6 ,      111 ,      135 ,      110 ,      139 ,      128 ,       28 ,      101 ,       13 ,       36 ,      102 ,       12 ,       47 ,       24 ,      140 ,      141 ,      107 ,       66 ,       39 ,        3 ,       32 ,       59 ,       74 ,      134 ,      122 ,      131 ,        9 ,       41 ,       37 ,       15 ,      121 ,       87 ,      116 ,       76 ,       25 ,        2 ,       26 ,       73 ,      126 ,       40 ,        8 ,      103 ,       55 ,        4 ,      143 ,       71 ,      130 ,       57 ,        1 ,       85 ,        5 ,      142 ,      129 ,       20 ,       33 ,      100 ,      144 ,      106 ,       29 ,       27 ,       96 ,       42 ,      120 ,      113 ,       43 ,       44 ,      132 ,       11 ,       49 ,       92 ,      114 ,      124 ,       83 ,      108 ,       78 ,       67 ,       19 ,       97 ,       46 ,       22 ,      145 ,       70 ,      146 ,       52 ,       68 ,       61 ,      136 ,       56 ,      104 ,       82 ,       84 ,       88 ,      109 ,       17 ,       38 ,       58 ,       77 ,       81 ,       72 ,      133 ,       34 ,       35 ,       91 ,       53 ,       95 ,       50 ,       99 ,       86 ,      148 ,      138 ,       51 ,       16 ,      147 ,       31 ,       14 ,       54 ,       63 ,      112 ,        0 ,      127 ,       75 ,        7 ,      137 ,       18 ,       98 ,      117 , 
      23 ,      105 ,       64 ,       69 ,      115 ,       93 ,      125 ,       21 ,       62 ,      123 ,       48 ,      118 ,       45 ,       65 ,       79 ,      119 ,       90 ,       94 ,      149 ,       60 ,       89 ,       10 ,       80 ,       30 ,        6 ,      111 ,      135 ,      128 ,       28 ,      110 ,       13 ,      139 ,      102 ,      101 ,       12 ,       36 ,       24 ,       47 ,      107 ,       66 ,      140 ,        3 ,      141 ,       32 ,       39 ,       74 ,      134 ,       59 ,      122 ,      131 ,       41 ,       15 ,        9 ,       37 ,      121 ,      116 ,       25 ,       87 ,        2 ,       76 ,      126 ,       26 ,       73 ,      103 ,       55 ,        8 ,      143 ,       40 ,       71 ,       57 ,        4 ,      130 ,        1 ,      142 ,      129 ,       85 ,        5 ,       20 ,      100 ,      144 ,       33 ,       29 ,       27 ,      106 ,      120 ,       96 ,      113 ,       42 ,       43 ,      132 ,       11 ,       92 ,       44 ,       49 ,      124 ,      114 ,       83 ,       78 ,       19 ,       97 ,      108 ,       67 ,       22 ,       46 ,      146 ,      145 ,       52 ,       70 ,      136 ,       68 ,       56 ,       61 ,       82 ,      104 ,       84 ,       88 ,      109 ,       58 ,       77 ,       38 ,       34 ,      133 ,       72 ,       17 ,       35 ,       81 ,       95 ,       91 ,       53 ,       99 ,       50 ,      138 ,       51 ,       16 ,       86 ,      148 ,       31 ,       54 ,      147 ,       14 ,       63 ,      127 ,        0 ,      112 ,       75 ,      117 ,       18 ,        7 ,      137 ,       98 , 
      23 ,      105 ,       64 ,       69 ,       93 ,      115 ,      125 ,       62 ,       21 ,      118 ,       45 ,      123 ,       48 ,       65 ,       79 ,      119 ,       94 ,       90 ,      149 ,       89 ,       60 ,       10 ,       80 ,       30 ,      135 ,      111 ,        6 ,       28 ,      128 ,      139 ,      110 ,       13 ,      102 ,       36 ,      101 ,       47 ,       12 ,       24 ,      107 ,      140 ,      141 ,       66 ,       32 ,        3 ,       74 ,       39 ,       59 ,      131 ,       41 ,      134 ,      122 ,       37 ,      121 ,       15 ,        9 ,      116 ,       87 ,        2 ,       76 ,       26 ,      126 ,       25 ,       73 ,        8 ,      143 ,      103 ,       55 ,       40 ,       71 ,       57 ,      130 ,        1 ,        4 ,      142 ,       85 ,       20 ,      129 ,      100 ,       33 ,        5 ,      144 ,      106 ,       27 ,       29 ,      120 ,       96 ,      113 ,       42 ,       43 ,      132 ,       92 ,       11 ,       44 ,       49 ,      124 ,       78 ,      114 ,       19 ,       83 ,      108 ,       67 ,       97 ,       46 ,       22 ,       52 ,      146 ,      136 ,      145 ,       70 ,       68 ,       56 ,      104 ,       61 ,       84 ,       82 ,       58 ,      109 ,       88 ,       34 ,       77 ,       38 ,       72 ,      133 ,       35 ,       81 ,       91 ,       17 ,       95 ,       99 ,       53 ,      138 ,       50 ,       51 ,       16 ,       86 ,      148 ,       54 ,       31 ,       14 ,      147 ,       63 ,      127 ,        0 ,      112 ,       18 ,       75 ,      117 ,        7 ,      137 ,       98 , 
      23 ,       64 ,      105 ,       69 ,       93 ,      115 ,       62 ,      125 ,       45 ,       21 ,      118 ,      123 ,       48 ,       65 ,      119 ,       79 ,       94 ,       90 ,      149 ,       89 ,       10 ,       60 ,       80 ,      135 ,       30 ,      111 ,      128 ,       28 ,        6 ,       13 ,      102 ,      139 ,      101 ,       36 ,       12 ,      110 ,       24 ,      140 ,       47 ,      107 ,       66 ,      141 ,       32 ,       39 ,        3 ,      131 ,       59 ,      134 ,       74 ,       37 ,      121 ,       41 ,       15 ,      122 ,      116 ,        9 ,        2 ,       87 ,       26 ,      126 ,       25 ,       76 ,      143 ,       73 ,      103 ,       55 ,       40 ,        8 ,      130 ,       71 ,       57 ,      142 ,       85 ,        4 ,        1 ,       20 ,       33 ,      100 ,      129 ,        5 ,       27 ,      106 ,      144 ,      120 ,       29 ,       42 ,       96 ,      113 ,       43 ,      132 ,       44 ,       92 ,       11 ,       78 ,      114 ,       19 ,       49 ,      108 ,      124 ,       83 ,       67 ,       22 ,       52 ,      146 ,       46 ,      145 ,       97 ,      136 ,       70 ,       68 ,       56 ,       84 ,       61 ,      104 ,       82 ,       88 ,      109 ,       58 ,       34 ,       72 ,       77 ,       38 ,       35 ,      133 ,       17 ,       81 ,       91 ,       99 ,      138 ,       95 ,       50 ,       53 ,       16 ,       51 ,      148 ,       31 ,       86 ,       54 ,      147 ,        0 ,      127 ,       14 ,       63 ,       18 ,        7 ,      112 ,      137 ,       75 ,       98 ,      117 , 
      64 ,       23 ,      105 ,       69 ,       93 ,      125 ,       62 ,      115 ,       45 ,       21 ,      123 ,      118 ,       65 ,       48 ,       94 ,      119 ,       79 ,      149 ,       90 ,       60 ,       89 ,       10 ,       80 ,       30 ,      111 ,      128 ,      135 ,        6 ,      102 ,       28 ,      139 ,       13 ,       12 ,      101 ,       36 ,      110 ,       24 ,       47 ,      140 ,      141 ,      107 ,       66 ,       39 ,       32 ,       59 ,        3 ,      131 ,       74 ,       37 ,      134 ,       15 ,      122 ,      121 ,       41 ,      116 ,        2 ,       87 ,       26 ,        9 ,       25 ,      126 ,       76 ,      143 ,       73 ,       40 ,       55 ,      103 ,        8 ,       57 ,       71 ,      130 ,        4 ,      142 ,       20 ,        1 ,      100 ,       85 ,      129 ,       27 ,      106 ,       33 ,        5 ,      120 ,       42 ,      144 ,       29 ,      113 ,       43 ,      132 ,       96 ,       44 ,       92 ,       11 ,       78 ,       19 ,       49 ,      114 ,      108 ,       67 ,       83 ,      124 ,       52 ,       22 ,       46 ,      146 ,      136 ,      145 ,       97 ,       68 ,       56 ,       70 ,       61 ,      109 ,       82 ,       88 ,       84 ,      104 ,       34 ,       72 ,       77 ,       58 ,       38 ,      133 ,       35 ,       81 ,       99 ,       17 ,       91 ,       95 ,       53 ,      138 ,      148 ,       16 ,       51 ,       50 ,       31 ,       86 ,       54 ,      147 ,        0 ,       14 ,      127 ,       63 ,       18 ,        7 ,       75 ,      112 ,      137 ,      117 ,       98 , 
      64 ,       69 ,      105 ,       23 ,      125 ,       93 ,      115 ,       62 ,       45 ,      123 ,       21 ,      118 ,       94 ,       65 ,       48 ,      149 ,      119 ,       79 ,       89 ,       90 ,       80 ,       10 ,       60 ,       30 ,      128 ,      135 ,      111 ,        6 ,       28 ,      139 ,      102 ,       13 ,       12 ,      101 ,      110 ,       36 ,       47 ,      140 ,       24 ,      141 ,       66 ,      107 ,       39 ,       59 ,      131 ,       32 ,       74 ,        3 ,      134 ,       15 ,       37 ,      121 ,      122 ,        2 ,       87 ,       41 ,       26 ,      116 ,        9 ,       76 ,       25 ,      126 ,       40 ,      143 ,       55 ,       73 ,      103 ,       71 ,        8 ,      130 ,       57 ,        4 ,      142 ,       20 ,        1 ,       85 ,      129 ,       27 ,      100 ,        5 ,      106 ,       33 ,      120 ,      144 ,      113 ,       42 ,       29 ,      132 ,       43 ,       92 ,       96 ,       11 ,       78 ,       44 ,      114 ,       19 ,       49 ,       83 ,       67 ,      108 ,       52 ,       46 ,      146 ,      124 ,       22 ,       97 ,      136 ,       56 ,      145 ,       68 ,       70 ,       61 ,       88 ,      109 ,       84 ,       34 ,       82 ,      104 ,       72 ,       77 ,       58 ,      133 ,       35 ,       38 ,       99 ,       17 ,       91 ,       81 ,       53 ,       95 ,      148 ,       51 ,      138 ,       16 ,       86 ,       54 ,       50 ,       31 ,      147 ,        0 ,       14 ,      127 ,       63 ,       18 ,        7 ,      137 ,       75 ,      112 ,      117 ,       98 , 
      69 ,       23 ,      105 ,       64 ,      125 ,       93 ,       62 ,       45 ,      115 ,      118 ,      123 ,       21 ,       48 ,       94 ,       65 ,      119 ,       89 ,      149 ,       80 ,       90 ,       79 ,       30 ,       60 ,       10 ,      128 ,      135 ,       28 ,      102 ,      111 ,        6 ,       13 ,       12 ,      101 ,      139 ,       36 ,      110 ,       47 ,       24 ,      140 ,      107 ,       66 ,      141 ,       39 ,       59 ,       32 ,       74 ,      131 ,        3 ,       37 ,       15 ,      121 ,      134 ,        2 ,      122 ,       41 ,       26 ,        9 ,      116 ,       87 ,       76 ,      126 ,      143 ,       25 ,       40 ,       55 ,       71 ,       73 ,      103 ,       57 ,      130 ,        8 ,       20 ,      142 ,        1 ,        4 ,      100 ,       85 ,       27 ,      129 ,      106 ,        5 ,       33 ,      120 ,       42 ,      113 ,      144 ,       29 ,       92 ,       43 ,       11 ,      132 ,       96 ,       44 ,       78 ,       19 ,      114 ,       49 ,      108 ,       52 ,       83 ,       67 ,      124 ,       46 ,      146 ,       22 ,       97 ,       56 ,      136 ,       68 ,       61 ,       70 ,      145 ,       88 ,       82 ,      109 ,       84 ,       34 ,      104 ,       77 ,       72 ,       58 ,       35 ,       38 ,      133 ,       99 ,       17 ,       81 ,       95 ,      148 ,       51 ,       91 ,       53 ,      138 ,       16 ,       54 ,       31 ,       86 ,       50 ,      147 ,        0 ,       14 ,      127 ,       18 ,        7 ,       63 ,      137 ,       75 ,      112 ,      117 ,       98 , 
      69 ,      105 ,       23 ,       64 ,       62 ,      125 ,       93 ,      118 ,       45 ,      115 ,      123 ,       48 ,       65 ,       21 ,       94 ,      119 ,       89 ,       80 ,      149 ,       90 ,       79 ,       28 ,      128 ,       60 ,       30 ,       10 ,      135 ,        6 ,      111 ,      102 ,      139 ,       13 ,      101 ,      110 ,       12 ,       36 ,       47 ,       24 ,      140 ,      141 ,      107 ,       66 ,       39 ,       32 ,       59 ,       74 ,        3 ,      131 ,      121 ,       15 ,       37 ,      134 ,        2 ,      122 ,        9 ,       41 ,       26 ,      116 ,       87 ,      126 ,       76 ,       25 ,      143 ,       71 ,       55 ,      103 ,       73 ,      130 ,       40 ,       57 ,        8 ,       20 ,      142 ,        1 ,      100 ,        4 ,      129 ,      106 ,       27 ,        5 ,       85 ,       42 ,       33 ,      113 ,      120 ,       92 ,       29 ,      144 ,      132 ,       43 ,       11 ,       96 ,       19 ,       78 ,       44 ,      108 ,       52 ,       49 ,      114 ,       83 ,      124 ,      146 ,       67 ,       46 ,       97 ,       22 ,      136 ,       68 ,       56 ,       61 ,      145 ,       70 ,       88 ,       82 ,      109 ,      104 ,       34 ,       84 ,       58 ,       35 ,       77 ,       72 ,      133 ,       38 ,       81 ,       95 ,      148 ,       17 ,       99 ,       53 ,       51 ,      138 ,       91 ,       16 ,       31 ,       54 ,       50 ,       86 ,       14 ,      147 ,        0 ,      127 ,        7 ,       63 ,       18 ,      137 ,      112 ,       75 ,      117 ,       98 , 
