827 , 200 , 10 , 15556 , IG
     114 ,      119 ,       45 ,      192 ,       17 ,      136 ,      177 ,       75 ,       67 ,      112 ,       91 ,      193 ,      105 ,       40 ,       87 ,      178 ,       50 ,      139 ,      157 ,       90 ,       16 ,       86 ,       62 ,      134 ,       63 ,       10 ,      190 ,       25 ,       60 ,       32 ,       37 ,      132 ,      168 ,      170 ,      122 ,      156 ,       53 ,       73 ,      143 ,      194 ,       94 ,      167 ,      103 ,       66 ,       14 ,      186 ,      126 ,      165 ,        2 ,      159 ,      121 ,      179 ,       99 ,       78 ,      150 ,      115 ,        1 ,       84 ,       58 ,        3 ,       36 ,      106 ,       29 ,      147 ,      110 ,      172 ,       61 ,      164 ,       72 ,       65 ,       83 ,       49 ,      101 ,      120 ,       39 ,      145 ,       56 ,      113 ,        8 ,      184 ,      138 ,       30 ,      135 ,      140 ,       57 ,       11 ,       35 ,        5 ,      127 ,       43 ,       46 ,      116 ,       18 ,      199 ,      187 ,      180 ,      155 ,      108 ,      125 ,      153 ,      130 ,       47 ,       38 ,       85 ,       96 ,      144 ,      158 ,       41 ,       27 ,      166 ,       80 ,       98 ,       21 ,       77 ,      141 ,        0 ,       64 ,      162 ,      195 ,       26 ,       44 ,       31 ,      174 ,       20 ,      124 ,       52 ,      197 ,      111 ,       13 ,       33 ,      142 ,       70 ,      107 ,      185 ,       88 ,      117 ,       82 ,       59 ,       76 ,       74 ,      182 ,       51 ,        6 ,      189 ,       97 ,       92 ,      109 ,      137 ,      188 ,      169 ,       34 ,       48 ,       23 ,       69 ,      198 ,      129 ,       68 ,      176 ,       22 ,       15 ,       54 ,       81 ,        9 ,       95 ,      183 ,      181 ,      151 ,       55 ,      175 ,       28 ,      102 ,      171 ,       24 ,       19 ,      100 ,        7 ,      163 ,      146 ,      128 ,       42 ,       12 ,      148 ,      133 ,      123 ,      173 ,      191 ,      104 ,      196 ,      118 ,       93 ,        4 ,      160 ,      131 ,       71 ,      154 ,      152 ,      149 ,      161 ,       89 ,       79 , 
      45 ,      192 ,      177 ,       75 ,      114 ,       17 ,      136 ,       67 ,      119 ,       40 ,      105 ,      112 ,       91 ,       50 ,      178 ,      193 ,       90 ,       86 ,       16 ,       87 ,       62 ,      157 ,      139 ,      134 ,       63 ,       60 ,       25 ,       10 ,       32 ,      190 ,      168 ,      132 ,       53 ,      170 ,       73 ,       37 ,      143 ,      122 ,      103 ,      156 ,       66 ,      194 ,       94 ,      167 ,        2 ,      126 ,      186 ,       14 ,      179 ,      159 ,       99 ,      121 ,      165 ,      150 ,       78 ,      115 ,        1 ,        3 ,       58 ,       84 ,      106 ,       36 ,      110 ,       29 ,      172 ,       72 ,      147 ,       83 ,       65 ,       61 ,      164 ,      101 ,      120 ,      145 ,       49 ,       56 ,      138 ,      184 ,       39 ,      113 ,      135 ,        8 ,       57 ,       30 ,       11 ,       43 ,      140 ,      127 ,        5 ,       35 ,       18 ,      199 ,      187 ,       46 ,      116 ,      153 ,      125 ,      180 ,       47 ,      155 ,      108 ,      144 ,      130 ,       96 ,       85 ,       41 ,      166 ,       27 ,       38 ,       21 ,      158 ,        0 ,       98 ,       64 ,       80 ,      141 ,      162 ,       77 ,       26 ,      174 ,       31 ,       20 ,       44 ,      195 ,      111 ,       13 ,       52 ,       33 ,      197 ,      124 ,       88 ,      185 ,       82 ,      142 ,       70 ,      117 ,      182 ,       51 ,      107 ,       59 ,       76 ,       92 ,       74 ,        6 ,      189 ,      109 ,       97 ,      137 ,       34 ,      188 ,       23 ,       69 ,      169 ,       68 ,       48 ,       22 ,      198 ,      129 ,        9 ,       81 ,      176 ,      181 ,       15 ,       95 ,       54 ,       28 ,      151 ,      175 ,      171 ,      183 ,      102 ,       55 ,       24 ,      100 ,      163 ,       19 ,       12 ,      146 ,      128 ,        7 ,      123 ,      133 ,       42 ,      104 ,      196 ,      173 ,      148 ,      191 ,       93 ,        4 ,      118 ,      154 ,      160 ,      152 ,      131 ,       79 ,       89 ,       71 ,      149 ,      161 , 
      75 ,      192 ,      114 ,      177 ,       45 ,       17 ,      136 ,      119 ,       67 ,       91 ,       40 ,       50 ,      112 ,      105 ,      178 ,       87 ,      193 ,       86 ,       62 ,       90 ,       16 ,      134 ,       60 ,       25 ,       63 ,       10 ,      157 ,      168 ,      139 ,      190 ,      132 ,       32 ,      170 ,      143 ,       73 ,      156 ,       53 ,       37 ,      122 ,      194 ,      103 ,      126 ,       66 ,        2 ,       94 ,      167 ,      186 ,      179 ,      121 ,       14 ,      159 ,       99 ,      165 ,        1 ,        3 ,      150 ,      106 ,       36 ,       78 ,      110 ,      115 ,       84 ,      147 ,       58 ,       29 ,       83 ,      172 ,       61 ,       72 ,      120 ,       65 ,      145 ,      138 ,      101 ,       39 ,      164 ,      184 ,       49 ,       56 ,      113 ,       11 ,      135 ,        8 ,      127 ,       30 ,       57 ,       43 ,      199 ,       35 ,      140 ,        5 ,      116 ,       46 ,       18 ,      187 ,       47 ,      108 ,      180 ,      125 ,      155 ,      144 ,       85 ,      153 ,      130 ,      166 ,       38 ,       41 ,       96 ,       27 ,       21 ,      158 ,      141 ,        0 ,       98 ,       64 ,       77 ,       80 ,       20 ,       31 ,       44 ,       26 ,      174 ,      162 ,      195 ,      111 ,      124 ,       13 ,      197 ,       52 ,       33 ,      185 ,       88 ,       82 ,      182 ,      117 ,      107 ,      142 ,       70 ,       76 ,       51 ,       92 ,      189 ,        6 ,      109 ,       59 ,       74 ,       23 ,       69 ,       34 ,      169 ,      137 ,      188 ,       97 ,       22 ,      198 ,       68 ,        9 ,      129 ,       48 ,      176 ,       15 ,       28 ,       54 ,       95 ,      181 ,       81 ,      151 ,       55 ,      102 ,      175 ,      183 ,      100 ,      171 ,       24 ,      146 ,       19 ,      128 ,       12 ,      163 ,      133 ,        7 ,       42 ,      173 ,      123 ,      104 ,      196 ,        4 ,      191 ,      118 ,      148 ,      160 ,      131 ,      152 ,       93 ,      154 ,       71 ,       79 ,      161 ,      149 ,       89 , 
      75 ,      114 ,      192 ,      177 ,       45 ,       17 ,      136 ,       50 ,       67 ,      119 ,      105 ,      112 ,      178 ,       87 ,       40 ,       62 ,       86 ,       91 ,       90 ,      193 ,      134 ,       25 ,       16 ,       60 ,      139 ,       10 ,      132 ,      157 ,      190 ,      143 ,       63 ,       32 ,      168 ,       37 ,      156 ,      122 ,      103 ,       53 ,      170 ,       73 ,      194 ,       94 ,        2 ,       66 ,      126 ,      186 ,      167 ,       14 ,      179 ,      159 ,        3 ,       99 ,      121 ,      165 ,        1 ,       78 ,      106 ,       36 ,      150 ,      115 ,      110 ,       84 ,      147 ,      172 ,       61 ,       72 ,      120 ,       58 ,       83 ,       29 ,      101 ,      138 ,      145 ,       39 ,      164 ,       65 ,       56 ,      184 ,       49 ,      127 ,      135 ,      113 ,       11 ,       30 ,       35 ,      199 ,        8 ,      140 ,       43 ,      116 ,       46 ,       57 ,       18 ,        5 ,      180 ,       47 ,      187 ,      144 ,      108 ,      125 ,      155 ,      153 ,       38 ,       85 ,      166 ,       41 ,      130 ,       27 ,      141 ,       21 ,       96 ,       77 ,       98 ,        0 ,       20 ,      158 ,       80 ,       64 ,       26 ,      174 ,      195 ,       31 ,      124 ,      111 ,      162 ,       44 ,       52 ,       13 ,      197 ,      182 ,      117 ,      185 ,      107 ,       33 ,       82 ,       76 ,      142 ,       88 ,       70 ,        6 ,       59 ,      109 ,      189 ,       92 ,       74 ,       51 ,       23 ,       69 ,      188 ,      169 ,       22 ,       34 ,      137 ,      198 ,      129 ,       97 ,       48 ,        9 ,       68 ,       28 ,      176 ,       81 ,       15 ,       54 ,       95 ,      181 ,      175 ,      102 ,      151 ,      100 ,       55 ,      183 ,       24 ,      171 ,      163 ,      146 ,        7 ,      133 ,      128 ,       19 ,      173 ,       42 ,       12 ,      196 ,      118 ,      123 ,      104 ,        4 ,      191 ,      152 ,      148 ,      131 ,      160 ,       93 ,       71 ,       89 ,      149 ,      154 ,       79 ,      161 , 
     192 ,       45 ,       75 ,      114 ,      177 ,      136 ,      119 ,      105 ,      178 ,       17 ,       40 ,       67 ,       50 ,       87 ,       90 ,      112 ,       62 ,       86 ,       91 ,       16 ,       25 ,      193 ,      134 ,       10 ,      190 ,      139 ,      132 ,       63 ,       60 ,      143 ,       32 ,      157 ,       37 ,      156 ,       53 ,      170 ,      194 ,       94 ,        2 ,      168 ,      122 ,      103 ,       73 ,      126 ,      186 ,       66 ,      167 ,       14 ,      179 ,      165 ,      159 ,      121 ,        3 ,       99 ,        1 ,       78 ,      150 ,      106 ,       36 ,       84 ,      115 ,      172 ,       61 ,      110 ,      147 ,       83 ,       58 ,       72 ,      145 ,      120 ,       29 ,      101 ,       65 ,      138 ,      184 ,      164 ,      135 ,       56 ,       39 ,       11 ,      127 ,      199 ,      113 ,      140 ,       30 ,       49 ,       43 ,       46 ,       35 ,      116 ,        8 ,        5 ,       47 ,       18 ,       57 ,      108 ,      180 ,      144 ,      187 ,       85 ,      125 ,      166 ,      153 ,      155 ,      141 ,       41 ,       38 ,       27 ,       96 ,       21 ,       77 ,      130 ,       98 ,       64 ,       80 ,        0 ,       20 ,      195 ,      124 ,      158 ,       31 ,      162 ,      174 ,       26 ,       52 ,      111 ,      197 ,      182 ,       13 ,      117 ,      185 ,       44 ,      107 ,       82 ,       33 ,       88 ,       76 ,      142 ,       59 ,        6 ,      109 ,       70 ,       92 ,      189 ,       51 ,       74 ,       69 ,      188 ,       23 ,      169 ,      137 ,      198 ,      129 ,       22 ,       97 ,       34 ,       68 ,       48 ,       81 ,       28 ,        9 ,      176 ,       15 ,       95 ,       54 ,      175 ,       55 ,      151 ,      181 ,      102 ,      100 ,       24 ,      183 ,      163 ,        7 ,      171 ,      128 ,      146 ,       42 ,      133 ,       12 ,      196 ,      104 ,      173 ,       19 ,      118 ,      148 ,      152 ,        4 ,      123 ,      191 ,      160 ,      131 ,       93 ,       71 ,      149 ,       79 ,      154 ,       89 ,      161 , 
      45 ,      192 ,      177 ,       75 ,      114 ,      119 ,       17 ,      136 ,       40 ,      178 ,      105 ,       67 ,       50 ,       86 ,       90 ,       62 ,       91 ,       87 ,       25 ,       16 ,      112 ,      134 ,      190 ,       63 ,      132 ,      193 ,       10 ,      139 ,      157 ,       60 ,      143 ,       32 ,       53 ,       94 ,       37 ,      156 ,      170 ,      168 ,      194 ,        2 ,      103 ,       73 ,      126 ,      122 ,      167 ,      165 ,      179 ,      186 ,      121 ,      159 ,       14 ,       66 ,       99 ,        1 ,        3 ,       78 ,      150 ,      106 ,       84 ,       61 ,      172 ,       36 ,      115 ,      110 ,      145 ,       58 ,      120 ,      147 ,       72 ,       83 ,       29 ,      164 ,      184 ,      101 ,      138 ,      135 ,       11 ,       56 ,      127 ,       65 ,      113 ,      199 ,      140 ,       30 ,       39 ,       49 ,       43 ,        8 ,      116 ,        5 ,       47 ,       18 ,       35 ,       46 ,       57 ,      108 ,      180 ,      144 ,      187 ,      153 ,       85 ,      125 ,       38 ,      141 ,      166 ,      155 ,       41 ,       96 ,       77 ,       64 ,      130 ,       21 ,       27 ,       20 ,        0 ,       98 ,      158 ,       80 ,      174 ,      162 ,      195 ,      124 ,       31 ,       52 ,      111 ,       13 ,      197 ,      185 ,       26 ,       44 ,      117 ,       82 ,      107 ,      182 ,       88 ,      142 ,       59 ,       76 ,       33 ,        6 ,       51 ,       70 ,      109 ,       92 ,       23 ,      189 ,       74 ,      188 ,      137 ,       69 ,      169 ,       22 ,       97 ,      198 ,      129 ,       81 ,       34 ,       28 ,       68 ,       48 ,       95 ,        9 ,       15 ,      176 ,       54 ,      175 ,      100 ,       55 ,      151 ,      102 ,      181 ,       24 ,      183 ,      128 ,      163 ,      171 ,        7 ,       12 ,      196 ,      146 ,       42 ,       19 ,      133 ,      104 ,      118 ,      123 ,      152 ,      148 ,      173 ,        4 ,      131 ,      191 ,      160 ,      149 ,       93 ,       71 ,      154 ,       79 ,       89 ,      161 , 
     192 ,       45 ,      114 ,       17 ,      177 ,       75 ,      119 ,      136 ,       67 ,      178 ,      105 ,       40 ,       90 ,       50 ,       86 ,       16 ,       91 ,       62 ,       87 ,      190 ,       25 ,      134 ,      112 ,       63 ,      193 ,       10 ,      143 ,      132 ,      139 ,      157 ,       94 ,       60 ,      170 ,      156 ,       53 ,       32 ,      168 ,       37 ,      194 ,        2 ,      103 ,      122 ,       73 ,      126 ,      167 ,      186 ,      159 ,       66 ,      179 ,      121 ,      165 ,        1 ,       14 ,      106 ,       99 ,        3 ,       84 ,       78 ,      150 ,      172 ,       36 ,       61 ,      120 ,      115 ,       58 ,      147 ,      110 ,       72 ,      145 ,      164 ,      184 ,       83 ,      101 ,       11 ,       29 ,      199 ,       56 ,      138 ,      135 ,      127 ,       39 ,      140 ,       49 ,      113 ,       65 ,       43 ,       30 ,        5 ,       35 ,        8 ,      116 ,       18 ,       57 ,       47 ,       46 ,      153 ,      180 ,      108 ,      125 ,      144 ,       85 ,      187 ,      155 ,      141 ,       41 ,       38 ,       64 ,       96 ,      166 ,       27 ,       20 ,       21 ,       77 ,      130 ,      158 ,        0 ,      162 ,       80 ,      195 ,      174 ,       98 ,      111 ,      124 ,       13 ,       31 ,       52 ,       26 ,       44 ,      185 ,      117 ,       82 ,      197 ,       59 ,      107 ,      142 ,       76 ,      182 ,       33 ,       88 ,       51 ,      109 ,        6 ,       74 ,       92 ,      137 ,       23 ,       70 ,       69 ,      189 ,      188 ,      169 ,       22 ,       97 ,      198 ,       34 ,       81 ,       48 ,      129 ,       68 ,        9 ,       28 ,      176 ,       54 ,       95 ,       15 ,      175 ,      102 ,      100 ,       55 ,      181 ,      151 ,      171 ,       24 ,      163 ,      128 ,      146 ,      183 ,      196 ,      133 ,       42 ,       12 ,        7 ,       19 ,      148 ,      118 ,      104 ,      131 ,      152 ,      123 ,      149 ,      173 ,       93 ,       71 ,      160 ,        4 ,      191 ,       89 ,      154 ,       79 ,      161 , 
     192 ,       45 ,      114 ,      177 ,       75 ,      119 ,       17 ,       40 ,      136 ,       90 ,       67 ,       86 ,      178 ,      105 ,       50 ,       16 ,       91 ,       62 ,      112 ,       63 ,      190 ,       87 ,       25 ,      134 ,      193 ,      157 ,      143 ,       10 ,      132 ,      139 ,       94 ,       60 ,      170 ,       53 ,      156 ,      168 ,        2 ,      194 ,       37 ,       32 ,       73 ,      103 ,      122 ,      126 ,      179 ,      167 ,      159 ,      121 ,       66 ,      186 ,       99 ,       14 ,       84 ,        1 ,      106 ,      165 ,       78 ,      172 ,        3 ,       36 ,      150 ,       61 ,      120 ,      115 ,      110 ,       72 ,      147 ,       58 ,      184 ,      145 ,       83 ,       11 ,       56 ,      101 ,      164 ,      127 ,      135 ,       29 ,      199 ,      138 ,       65 ,      113 ,      140 ,       39 ,       49 ,       43 ,       35 ,        8 ,       30 ,      116 ,        5 ,       46 ,       18 ,      153 ,      125 ,      108 ,       47 ,       57 ,      180 ,       85 ,       41 ,      144 ,      141 ,      187 ,      155 ,       64 ,       38 ,       20 ,       96 ,      130 ,       21 ,       27 ,      158 ,       80 ,      166 ,       77 ,       98 ,      174 ,      162 ,      111 ,      107 ,        0 ,       13 ,       31 ,      124 ,      185 ,       26 ,       52 ,       51 ,      117 ,       44 ,      109 ,       76 ,      195 ,      197 ,      142 ,       59 ,       88 ,      182 ,       82 ,       92 ,      137 ,       70 ,       33 ,        6 ,      189 ,      188 ,       23 ,       74 ,       97 ,       69 ,       22 ,       81 ,      198 ,      169 ,       48 ,      129 ,       34 ,       68 ,       95 ,        9 ,      176 ,       28 ,       54 ,       55 ,      102 ,       15 ,      175 ,      181 ,      171 ,      146 ,       24 ,      100 ,      163 ,      151 ,       42 ,      128 ,      183 ,       12 ,      133 ,       19 ,      196 ,      118 ,        7 ,      148 ,      173 ,      123 ,      152 ,      131 ,       71 ,      154 ,      149 ,       93 ,      191 ,       89 ,      104 ,      160 ,        4 ,       79 ,      161 , 
     192 ,       45 ,      177 ,      119 ,      114 ,       17 ,       75 ,       40 ,       90 ,       86 ,       50 ,      136 ,       67 ,       16 ,      178 ,      105 ,       63 ,       87 ,      190 ,       91 ,       62 ,      193 ,       25 ,      112 ,      134 ,      143 ,      157 ,       60 ,       94 ,       10 ,      132 ,      139 ,      156 ,      168 ,       53 ,      170 ,        2 ,       37 ,      194 ,      103 ,      126 ,       32 ,       73 ,      179 ,      122 ,      159 ,      186 ,      121 ,       14 ,      167 ,      106 ,       66 ,       99 ,      172 ,        1 ,       36 ,       84 ,      165 ,      120 ,        3 ,       78 ,      147 ,       61 ,      150 ,      184 ,      115 ,      110 ,       58 ,      145 ,       72 ,       11 ,      101 ,       56 ,      164 ,      199 ,       83 ,      138 ,      135 ,      127 ,       39 ,       29 ,      140 ,      113 ,       65 ,       49 ,       35 ,       43 ,       30 ,        8 ,       18 ,        5 ,      116 ,      153 ,       46 ,      125 ,       47 ,      180 ,      108 ,       57 ,       85 ,       41 ,      141 ,      144 ,      155 ,      187 ,       20 ,      130 ,       64 ,       96 ,       38 ,       27 ,       21 ,      166 ,       77 ,       98 ,      158 ,       80 ,      111 ,      107 ,      162 ,      174 ,      124 ,       13 ,       31 ,        0 ,       26 ,       51 ,      117 ,       76 ,       44 ,      197 ,      195 ,      185 ,       52 ,       59 ,      109 ,       92 ,      137 ,      142 ,       82 ,       70 ,      189 ,       88 ,      182 ,       33 ,        6 ,       74 ,       69 ,      188 ,       23 ,       81 ,      198 ,       22 ,      169 ,       97 ,       48 ,       34 ,       68 ,      176 ,      129 ,       95 ,        9 ,       54 ,       28 ,      102 ,       55 ,       15 ,      181 ,      175 ,       24 ,      146 ,      171 ,      100 ,      163 ,       42 ,       12 ,      128 ,      183 ,      151 ,      118 ,       19 ,      133 ,      123 ,      196 ,      148 ,      173 ,        7 ,       71 ,      152 ,      131 ,      149 ,      154 ,       93 ,      191 ,      160 ,      104 ,       79 ,        4 ,       89 ,      161 , 
     192 ,       45 ,      119 ,       75 ,      114 ,       17 ,       40 ,      177 ,       90 ,      136 ,       16 ,      178 ,       67 ,       87 ,       50 ,       86 ,      105 ,      190 ,       91 ,      193 ,       63 ,       62 ,       25 ,      112 ,      134 ,      143 ,      157 ,      139 ,      156 ,       10 ,       60 ,      168 ,      132 ,       94 ,       53 ,        2 ,      170 ,       37 ,      103 ,      126 ,       73 ,      194 ,      122 ,      159 ,       32 ,      179 ,      186 ,       66 ,       14 ,      121 ,      172 ,      106 ,      167 ,      120 ,       99 ,       84 ,        1 ,       36 ,       61 ,        3 ,      165 ,      150 ,      115 ,       78 ,      147 ,       72 ,       58 ,      184 ,       11 ,      110 ,      199 ,      145 ,       56 ,      101 ,       83 ,       39 ,      164 ,      138 ,      135 ,      113 ,       29 ,      127 ,       65 ,      140 ,       43 ,       49 ,        8 ,        5 ,       30 ,      116 ,       35 ,       46 ,       18 ,      125 ,      108 ,      180 ,      153 ,       47 ,       57 ,       41 ,       85 ,      141 ,      144 ,       20 ,      130 ,      155 ,      187 ,       27 ,       64 ,       38 ,       96 ,       98 ,       21 ,      166 ,       77 ,       80 ,      107 ,      124 ,      111 ,       13 ,      158 ,      162 ,        0 ,       26 ,      174 ,       44 ,       51 ,      195 ,       31 ,      197 ,       59 ,      117 ,       76 ,      109 ,      137 ,      185 ,       52 ,       92 ,      142 ,       70 ,      189 ,       82 ,      182 ,       69 ,        6 ,       33 ,       88 ,      198 ,       81 ,       74 ,       23 ,      188 ,       97 ,       22 ,      169 ,       68 ,       34 ,       48 ,       95 ,        9 ,      176 ,      129 ,       54 ,       55 ,       28 ,      102 ,       24 ,      146 ,       15 ,      175 ,      163 ,      100 ,      128 ,      181 ,       12 ,       42 ,      171 ,       19 ,      118 ,      183 ,      151 ,      123 ,      133 ,      148 ,      173 ,      131 ,        7 ,      196 ,       93 ,      191 ,      104 ,      149 ,        4 ,       71 ,      160 ,       79 ,      154 ,      152 ,       89 ,      161 , 
