362 , 150 , 10 , 86719 , ILS
     125 ,       54 ,       98 ,       71 ,       58 ,      123 ,       70 ,       76 ,      138 ,       40 ,       21 ,      147 ,      109 ,       94 ,       41 ,       36 ,       22 ,        6 ,       19 ,       68 ,       18 ,        2 ,      135 ,       64 ,       85 ,        1 ,       67 ,      141 ,       24 ,       95 ,       34 ,       73 ,      130 ,      108 ,      117 ,       48 ,       44 ,       91 ,       39 ,       28 ,       32 ,       49 ,       99 ,      104 ,      105 ,       75 ,       79 ,       61 ,      113 ,       15 ,        9 ,       38 ,      143 ,       57 ,      144 ,      128 ,       37 ,      126 ,       87 ,       14 ,       92 ,      132 ,      142 ,       12 ,      136 ,       97 ,       50 ,       66 ,      106 ,       90 ,      129 ,      149 ,       33 ,       77 ,       72 ,      146 ,       69 ,       23 ,       16 ,      140 ,       78 ,      134 ,        3 ,       26 ,       52 ,       83 ,       60 ,       10 ,       93 ,       80 ,      103 ,       82 ,      122 ,      145 ,      116 ,      124 ,      139 ,      133 ,       59 ,       65 ,      121 ,      120 ,       74 ,      131 ,      112 ,      111 ,      137 ,       55 ,       30 ,       53 ,       20 ,        8 ,       96 ,      114 ,        7 ,       47 ,       81 ,       89 ,      107 ,       88 ,       43 ,      119 ,       29 ,       27 ,       31 ,        0 ,       13 ,       63 ,      101 ,      127 ,      148 ,       51 ,        5 ,       86 ,       84 ,       35 ,      118 ,       62 ,      115 ,      102 ,       56 ,       25 ,        4 ,      110 ,       45 ,      100 ,       11 ,       17 ,       46 ,       42 , 
     125 ,       98 ,       71 ,       58 ,       54 ,       76 ,      123 ,       70 ,      138 ,      147 ,       40 ,       94 ,       21 ,       41 ,       22 ,        6 ,      109 ,       68 ,       18 ,       36 ,       19 ,      135 ,       85 ,        1 ,       64 ,        2 ,       24 ,      141 ,       34 ,       67 ,       73 ,      130 ,       95 ,      108 ,      117 ,       44 ,       48 ,       39 ,       28 ,       91 ,       32 ,       99 ,       49 ,      104 ,      105 ,       79 ,       75 ,       61 ,      113 ,        9 ,       15 ,       38 ,      144 ,      128 ,      143 ,       57 ,       87 ,       37 ,      126 ,       92 ,       14 ,      142 ,      132 ,      136 ,       50 ,       97 ,       12 ,       66 ,      106 ,       90 ,      129 ,      149 ,       33 ,       77 ,      146 ,       69 ,       16 ,       72 ,       23 ,      134 ,      140 ,       78 ,       52 ,        3 ,       26 ,       83 ,      122 ,       80 ,       93 ,       82 ,       10 ,       60 ,      103 ,      124 ,      139 ,      145 ,      133 ,      116 ,       59 ,       65 ,      121 ,       74 ,       55 ,      112 ,      131 ,      111 ,      120 ,       30 ,      137 ,       53 ,       20 ,        8 ,       96 ,        7 ,       47 ,       89 ,      107 ,      114 ,       43 ,       81 ,       29 ,       88 ,       31 ,      119 ,       86 ,       51 ,       27 ,        0 ,      101 ,      110 ,       84 ,       13 ,       63 ,      127 ,        5 ,       56 ,      118 ,       11 ,       62 ,       25 ,       46 ,      115 ,      148 ,      102 ,       45 ,      100 ,       17 ,       35 ,       42 ,        4 , 
      98 ,      125 ,       58 ,       71 ,       54 ,      123 ,       70 ,       76 ,      138 ,      147 ,       40 ,       21 ,       94 ,        6 ,       22 ,      109 ,       18 ,       41 ,       36 ,       68 ,       19 ,        1 ,       64 ,      135 ,       85 ,        2 ,      141 ,       24 ,       67 ,       73 ,       34 ,      108 ,       95 ,      130 ,      117 ,       44 ,       28 ,       48 ,       91 ,       39 ,       32 ,      104 ,       49 ,       99 ,      105 ,       79 ,      113 ,       61 ,        9 ,       38 ,       15 ,       75 ,      144 ,       57 ,       87 ,       37 ,      143 ,      126 ,      128 ,       92 ,       14 ,      132 ,      142 ,      136 ,       50 ,       66 ,       12 ,       97 ,       90 ,      106 ,       33 ,       69 ,      149 ,       77 ,      129 ,       72 ,      146 ,       16 ,       23 ,      134 ,      140 ,       78 ,        3 ,       52 ,      122 ,       26 ,       93 ,       83 ,       80 ,       10 ,      103 ,       82 ,       60 ,      145 ,      139 ,      124 ,      116 ,       59 ,      133 ,       55 ,       65 ,      112 ,      121 ,       74 ,      131 ,      111 ,      120 ,       30 ,      137 ,       53 ,       20 ,        8 ,       96 ,        7 ,      107 ,       47 ,      114 ,       81 ,       89 ,       88 ,       43 ,      119 ,       29 ,       51 ,       31 ,       86 ,       27 ,      101 ,        0 ,       84 ,       63 ,      110 ,       13 ,      127 ,       56 ,      118 ,        5 ,       25 ,       62 ,       11 ,       46 ,      102 ,      148 ,      115 ,       45 ,       17 ,      100 ,       35 ,       42 ,        4 , 
      98 ,       58 ,      125 ,       71 ,      123 ,       54 ,       70 ,      138 ,       76 ,       40 ,      147 ,        6 ,       21 ,       94 ,       22 ,       18 ,       41 ,      109 ,       68 ,       36 ,        1 ,       19 ,      135 ,        2 ,       64 ,       85 ,       24 ,       73 ,      141 ,      108 ,       67 ,       34 ,      130 ,       44 ,       95 ,      117 ,       48 ,       28 ,       39 ,       91 ,       32 ,       49 ,      105 ,       79 ,      113 ,      104 ,        9 ,       61 ,       99 ,       75 ,       38 ,      144 ,       15 ,       37 ,       57 ,      126 ,      143 ,       92 ,       87 ,      128 ,      132 ,       14 ,      142 ,       66 ,      136 ,       50 ,       12 ,       97 ,       90 ,      106 ,       33 ,       77 ,       69 ,      129 ,      146 ,       72 ,      149 ,       23 ,       16 ,      140 ,      134 ,       78 ,      122 ,        3 ,       52 ,       93 ,       26 ,       83 ,       80 ,       82 ,      103 ,       10 ,       60 ,      139 ,      116 ,      145 ,       59 ,      124 ,      133 ,       55 ,       65 ,       74 ,      112 ,      131 ,      121 ,       30 ,      120 ,      111 ,       53 ,      137 ,        8 ,       20 ,       96 ,        7 ,      107 ,       47 ,      114 ,       88 ,       81 ,       43 ,       89 ,      119 ,       51 ,       29 ,       27 ,       86 ,       31 ,       84 ,        0 ,      101 ,       63 ,      127 ,      110 ,       13 ,      118 ,        5 ,       56 ,       25 ,       62 ,       11 ,       46 ,      102 ,      115 ,      148 ,       17 ,      100 ,       45 ,       42 ,       35 ,        4 , 
      98 ,       58 ,      125 ,       71 ,       70 ,       54 ,      123 ,       40 ,      147 ,       76 ,      138 ,        6 ,       21 ,       94 ,       22 ,      109 ,       41 ,       18 ,       68 ,       19 ,       36 ,        1 ,      135 ,       64 ,        2 ,       24 ,       85 ,       73 ,      141 ,      108 ,       67 ,       34 ,       95 ,      117 ,      130 ,       44 ,       48 ,       28 ,       39 ,       32 ,       49 ,      105 ,       91 ,       79 ,      104 ,        9 ,      113 ,       61 ,       38 ,       99 ,       37 ,       15 ,       75 ,       57 ,      144 ,      126 ,       92 ,      128 ,       87 ,      143 ,       14 ,      132 ,       66 ,      136 ,      142 ,       50 ,       12 ,       90 ,      106 ,       97 ,       77 ,       33 ,      129 ,      146 ,       72 ,       69 ,      149 ,       23 ,      140 ,      134 ,       16 ,      122 ,       78 ,       52 ,       93 ,        3 ,       83 ,       26 ,       82 ,       10 ,       80 ,      103 ,      139 ,       60 ,      116 ,      145 ,       59 ,      124 ,      133 ,       65 ,       74 ,       55 ,      131 ,      121 ,      112 ,       30 ,      120 ,       53 ,      111 ,        8 ,      137 ,       96 ,       20 ,        7 ,      107 ,       47 ,      114 ,       88 ,       81 ,       89 ,       43 ,      119 ,       29 ,       51 ,       86 ,       31 ,       84 ,       27 ,        0 ,      127 ,      101 ,       63 ,      118 ,       13 ,      110 ,        5 ,       56 ,       62 ,       25 ,       11 ,       46 ,      102 ,      148 ,      115 ,       17 ,      100 ,       42 ,        4 ,       35 ,       45 , 
      98 ,       58 ,       71 ,      125 ,       54 ,       70 ,      123 ,      147 ,       76 ,       40 ,       21 ,        6 ,      138 ,       94 ,       22 ,      109 ,       18 ,       41 ,       68 ,       19 ,       36 ,      135 ,        1 ,        2 ,       64 ,       24 ,       85 ,       73 ,      141 ,       34 ,      108 ,       67 ,      117 ,       95 ,      130 ,       44 ,       39 ,       28 ,       48 ,       32 ,      105 ,       49 ,      104 ,       91 ,        9 ,       79 ,       61 ,      113 ,       99 ,       38 ,       15 ,       37 ,      144 ,       75 ,      126 ,       57 ,       92 ,      143 ,      128 ,       14 ,       87 ,      132 ,      142 ,       66 ,       50 ,       90 ,       12 ,       97 ,      106 ,      136 ,      129 ,       77 ,       33 ,      146 ,       72 ,       23 ,      140 ,       69 ,      149 ,       16 ,      134 ,       83 ,       93 ,       78 ,      122 ,        3 ,       82 ,       52 ,       80 ,       10 ,      103 ,      139 ,      116 ,       26 ,       60 ,       59 ,      145 ,      133 ,       74 ,       55 ,      124 ,       65 ,      121 ,      131 ,      120 ,      112 ,       30 ,        8 ,      111 ,       53 ,      137 ,       96 ,      107 ,        7 ,       47 ,       20 ,       88 ,       81 ,       84 ,       89 ,       29 ,       27 ,       31 ,        0 ,       51 ,      114 ,       63 ,      119 ,      127 ,       13 ,       43 ,       86 ,      101 ,      118 ,      110 ,       46 ,       25 ,       56 ,       11 ,        5 ,       62 ,      115 ,      148 ,      102 ,      100 ,        4 ,       42 ,       45 ,       17 ,       35 , 
      98 ,       58 ,      125 ,       71 ,      123 ,       54 ,       70 ,       76 ,       40 ,       21 ,      138 ,      147 ,       94 ,        6 ,       22 ,       18 ,      109 ,       41 ,       19 ,       68 ,        1 ,       36 ,      135 ,       64 ,        2 ,       24 ,       85 ,       73 ,      108 ,       34 ,      141 ,      117 ,       95 ,       67 ,       28 ,       44 ,      130 ,       32 ,       48 ,       39 ,       49 ,      105 ,       91 ,      104 ,        9 ,      113 ,       61 ,       79 ,       99 ,       37 ,       38 ,       15 ,      144 ,       57 ,       75 ,      143 ,      126 ,       92 ,      128 ,      132 ,       14 ,       87 ,       50 ,       66 ,      142 ,       12 ,       97 ,      106 ,      129 ,      136 ,       90 ,       77 ,       33 ,       72 ,       23 ,      146 ,      149 ,       69 ,      134 ,       16 ,      140 ,       83 ,       93 ,       78 ,      122 ,       82 ,       52 ,        3 ,       80 ,       10 ,      103 ,       26 ,      139 ,       60 ,       59 ,      116 ,      145 ,      133 ,       55 ,       65 ,      121 ,      124 ,       74 ,      131 ,       30 ,      120 ,      112 ,       53 ,        8 ,      111 ,       96 ,      137 ,       47 ,      107 ,       20 ,       81 ,        7 ,       84 ,       88 ,       89 ,       27 ,       29 ,        0 ,       31 ,      114 ,       51 ,      119 ,      127 ,       63 ,       86 ,       13 ,       43 ,      101 ,       46 ,      110 ,      118 ,       25 ,       11 ,        5 ,       62 ,       56 ,      148 ,      102 ,      115 ,        4 ,       45 ,       17 ,      100 ,       42 ,       35 , 
      98 ,       58 ,      125 ,       71 ,      123 ,       54 ,       70 ,       40 ,       76 ,       21 ,       94 ,        6 ,      138 ,      147 ,       18 ,       22 ,      109 ,       41 ,       19 ,       68 ,        1 ,       64 ,       36 ,      135 ,        2 ,       24 ,       73 ,       85 ,      108 ,       34 ,       95 ,      141 ,      117 ,       28 ,       67 ,      130 ,       48 ,       44 ,       32 ,       39 ,      105 ,       49 ,       91 ,      104 ,        9 ,      113 ,       79 ,       61 ,       99 ,       38 ,       37 ,      144 ,       15 ,       57 ,       75 ,      143 ,      126 ,       92 ,      128 ,       87 ,      132 ,       50 ,       14 ,      142 ,       66 ,       12 ,       97 ,      129 ,      106 ,      136 ,       77 ,       90 ,       23 ,       72 ,      149 ,       33 ,       69 ,      146 ,       16 ,       83 ,      134 ,      140 ,      122 ,       93 ,       52 ,       82 ,       78 ,        3 ,       80 ,       10 ,       26 ,      103 ,      139 ,       60 ,      145 ,      116 ,       59 ,       65 ,      121 ,      124 ,      133 ,       74 ,       55 ,      131 ,       30 ,      120 ,      112 ,      111 ,       53 ,       96 ,      137 ,        8 ,       47 ,      107 ,        7 ,       20 ,       88 ,       81 ,       84 ,       29 ,       89 ,       27 ,        0 ,      114 ,      127 ,      119 ,       31 ,       86 ,       13 ,       51 ,       63 ,       43 ,      101 ,      110 ,       46 ,      118 ,       25 ,       11 ,       56 ,        5 ,      102 ,      115 ,       62 ,       17 ,       45 ,        4 ,      100 ,       42 ,      148 ,       35 , 
      98 ,       58 ,      125 ,       71 ,       54 ,      123 ,       40 ,       70 ,       76 ,       94 ,       21 ,        6 ,      147 ,      138 ,       18 ,       22 ,      109 ,       19 ,       41 ,        1 ,       36 ,       68 ,        2 ,      135 ,       64 ,       24 ,       73 ,       85 ,      108 ,       34 ,      117 ,       95 ,      141 ,       67 ,       28 ,       44 ,       48 ,       32 ,      130 ,      105 ,       49 ,       39 ,       91 ,      104 ,        9 ,       79 ,       61 ,      113 ,       38 ,       99 ,       15 ,       37 ,      144 ,      126 ,      143 ,       75 ,       57 ,      132 ,       87 ,      128 ,       92 ,       50 ,      142 ,       14 ,       12 ,       66 ,      106 ,       97 ,      129 ,      136 ,       90 ,       77 ,       72 ,       23 ,       33 ,      149 ,      146 ,       69 ,       16 ,      134 ,      140 ,       83 ,      122 ,       93 ,       52 ,       82 ,       78 ,       10 ,        3 ,      103 ,       80 ,       60 ,      139 ,       26 ,      145 ,       59 ,      116 ,       65 ,      124 ,       74 ,       55 ,      121 ,      131 ,      120 ,      133 ,       30 ,      112 ,       53 ,       96 ,      137 ,      111 ,       47 ,        8 ,      107 ,       89 ,        7 ,       20 ,       29 ,       81 ,        0 ,      114 ,       84 ,       88 ,       27 ,       31 ,      127 ,      119 ,       86 ,       51 ,       63 ,       43 ,       13 ,      101 ,      110 ,      118 ,       46 ,       11 ,        5 ,       25 ,       56 ,      115 ,      102 ,       45 ,       62 ,        4 ,      100 ,       17 ,       35 ,      148 ,       42 , 
      58 ,       98 ,      125 ,       71 ,       54 ,       70 ,      123 ,       76 ,       40 ,       94 ,        6 ,      147 ,       21 ,      138 ,       18 ,       22 ,       41 ,      109 ,       19 ,        1 ,       68 ,       36 ,      135 ,       24 ,       64 ,        2 ,       73 ,      108 ,       85 ,       34 ,      117 ,       67 ,      141 ,       28 ,       95 ,       48 ,      130 ,       44 ,       32 ,       49 ,      105 ,       91 ,       39 ,      104 ,       61 ,        9 ,       79 ,       38 ,       99 ,      113 ,       15 ,      126 ,      144 ,       37 ,       75 ,      132 ,      143 ,       87 ,       92 ,       57 ,       50 ,      128 ,       14 ,       66 ,      142 ,      106 ,       12 ,      136 ,       90 ,       97 ,       77 ,      129 ,       72 ,       33 ,      149 ,       23 ,       16 ,      146 ,      134 ,       69 ,       83 ,      140 ,      122 ,       93 ,       78 ,       52 ,       82 ,      103 ,        3 ,       10 ,       80 ,      139 ,       26 ,       60 ,      124 ,      116 ,       59 ,      145 ,       74 ,       65 ,       55 ,      131 ,      121 ,      120 ,      133 ,       53 ,      112 ,       30 ,      111 ,       96 ,      137 ,       47 ,      107 ,        8 ,       20 ,        7 ,        0 ,       89 ,       29 ,       81 ,      114 ,       27 ,      127 ,       84 ,      119 ,       31 ,       51 ,       88 ,       63 ,       86 ,       13 ,       43 ,      101 ,      118 ,      110 ,       46 ,       25 ,        5 ,      100 ,      115 ,      102 ,       17 ,       62 ,       11 ,       45 ,       56 ,      148 ,        4 ,       42 ,       35 , 
