1425 , 200 , 10 , 288099 , ILST
       2 ,      148 ,      120 ,       59 ,      195 ,      112 ,       14 ,      198 ,      122 ,      153 ,      183 ,       12 ,        4 ,       20 ,       33 ,      192 ,       48 ,      186 ,       23 ,        5 ,       22 ,       17 ,      137 ,      159 ,       84 ,       40 ,      124 ,       92 ,       54 ,       81 ,       52 ,      110 ,      158 ,       53 ,      199 ,       85 ,      161 ,       30 ,       41 ,       58 ,       74 ,      121 ,      170 ,       50 ,       28 ,       15 ,       64 ,       35 ,       93 ,      132 ,      100 ,      154 ,        8 ,      141 ,       97 ,      133 ,       90 ,      164 ,        3 ,      174 ,      194 ,      143 ,      172 ,       70 ,      162 ,       87 ,      145 ,      150 ,      184 ,      118 ,        6 ,      130 ,       95 ,        9 ,       46 ,      134 ,      167 ,      175 ,      144 ,      189 ,       42 ,       18 ,      111 ,      193 ,       94 ,       19 ,       86 ,       75 ,       51 ,      128 ,      102 ,      163 ,      131 ,       65 ,      107 ,      147 ,      185 ,       91 ,      146 ,       89 ,      180 ,       32 ,      116 ,      129 ,      105 ,      187 ,       72 ,       36 ,       49 ,      182 ,       29 ,       61 ,       10 ,       63 ,       39 ,      168 ,      179 ,       82 ,       55 ,       67 ,      138 ,      152 ,       43 ,      155 ,      139 ,      188 ,       57 ,       56 ,      117 ,      149 ,      115 ,      142 ,      173 ,       66 ,      114 ,      191 ,        7 ,      197 ,      113 ,       24 ,       68 ,      196 ,      119 ,       38 ,       25 ,       62 ,      104 ,       71 ,       60 ,      125 ,      108 ,      123 ,       96 ,      178 ,      135 ,      127 ,      190 ,       73 ,       13 ,      171 ,       45 ,      156 ,       16 ,       98 ,      160 ,       37 ,        1 ,      176 ,       47 ,       78 ,       99 ,       77 ,      106 ,       69 ,      166 ,        0 ,       31 ,      136 ,       27 ,      157 ,       11 ,       88 ,       34 ,      151 ,      181 ,       44 ,      165 ,       26 ,       80 ,      140 ,      103 ,      126 ,       79 ,       76 ,      109 ,       21 ,       83 ,      169 ,      101 ,      177 , 
     148 ,      112 ,        2 ,       14 ,      122 ,       59 ,      198 ,      153 ,      120 ,      183 ,       12 ,      195 ,        4 ,       33 ,       20 ,        5 ,      192 ,       17 ,      186 ,       22 ,       48 ,       40 ,       23 ,       84 ,      124 ,      137 ,      159 ,       81 ,       92 ,       53 ,      110 ,       54 ,       52 ,      158 ,       85 ,      199 ,       74 ,      161 ,      121 ,       30 ,       28 ,       50 ,       41 ,       58 ,      170 ,       35 ,       64 ,       15 ,      154 ,        8 ,      132 ,      100 ,       93 ,      164 ,      133 ,      141 ,      194 ,      174 ,       90 ,       97 ,       70 ,        3 ,      162 ,      143 ,      145 ,       87 ,      172 ,      130 ,      150 ,      184 ,       95 ,       46 ,      118 ,        6 ,        9 ,      167 ,      134 ,      144 ,      111 ,      175 ,      189 ,       19 ,      193 ,       42 ,       18 ,      128 ,       94 ,       75 ,       51 ,       86 ,       65 ,      102 ,      131 ,      163 ,       91 ,      107 ,      147 ,      185 ,      146 ,      129 ,       89 ,       32 ,      116 ,      105 ,      180 ,       36 ,      182 ,       72 ,      187 ,       29 ,       63 ,       49 ,       61 ,      168 ,       82 ,       67 ,       10 ,       39 ,       43 ,      152 ,      155 ,      138 ,      179 ,      139 ,       55 ,      117 ,      188 ,      115 ,       57 ,      173 ,      114 ,       56 ,      149 ,      142 ,       66 ,      197 ,        7 ,      191 ,      113 ,       24 ,       25 ,       68 ,      196 ,       62 ,      104 ,       38 ,       60 ,      119 ,       71 ,      123 ,      135 ,      178 ,      125 ,       96 ,      127 ,      190 ,      108 ,      156 ,       73 ,       13 ,       98 ,       45 ,      171 ,       16 ,       37 ,      160 ,       47 ,        1 ,       78 ,      176 ,       99 ,      166 ,       77 ,       69 ,      136 ,      106 ,        0 ,       11 ,       31 ,       27 ,      157 ,      181 ,      151 ,       88 ,       44 ,       34 ,       26 ,      103 ,      165 ,      140 ,       80 ,       79 ,       83 ,      126 ,       76 ,      169 ,      101 ,      177 ,       21 ,      109 , 
     112 ,      122 ,        2 ,      153 ,      120 ,      148 ,       14 ,      183 ,        4 ,       59 ,       33 ,      198 ,      195 ,      192 ,       12 ,       20 ,      186 ,       17 ,        5 ,       22 ,       23 ,       48 ,      124 ,       40 ,      137 ,       81 ,      159 ,       84 ,       53 ,      110 ,       92 ,       52 ,       54 ,      161 ,       74 ,      121 ,      158 ,       85 ,       41 ,      199 ,       30 ,       28 ,       50 ,       64 ,       35 ,       58 ,      154 ,      170 ,      132 ,      100 ,       15 ,      141 ,        8 ,      174 ,       93 ,       90 ,      194 ,      164 ,        3 ,      133 ,       97 ,       87 ,      172 ,       70 ,      145 ,      162 ,        6 ,       95 ,      184 ,      130 ,      118 ,      150 ,      143 ,       46 ,      144 ,      134 ,      167 ,        9 ,      111 ,      189 ,       42 ,       19 ,       94 ,      193 ,      175 ,       18 ,       51 ,       75 ,      102 ,      128 ,       65 ,       86 ,      163 ,      107 ,      185 ,      131 ,       91 ,      129 ,       32 ,       89 ,      147 ,      146 ,      180 ,      182 ,       72 ,      105 ,      187 ,       63 ,      116 ,       36 ,       49 ,       82 ,       61 ,       67 ,      168 ,       29 ,      155 ,       39 ,       43 ,      179 ,      152 ,       10 ,      117 ,      188 ,      138 ,      139 ,       57 ,      114 ,      173 ,       55 ,       56 ,      115 ,       66 ,      149 ,      142 ,      113 ,      197 ,      191 ,       24 ,       62 ,        7 ,       25 ,       38 ,      196 ,       68 ,      104 ,      178 ,      135 ,       60 ,       71 ,      123 ,      125 ,      108 ,      119 ,      190 ,      127 ,       96 ,       73 ,      156 ,       13 ,       45 ,       98 ,       37 ,       47 ,      171 ,       78 ,      160 ,       16 ,        1 ,      166 ,      176 ,       69 ,       77 ,       99 ,      136 ,       27 ,      157 ,       31 ,        0 ,       11 ,      106 ,       88 ,      181 ,       44 ,      103 ,       26 ,       34 ,      151 ,      165 ,      140 ,       80 ,       83 ,       79 ,      126 ,      101 ,      169 ,       76 ,      109 ,       21 ,      177 , 
       2 ,      122 ,       14 ,      120 ,      112 ,      153 ,      148 ,        4 ,      183 ,      198 ,      195 ,      192 ,       59 ,       20 ,       33 ,        5 ,      186 ,       23 ,       17 ,       12 ,      137 ,       22 ,      159 ,      124 ,       40 ,       48 ,       84 ,       81 ,      110 ,       53 ,      161 ,       52 ,       92 ,       54 ,       74 ,       85 ,      121 ,       41 ,       30 ,      199 ,      158 ,       50 ,       35 ,      154 ,       64 ,      132 ,       28 ,       58 ,       15 ,      170 ,      100 ,       93 ,        8 ,       90 ,        3 ,      141 ,      174 ,      164 ,       97 ,      194 ,      133 ,      172 ,        6 ,       87 ,       70 ,      145 ,      162 ,      184 ,      150 ,      130 ,      143 ,       95 ,      118 ,      144 ,       46 ,      111 ,      134 ,      167 ,       94 ,        9 ,       19 ,       42 ,      189 ,       75 ,       51 ,      175 ,      128 ,       18 ,      193 ,      102 ,       86 ,      185 ,       91 ,       65 ,      163 ,      107 ,      131 ,       89 ,       32 ,      129 ,      180 ,      147 ,      187 ,      182 ,       72 ,      146 ,      116 ,       63 ,      105 ,       82 ,       67 ,       61 ,       36 ,       29 ,      155 ,       49 ,      168 ,       10 ,       39 ,      188 ,      117 ,      179 ,       43 ,      152 ,      139 ,       57 ,      138 ,      114 ,       55 ,      115 ,       56 ,      173 ,       66 ,      197 ,      113 ,      191 ,      149 ,      142 ,       24 ,       25 ,       38 ,      196 ,      104 ,       68 ,       62 ,        7 ,      135 ,       71 ,      178 ,       60 ,      123 ,      119 ,      190 ,      108 ,      125 ,       13 ,      127 ,       73 ,       96 ,       98 ,       45 ,       47 ,       37 ,      156 ,      171 ,        1 ,      160 ,       16 ,       78 ,       99 ,      166 ,      176 ,      136 ,       69 ,        0 ,       27 ,       77 ,       31 ,       11 ,      106 ,       34 ,       44 ,       88 ,      157 ,      165 ,      103 ,       26 ,      181 ,      151 ,      140 ,       80 ,       79 ,       83 ,      169 ,       76 ,      101 ,      126 ,      177 ,      109 ,       21 , 
       2 ,      120 ,      122 ,       14 ,        4 ,      183 ,      153 ,      148 ,      112 ,      198 ,      195 ,       33 ,      186 ,       59 ,       20 ,      192 ,       17 ,       23 ,        5 ,       12 ,      137 ,       22 ,       40 ,      124 ,      159 ,      110 ,       48 ,       84 ,       81 ,       54 ,       53 ,       92 ,      161 ,       52 ,      121 ,       85 ,       74 ,      199 ,       30 ,       50 ,       41 ,      132 ,      158 ,       15 ,       58 ,      154 ,       64 ,       35 ,      170 ,       93 ,       28 ,      100 ,        8 ,       90 ,      174 ,      141 ,        3 ,       97 ,      133 ,      194 ,      164 ,       70 ,      162 ,        6 ,      172 ,       87 ,      143 ,      184 ,      130 ,      118 ,      150 ,      145 ,      144 ,      111 ,       46 ,       95 ,        9 ,       42 ,       19 ,      134 ,      167 ,      189 ,       94 ,       51 ,       75 ,      175 ,      128 ,      185 ,       18 ,      102 ,       91 ,      193 ,       65 ,       86 ,       89 ,      163 ,      107 ,       32 ,      131 ,      129 ,      147 ,      146 ,      187 ,       72 ,      180 ,      105 ,      182 ,       82 ,       61 ,       63 ,       29 ,      116 ,       67 ,       36 ,      168 ,       10 ,       49 ,      155 ,      188 ,       39 ,      139 ,       43 ,      138 ,      179 ,      117 ,       57 ,      152 ,       55 ,      114 ,      173 ,      115 ,       66 ,      149 ,       56 ,      191 ,      142 ,      113 ,      197 ,       24 ,       38 ,      104 ,       62 ,       25 ,      135 ,       68 ,       71 ,      196 ,      178 ,      119 ,        7 ,      123 ,      190 ,       60 ,      125 ,      127 ,       13 ,      108 ,       45 ,       96 ,       73 ,      171 ,       98 ,      156 ,        1 ,       47 ,       37 ,       78 ,       16 ,      166 ,       99 ,        0 ,      176 ,      160 ,      136 ,       69 ,       11 ,       27 ,       31 ,       77 ,      157 ,       88 ,      106 ,       44 ,       34 ,      181 ,      165 ,      103 ,      140 ,       80 ,      151 ,       79 ,       26 ,       83 ,      169 ,       76 ,      101 ,       21 ,      177 ,      126 ,      109 , 
     122 ,        2 ,      120 ,       14 ,      148 ,      183 ,      112 ,        4 ,      198 ,      153 ,       20 ,      192 ,      186 ,       33 ,      195 ,       59 ,       23 ,        5 ,       40 ,       17 ,      137 ,       12 ,       22 ,      159 ,       84 ,      110 ,      124 ,       92 ,       81 ,       48 ,       53 ,       54 ,       52 ,       85 ,      121 ,       30 ,       41 ,      161 ,       74 ,      199 ,      132 ,       50 ,      158 ,       58 ,       15 ,       35 ,      170 ,      154 ,       93 ,       28 ,       64 ,      174 ,        8 ,      100 ,      141 ,       90 ,        3 ,      164 ,      133 ,       97 ,        6 ,       70 ,      194 ,      162 ,      118 ,       87 ,      143 ,      184 ,      130 ,      172 ,      150 ,      144 ,        9 ,       46 ,       42 ,       95 ,      111 ,      145 ,      189 ,       19 ,      134 ,       94 ,      167 ,       51 ,       18 ,       75 ,      175 ,      102 ,      128 ,      185 ,      193 ,       91 ,       32 ,       86 ,       89 ,       65 ,      129 ,      147 ,      163 ,      187 ,      131 ,      146 ,      107 ,       72 ,      105 ,       82 ,       29 ,      182 ,      180 ,       61 ,      116 ,       63 ,       67 ,      155 ,       36 ,       49 ,       39 ,       10 ,      139 ,      168 ,      179 ,       43 ,      188 ,      117 ,      114 ,      152 ,      138 ,       55 ,       66 ,       57 ,      191 ,      115 ,       56 ,      173 ,      142 ,      197 ,      149 ,       38 ,       24 ,       62 ,      113 ,       68 ,      135 ,      104 ,       71 ,       25 ,      196 ,      178 ,      119 ,        7 ,      190 ,      125 ,      108 ,       60 ,       13 ,      123 ,       96 ,      127 ,       45 ,       73 ,      156 ,       47 ,        1 ,       98 ,       78 ,      171 ,       16 ,       99 ,      176 ,       37 ,       69 ,      160 ,      136 ,      166 ,        0 ,       31 ,       27 ,       77 ,       44 ,       11 ,      106 ,      165 ,      157 ,      181 ,      140 ,      103 ,       34 ,      151 ,       88 ,       80 ,      169 ,       79 ,       26 ,       83 ,       76 ,      126 ,      101 ,      177 ,       21 ,      109 , 
     122 ,        2 ,      120 ,      183 ,      148 ,        4 ,      153 ,      112 ,       14 ,      198 ,       20 ,      195 ,       23 ,       33 ,      192 ,       59 ,      186 ,        5 ,       12 ,      137 ,       84 ,       17 ,       40 ,      110 ,       22 ,      159 ,       92 ,      124 ,       81 ,       48 ,       52 ,       30 ,      121 ,       53 ,       41 ,       54 ,       85 ,      161 ,      132 ,       50 ,      158 ,      199 ,       58 ,       74 ,      170 ,       28 ,       35 ,       15 ,        8 ,      174 ,       93 ,      141 ,      154 ,        3 ,       90 ,       64 ,      100 ,        6 ,      194 ,      164 ,      133 ,       97 ,       70 ,       87 ,      184 ,      162 ,      130 ,      143 ,      144 ,        9 ,      150 ,      118 ,       95 ,      172 ,      189 ,       46 ,       19 ,       42 ,      111 ,      134 ,      167 ,       51 ,       18 ,      145 ,      102 ,       94 ,      175 ,      193 ,       32 ,       86 ,      128 ,       75 ,       65 ,      185 ,       91 ,       89 ,      131 ,      147 ,      129 ,      187 ,      163 ,      105 ,       29 ,      107 ,      146 ,      182 ,       61 ,       72 ,       63 ,       82 ,      180 ,       67 ,      116 ,       39 ,       36 ,       49 ,       43 ,      155 ,       10 ,      188 ,      168 ,      152 ,      139 ,      138 ,      179 ,      114 ,       57 ,      117 ,      115 ,      173 ,       55 ,      191 ,       66 ,       56 ,      197 ,       24 ,      149 ,      142 ,      113 ,       38 ,      104 ,       68 ,      135 ,       62 ,      119 ,      196 ,       71 ,      178 ,       25 ,      125 ,      190 ,        7 ,       13 ,       96 ,      108 ,       60 ,      127 ,      123 ,       47 ,      156 ,       73 ,       78 ,       45 ,        1 ,       99 ,       98 ,      171 ,       16 ,      160 ,       69 ,      176 ,      166 ,       37 ,        0 ,      136 ,       77 ,       31 ,       44 ,      106 ,      157 ,       27 ,       11 ,      165 ,      181 ,      140 ,       34 ,      103 ,      151 ,       88 ,       79 ,       76 ,       26 ,       80 ,      169 ,       83 ,      126 ,       21 ,      101 ,      177 ,      109 , 
     122 ,        2 ,      148 ,        4 ,      120 ,      183 ,      153 ,       14 ,      112 ,      198 ,      195 ,       20 ,       59 ,      192 ,       33 ,       12 ,       23 ,        5 ,      186 ,       40 ,       22 ,      137 ,      159 ,      124 ,       84 ,       17 ,      110 ,       30 ,       92 ,       52 ,      121 ,       81 ,       48 ,       53 ,       85 ,       41 ,       54 ,      199 ,       50 ,       74 ,      161 ,       28 ,       35 ,      132 ,      158 ,       15 ,       58 ,      174 ,      170 ,      141 ,      154 ,       93 ,        8 ,        3 ,       90 ,      194 ,        6 ,       64 ,      133 ,      164 ,      100 ,      162 ,       70 ,       97 ,      184 ,      143 ,        9 ,      150 ,       95 ,       87 ,      172 ,      130 ,       46 ,      144 ,      118 ,      189 ,       42 ,      111 ,       19 ,      134 ,      167 ,       18 ,       94 ,      145 ,      175 ,       51 ,      102 ,       86 ,       75 ,       32 ,      193 ,      128 ,      185 ,       65 ,       91 ,       89 ,      163 ,      147 ,      131 ,      129 ,      107 ,      182 ,      187 ,       29 ,      105 ,       63 ,       61 ,       82 ,      146 ,       67 ,       72 ,      180 ,       36 ,      155 ,      116 ,       39 ,      188 ,       43 ,      152 ,      168 ,       49 ,      138 ,      139 ,       10 ,      179 ,      173 ,      114 ,      115 ,      191 ,       55 ,       57 ,      117 ,       56 ,      197 ,      149 ,       66 ,      142 ,      104 ,       24 ,       68 ,      113 ,       62 ,      135 ,       38 ,      196 ,      119 ,      178 ,      190 ,       25 ,        7 ,       71 ,      125 ,       96 ,      108 ,       13 ,       47 ,       73 ,       60 ,      156 ,       78 ,      127 ,       45 ,        1 ,      171 ,      160 ,      123 ,       99 ,      176 ,       16 ,       98 ,      166 ,       69 ,        0 ,       37 ,       77 ,      136 ,       27 ,       31 ,      157 ,      181 ,      106 ,       44 ,       11 ,      103 ,       34 ,      165 ,      151 ,       88 ,      140 ,      169 ,       79 ,       26 ,       80 ,       76 ,       21 ,       83 ,      126 ,      109 ,      177 ,      101 , 
       2 ,      148 ,      120 ,      153 ,      122 ,       14 ,      198 ,        4 ,      195 ,      183 ,      112 ,       33 ,       20 ,       23 ,      192 ,       59 ,       22 ,       12 ,       40 ,      124 ,      186 ,      137 ,      110 ,       17 ,        5 ,      159 ,       52 ,       30 ,       84 ,      121 ,       81 ,       85 ,       41 ,       92 ,       48 ,      199 ,       53 ,       50 ,       35 ,       54 ,      132 ,       74 ,       28 ,      161 ,       15 ,       58 ,      158 ,      170 ,      174 ,      154 ,        8 ,        3 ,       90 ,       93 ,      141 ,      194 ,        6 ,       64 ,      164 ,       70 ,       97 ,      100 ,      143 ,      133 ,      150 ,      162 ,      184 ,        9 ,      172 ,       46 ,      130 ,       87 ,       95 ,      144 ,      118 ,      134 ,      189 ,       42 ,      111 ,       94 ,       19 ,      167 ,       51 ,      145 ,       18 ,      175 ,       75 ,       86 ,      128 ,       32 ,      102 ,       91 ,      193 ,      185 ,       65 ,      131 ,       89 ,      147 ,      187 ,      107 ,      163 ,       63 ,      182 ,      129 ,      105 ,       29 ,       61 ,       67 ,      180 ,      155 ,       82 ,      146 ,       36 ,       43 ,       72 ,      116 ,      168 ,       39 ,      152 ,      139 ,      188 ,       10 ,      179 ,       49 ,      173 ,      191 ,      138 ,      114 ,       57 ,      115 ,      117 ,       55 ,      149 ,      142 ,      197 ,       24 ,       56 ,      104 ,       66 ,      113 ,       38 ,       68 ,       62 ,      135 ,      196 ,      178 ,        7 ,       71 ,      119 ,      190 ,       25 ,       47 ,       13 ,      108 ,       73 ,       96 ,      125 ,       60 ,      156 ,       45 ,        1 ,       78 ,      171 ,      127 ,      176 ,      123 ,       99 ,       69 ,      160 ,      166 ,       98 ,       16 ,        0 ,       31 ,      136 ,      157 ,       27 ,       37 ,      181 ,       77 ,       11 ,      103 ,      106 ,      151 ,      165 ,       44 ,       34 ,      140 ,       88 ,      169 ,       79 ,       26 ,       80 ,       21 ,       76 ,      109 ,      126 ,       83 ,      177 ,      101 , 
     148 ,        2 ,      120 ,      153 ,       14 ,      198 ,      122 ,      195 ,      183 ,        4 ,       20 ,      192 ,       23 ,       33 ,      112 ,       59 ,       22 ,       12 ,      110 ,      124 ,      186 ,       40 ,      137 ,       30 ,      159 ,        5 ,       17 ,       81 ,       84 ,       41 ,      121 ,       50 ,       85 ,       52 ,       92 ,       48 ,       54 ,       35 ,      132 ,      199 ,       53 ,       58 ,       28 ,      158 ,       74 ,       15 ,      170 ,      161 ,        3 ,      174 ,       90 ,      154 ,        8 ,      194 ,      141 ,       64 ,       93 ,       97 ,      164 ,       70 ,        6 ,      133 ,      162 ,        9 ,      100 ,      143 ,      184 ,       46 ,      150 ,      172 ,       87 ,      130 ,      118 ,      189 ,       95 ,       19 ,      144 ,      167 ,      134 ,       51 ,       42 ,      111 ,       18 ,       94 ,      145 ,       75 ,      175 ,      128 ,      193 ,      102 ,      185 ,       86 ,       32 ,      131 ,      147 ,       65 ,       89 ,       91 ,      187 ,      107 ,       63 ,      163 ,      182 ,       61 ,       67 ,      105 ,       29 ,      155 ,      129 ,       36 ,      146 ,       43 ,      180 ,       39 ,      116 ,       82 ,       72 ,      139 ,      152 ,      168 ,      188 ,       10 ,       49 ,      173 ,      191 ,      179 ,       57 ,      114 ,      138 ,      142 ,      117 ,      115 ,       24 ,       55 ,      197 ,      149 ,      104 ,       68 ,      113 ,       62 ,       66 ,       56 ,      196 ,        7 ,       38 ,      178 ,      135 ,       71 ,       47 ,      119 ,       73 ,      190 ,      125 ,      108 ,       25 ,       96 ,       13 ,       45 ,       78 ,       60 ,      171 ,      176 ,        1 ,      156 ,      127 ,      123 ,      160 ,       16 ,       99 ,       69 ,      166 ,        0 ,       27 ,      157 ,       31 ,       98 ,      136 ,      181 ,      106 ,       11 ,       37 ,       77 ,      103 ,      165 ,       44 ,      140 ,       79 ,      151 ,       34 ,       88 ,       80 ,      169 ,       21 ,      109 ,       26 ,      126 ,       83 ,       76 ,      177 ,      101 , 
