1279 , 200 , 10 , 15657 , IGT
      40 ,       42 ,      144 ,      177 ,      187 ,      176 ,      114 ,       62 ,      158 ,      185 ,      143 ,      196 ,      192 ,       99 ,       71 ,      191 ,       76 ,        6 ,       18 ,      172 ,      175 ,      178 ,      179 ,       84 ,       81 ,      123 ,       66 ,      162 ,       89 ,      150 ,      110 ,       21 ,      126 ,      141 ,      181 ,      159 ,       47 ,      166 ,      197 ,      137 ,      136 ,       44 ,       20 ,        1 ,      118 ,      153 ,      149 ,       72 ,       55 ,      169 ,       65 ,      199 ,       35 ,      112 ,      120 ,       15 ,       36 ,      108 ,       68 ,       69 ,      127 ,       34 ,       33 ,       25 ,       83 ,        8 ,      163 ,       61 ,      131 ,        0 ,      122 ,      142 ,       26 ,       14 ,       11 ,      170 ,      146 ,       63 ,       88 ,      171 ,       31 ,       22 ,      125 ,       32 ,      139 ,      116 ,      140 ,      104 ,      164 ,       46 ,      109 ,      161 ,       52 ,       67 ,      174 ,      121 ,      145 ,       97 ,      124 ,      183 ,      189 ,       28 ,      155 ,       49 ,      152 ,        9 ,       90 ,        2 ,       39 ,       78 ,       38 ,      194 ,        3 ,       74 ,       59 ,       73 ,       95 ,      132 ,      106 ,      167 ,      103 ,       19 ,      138 ,       10 ,      133 ,       75 ,      193 ,      156 ,       24 ,        7 ,       96 ,      165 ,       43 ,      184 ,      115 ,      160 ,       91 ,       16 ,      173 ,      198 ,      105 ,       50 ,       80 ,       77 ,      107 ,       17 ,       27 ,       98 ,       41 ,       37 ,       57 ,      180 ,       94 ,      195 ,       51 ,      135 ,       56 ,      119 ,       93 ,       82 ,        5 ,      100 ,       45 ,       64 ,       85 ,      154 ,      190 ,      147 ,      151 ,       13 ,      128 ,       30 ,       58 ,       70 ,      134 ,      157 ,      129 ,      130 ,      148 ,      117 ,       53 ,      188 ,      111 ,       79 ,       54 ,       60 ,       87 ,      186 ,       48 ,       92 ,       12 ,       23 ,      168 ,      182 ,       29 ,      101 ,       86 ,        4 ,      113 ,      102 , 
      40 ,       42 ,      144 ,      177 ,      176 ,      187 ,       62 ,      114 ,      158 ,      196 ,      143 ,      185 ,      192 ,       99 ,       71 ,        6 ,       76 ,       18 ,      191 ,      178 ,      172 ,      175 ,       84 ,      123 ,      179 ,      162 ,       81 ,       66 ,       89 ,      150 ,      141 ,       21 ,      110 ,      126 ,       47 ,      159 ,      181 ,      137 ,      197 ,      166 ,      136 ,        1 ,       20 ,       44 ,      118 ,       72 ,      153 ,      169 ,      149 ,       65 ,       55 ,      199 ,       35 ,      120 ,       15 ,      112 ,      108 ,       69 ,       36 ,       68 ,       34 ,       33 ,       25 ,       83 ,        8 ,      170 ,      163 ,      127 ,       63 ,      142 ,      131 ,      122 ,       26 ,       14 ,      146 ,       61 ,        0 ,      116 ,      109 ,       88 ,       31 ,       32 ,       22 ,       11 ,      139 ,      104 ,      164 ,      125 ,      140 ,      161 ,       52 ,        2 ,       67 ,      171 ,      121 ,      174 ,      145 ,       97 ,      189 ,      183 ,      124 ,       28 ,       49 ,      155 ,        9 ,      152 ,       39 ,       90 ,       46 ,       78 ,       38 ,        3 ,       74 ,       73 ,      194 ,      132 ,       59 ,       95 ,      106 ,      103 ,      167 ,       19 ,      138 ,      133 ,       10 ,      193 ,       75 ,        7 ,      115 ,       96 ,       24 ,       91 ,      165 ,      184 ,       43 ,      160 ,      173 ,       16 ,      156 ,      198 ,      105 ,       50 ,      107 ,       80 ,       17 ,       77 ,       98 ,       37 ,       57 ,       27 ,       41 ,      195 ,      180 ,       94 ,       56 ,       51 ,      135 ,      119 ,        5 ,      100 ,       93 ,      129 ,       64 ,       85 ,      190 ,       45 ,      151 ,      154 ,      147 ,       30 ,       58 ,       13 ,      128 ,       70 ,      157 ,      130 ,      134 ,       82 ,      117 ,      188 ,      148 ,       53 ,      111 ,       54 ,       79 ,       60 ,       87 ,       92 ,      186 ,       48 ,       23 ,      113 ,      168 ,      182 ,       86 ,        4 ,       12 ,       29 ,      101 ,      102 , 
      42 ,       40 ,      144 ,      187 ,      176 ,      177 ,       62 ,      196 ,      143 ,      114 ,      185 ,      158 ,        6 ,      192 ,       99 ,       71 ,       18 ,       76 ,      191 ,      172 ,      175 ,      178 ,      123 ,      162 ,       84 ,      179 ,       66 ,       81 ,       89 ,       21 ,      150 ,      110 ,      141 ,      159 ,      181 ,       47 ,      137 ,      126 ,      197 ,      166 ,       20 ,      136 ,        1 ,       72 ,      118 ,       44 ,      169 ,      153 ,       55 ,       65 ,      112 ,      199 ,      120 ,      149 ,       15 ,       35 ,       69 ,      108 ,       36 ,       25 ,       33 ,       68 ,       34 ,       83 ,      163 ,      170 ,      127 ,        8 ,      131 ,       63 ,      142 ,       26 ,       14 ,      122 ,      146 ,      116 ,       61 ,        0 ,       31 ,      109 ,       88 ,       32 ,       22 ,       11 ,      104 ,      164 ,      139 ,      161 ,      125 ,      140 ,        2 ,      174 ,      121 ,       52 ,       67 ,      171 ,      189 ,       97 ,      145 ,       28 ,      124 ,       49 ,      183 ,      152 ,        9 ,      155 ,       90 ,       39 ,       46 ,       78 ,       38 ,        3 ,      194 ,       73 ,       74 ,      132 ,       95 ,       59 ,      106 ,       19 ,      167 ,      103 ,      138 ,      133 ,       10 ,      193 ,       75 ,        7 ,       24 ,      115 ,       91 ,       96 ,      165 ,      184 ,      173 ,      160 ,       43 ,       16 ,      105 ,       50 ,      156 ,      198 ,       80 ,      107 ,       17 ,       77 ,       37 ,       98 ,       57 ,      195 ,      180 ,       94 ,       41 ,       27 ,       51 ,      119 ,       56 ,        5 ,      135 ,      100 ,      129 ,       93 ,       64 ,      190 ,       85 ,      151 ,       45 ,      154 ,       30 ,       58 ,      147 ,       13 ,      128 ,      157 ,       70 ,      130 ,      134 ,       82 ,      148 ,      188 ,      117 ,      111 ,       53 ,       54 ,       87 ,       79 ,       92 ,       48 ,       60 ,      186 ,       23 ,      168 ,      182 ,       86 ,        4 ,       12 ,      113 ,       29 ,      101 ,      102 , 
      42 ,       40 ,      176 ,      144 ,      187 ,      177 ,      196 ,       62 ,      185 ,      143 ,        6 ,      114 ,      192 ,       99 ,      158 ,       76 ,       18 ,      191 ,       71 ,      172 ,      178 ,      162 ,      175 ,      123 ,       66 ,       81 ,      179 ,       84 ,       21 ,       89 ,      150 ,      141 ,      159 ,       47 ,      137 ,      110 ,      197 ,      126 ,      166 ,      136 ,      181 ,       20 ,        1 ,       44 ,       72 ,      118 ,      153 ,      169 ,      112 ,       65 ,      120 ,       55 ,       15 ,      149 ,       69 ,      199 ,       35 ,       36 ,       25 ,      108 ,       68 ,       34 ,      163 ,       33 ,       83 ,        8 ,      127 ,      131 ,      170 ,      142 ,       63 ,       14 ,       26 ,      122 ,       61 ,      146 ,      116 ,        0 ,       31 ,       32 ,      109 ,       22 ,       88 ,      104 ,      139 ,       11 ,      161 ,      164 ,        2 ,      125 ,      140 ,      121 ,       67 ,      174 ,      171 ,       97 ,       52 ,      189 ,       28 ,      145 ,      183 ,      152 ,      124 ,      155 ,        9 ,       49 ,       46 ,       78 ,       90 ,       39 ,      194 ,        3 ,       38 ,       74 ,       95 ,       73 ,      132 ,       59 ,      106 ,      167 ,       19 ,      133 ,      138 ,       10 ,      193 ,      103 ,        7 ,       75 ,       24 ,       91 ,      115 ,      165 ,       96 ,      184 ,      173 ,       16 ,       43 ,      160 ,      156 ,      105 ,       80 ,       50 ,      198 ,       17 ,       77 ,       37 ,      107 ,       57 ,      195 ,      180 ,       98 ,       27 ,       41 ,       94 ,      119 ,       51 ,      135 ,       56 ,      100 ,        5 ,      129 ,       93 ,       30 ,      190 ,       64 ,      151 ,       85 ,       45 ,      154 ,       13 ,      147 ,       58 ,       70 ,      157 ,      148 ,      134 ,      130 ,       82 ,      128 ,      188 ,      117 ,       60 ,       92 ,       79 ,      111 ,      182 ,       87 ,       48 ,       54 ,      168 ,       53 ,       86 ,      186 ,        4 ,       23 ,       29 ,      113 ,       12 ,      101 ,      102 , 
      42 ,       40 ,      176 ,      144 ,      187 ,      177 ,      196 ,       62 ,      185 ,        6 ,      114 ,      143 ,       99 ,      192 ,       76 ,       18 ,      158 ,      191 ,      172 ,      178 ,       71 ,      162 ,      175 ,      123 ,       66 ,      179 ,       81 ,       21 ,      150 ,       84 ,      159 ,       89 ,      141 ,      137 ,       47 ,      126 ,      197 ,      136 ,      110 ,      181 ,        1 ,      166 ,       72 ,       20 ,      118 ,       44 ,      169 ,      153 ,      112 ,       55 ,       15 ,       65 ,       69 ,      120 ,      149 ,      199 ,       25 ,       35 ,      108 ,       36 ,       34 ,      163 ,       83 ,       68 ,       33 ,      131 ,      127 ,      170 ,        8 ,       14 ,       26 ,      142 ,      122 ,       63 ,       61 ,      146 ,        0 ,      116 ,       31 ,      109 ,       22 ,       88 ,      139 ,       32 ,      104 ,      164 ,       11 ,      161 ,        2 ,      140 ,      125 ,      121 ,       67 ,      171 ,      174 ,       52 ,       97 ,      145 ,       28 ,      189 ,      183 ,      155 ,        9 ,      152 ,      124 ,       49 ,       78 ,       90 ,      194 ,       46 ,       39 ,        3 ,       38 ,       74 ,       95 ,      132 ,      106 ,       73 ,       59 ,      167 ,       19 ,      133 ,      193 ,      138 ,       10 ,      103 ,       24 ,        7 ,       75 ,      115 ,       91 ,       96 ,      184 ,      165 ,      173 ,       43 ,       16 ,      105 ,      160 ,       50 ,      156 ,       80 ,       77 ,      198 ,      107 ,       57 ,       37 ,       17 ,       98 ,       27 ,      180 ,      195 ,       41 ,       94 ,       51 ,      119 ,       56 ,        5 ,      135 ,      100 ,      129 ,      190 ,       93 ,       30 ,       64 ,      151 ,       45 ,       85 ,      147 ,      154 ,       13 ,       58 ,       70 ,      148 ,      157 ,       82 ,      130 ,      134 ,      117 ,      128 ,      188 ,       79 ,       60 ,      111 ,       92 ,       48 ,      182 ,       54 ,       53 ,       87 ,      168 ,      186 ,       86 ,        4 ,      113 ,       23 ,       12 ,       29 ,      102 ,      101 , 
      42 ,      176 ,       40 ,      144 ,      187 ,      177 ,      185 ,        6 ,      196 ,       62 ,      114 ,      143 ,       76 ,      192 ,       99 ,       18 ,      158 ,      172 ,      191 ,      162 ,       71 ,      123 ,       66 ,      178 ,      175 ,       21 ,      150 ,      179 ,       81 ,       84 ,      159 ,       89 ,      137 ,      141 ,       47 ,      197 ,      126 ,      181 ,      110 ,      136 ,       72 ,        1 ,      166 ,      118 ,       20 ,       44 ,      153 ,      169 ,      112 ,       55 ,       69 ,       15 ,      149 ,       65 ,      120 ,       25 ,       35 ,      199 ,      108 ,       34 ,       36 ,       68 ,      163 ,       83 ,      127 ,        8 ,       33 ,      131 ,       14 ,      170 ,       26 ,      122 ,      142 ,      146 ,       61 ,       63 ,      116 ,        0 ,       22 ,       31 ,      109 ,       32 ,      104 ,       88 ,      139 ,      161 ,        2 ,      164 ,       11 ,      125 ,      121 ,      140 ,      174 ,      171 ,       67 ,       52 ,       97 ,      145 ,      189 ,       28 ,      155 ,      183 ,      124 ,      152 ,       78 ,        9 ,       49 ,       46 ,      194 ,       39 ,       90 ,       38 ,       95 ,        3 ,       74 ,      132 ,      106 ,       73 ,      167 ,       59 ,      133 ,       19 ,      193 ,       10 ,      138 ,       24 ,      103 ,       75 ,       91 ,       96 ,        7 ,      165 ,      115 ,      184 ,       16 ,      173 ,       43 ,      105 ,       50 ,      156 ,      160 ,       80 ,       77 ,      198 ,       37 ,      107 ,       98 ,       57 ,       17 ,       27 ,      180 ,      195 ,       41 ,      119 ,       51 ,        5 ,       94 ,       56 ,      100 ,      135 ,      129 ,       30 ,       64 ,      190 ,      151 ,       93 ,       45 ,      147 ,       85 ,      154 ,       13 ,       70 ,       58 ,      148 ,      157 ,      134 ,       82 ,      130 ,      117 ,       79 ,      111 ,      188 ,       60 ,      128 ,       48 ,      182 ,       53 ,       54 ,       92 ,      168 ,       87 ,        4 ,      186 ,       86 ,      101 ,      113 ,       23 ,      102 ,       12 ,       29 , 
      42 ,      176 ,       40 ,      144 ,      185 ,      177 ,      187 ,       62 ,      114 ,      196 ,      143 ,        6 ,       76 ,      192 ,       99 ,      172 ,      158 ,      191 ,       18 ,      162 ,       71 ,       66 ,      123 ,      178 ,      175 ,      150 ,       21 ,       81 ,       84 ,      159 ,      179 ,      137 ,       89 ,      197 ,      141 ,      126 ,      110 ,      181 ,       47 ,      136 ,        1 ,      118 ,       72 ,      166 ,       44 ,      153 ,       20 ,      112 ,      169 ,       55 ,       15 ,      149 ,       65 ,       69 ,       35 ,      120 ,       25 ,      108 ,      199 ,       68 ,      163 ,       34 ,       36 ,      127 ,       83 ,        8 ,       33 ,      131 ,       14 ,       26 ,      170 ,      146 ,       61 ,       63 ,      142 ,      116 ,      122 ,       22 ,        0 ,       31 ,      109 ,       32 ,      104 ,      139 ,       88 ,      164 ,       11 ,      161 ,        2 ,      125 ,      174 ,      121 ,      140 ,       67 ,      171 ,       52 ,      189 ,      145 ,       97 ,       28 ,      155 ,      183 ,       78 ,      124 ,      152 ,       46 ,       49 ,        9 ,      194 ,       39 ,       90 ,       38 ,       95 ,       74 ,        3 ,      132 ,      167 ,      106 ,      133 ,       73 ,       59 ,       19 ,       10 ,      193 ,      103 ,      138 ,       24 ,       96 ,       91 ,       75 ,        7 ,      115 ,      184 ,      165 ,       16 ,      173 ,      105 ,       50 ,       43 ,      156 ,       80 ,      160 ,      198 ,       37 ,       77 ,      107 ,       98 ,       27 ,       57 ,       17 ,      180 ,      195 ,       51 ,       41 ,      119 ,       94 ,      100 ,        5 ,       56 ,      135 ,       30 ,      129 ,       64 ,      190 ,       93 ,      151 ,       85 ,       45 ,      147 ,       13 ,       58 ,       70 ,      154 ,      157 ,      148 ,       82 ,      134 ,      130 ,      117 ,      111 ,      188 ,       60 ,       79 ,      128 ,       48 ,       54 ,      182 ,       53 ,       92 ,      168 ,       87 ,        4 ,       86 ,      101 ,       29 ,      113 ,       23 ,       12 ,      186 ,      102 , 
      42 ,      176 ,       40 ,      144 ,      187 ,      177 ,      185 ,      114 ,      143 ,      196 ,       62 ,       76 ,      192 ,      172 ,        6 ,       99 ,       18 ,      158 ,      162 ,      191 ,      123 ,      178 ,       71 ,       66 ,      175 ,       21 ,      150 ,       81 ,      179 ,      159 ,       89 ,      197 ,      137 ,       84 ,      110 ,      126 ,       47 ,      181 ,      141 ,      136 ,        1 ,       72 ,      118 ,       44 ,      166 ,      153 ,       20 ,       55 ,      112 ,      169 ,       65 ,       15 ,       69 ,       35 ,      149 ,      120 ,      108 ,       25 ,       68 ,      199 ,       34 ,      163 ,       36 ,       83 ,      127 ,        8 ,       33 ,      131 ,      170 ,      146 ,       26 ,       61 ,       14 ,       63 ,      142 ,      122 ,        0 ,       22 ,      116 ,      109 ,       31 ,      104 ,       32 ,      139 ,       88 ,       11 ,      164 ,        2 ,      161 ,      125 ,      121 ,      174 ,      140 ,       67 ,      189 ,      145 ,       52 ,       28 ,      171 ,       97 ,      155 ,      183 ,      124 ,       46 ,       78 ,       49 ,      152 ,      194 ,       39 ,        9 ,       38 ,       95 ,       90 ,       74 ,        3 ,      167 ,      132 ,      133 ,      106 ,       19 ,       73 ,       10 ,       59 ,      193 ,      103 ,      138 ,       96 ,       24 ,        7 ,       75 ,       91 ,      115 ,      184 ,      173 ,       16 ,      165 ,      105 ,       50 ,       43 ,      156 ,       80 ,      160 ,      198 ,       37 ,      107 ,       98 ,       77 ,       27 ,       17 ,      195 ,       57 ,      180 ,       51 ,       41 ,       94 ,        5 ,      119 ,      100 ,       56 ,      129 ,      135 ,       30 ,      190 ,       64 ,       85 ,       45 ,      147 ,       93 ,      151 ,       58 ,       70 ,      157 ,       13 ,      154 ,      148 ,       82 ,      117 ,      134 ,      130 ,      188 ,      111 ,      128 ,       60 ,       79 ,       48 ,       87 ,       53 ,      182 ,       54 ,      113 ,      168 ,      101 ,       86 ,       23 ,       92 ,       29 ,       12 ,        4 ,      186 ,      102 , 
      42 ,      176 ,       40 ,      144 ,      187 ,      177 ,      185 ,      114 ,      143 ,      196 ,       76 ,       62 ,      192 ,      172 ,       99 ,        6 ,      162 ,       18 ,      158 ,      191 ,      178 ,       66 ,       71 ,      175 ,      123 ,      150 ,      179 ,       21 ,       89 ,       81 ,      197 ,      159 ,      137 ,       84 ,      110 ,       47 ,      126 ,      181 ,      136 ,      141 ,        1 ,      118 ,      166 ,       44 ,       20 ,       72 ,       55 ,      153 ,      112 ,       65 ,       69 ,       15 ,       35 ,      169 ,      149 ,      120 ,       25 ,      108 ,       68 ,       34 ,      199 ,      163 ,       36 ,       83 ,        8 ,      127 ,       33 ,      131 ,      146 ,       63 ,       61 ,      170 ,      142 ,       26 ,       14 ,      122 ,       22 ,      116 ,      109 ,        0 ,      104 ,       31 ,      139 ,       32 ,       11 ,       88 ,        2 ,      164 ,      125 ,      121 ,      161 ,      140 ,      174 ,       67 ,      145 ,      189 ,      171 ,       52 ,       28 ,       97 ,      183 ,      155 ,       46 ,      124 ,       49 ,      152 ,      194 ,       78 ,       39 ,       38 ,       90 ,       95 ,        9 ,       74 ,      132 ,      167 ,        3 ,      133 ,       73 ,      106 ,       19 ,      193 ,       10 ,       59 ,      103 ,       96 ,      138 ,       24 ,       91 ,        7 ,       75 ,      173 ,      184 ,      115 ,       16 ,      165 ,      105 ,       43 ,       50 ,      156 ,      160 ,      198 ,      107 ,       80 ,       77 ,       98 ,       37 ,       27 ,      195 ,       57 ,       17 ,       51 ,       94 ,      180 ,      119 ,      100 ,       41 ,        5 ,      129 ,       56 ,      135 ,       30 ,      190 ,       64 ,       85 ,       45 ,       93 ,       58 ,      147 ,      151 ,       13 ,      157 ,       70 ,      154 ,      148 ,      134 ,       82 ,      117 ,      130 ,      188 ,      111 ,       60 ,       79 ,      128 ,       48 ,       53 ,       87 ,       54 ,      113 ,      182 ,      168 ,       86 ,      101 ,       29 ,       23 ,       92 ,       12 ,        4 ,      186 ,      102 , 
      42 ,       40 ,      176 ,      144 ,      187 ,      177 ,      185 ,      114 ,       76 ,      143 ,       62 ,      196 ,      192 ,        6 ,       99 ,      162 ,      172 ,       18 ,       66 ,      158 ,       71 ,      178 ,      123 ,      175 ,      191 ,       21 ,      150 ,      179 ,       89 ,       81 ,      197 ,      137 ,      159 ,       84 ,      110 ,       47 ,      126 ,      136 ,      181 ,      141 ,      166 ,      118 ,        1 ,       20 ,       55 ,       72 ,       44 ,      112 ,      153 ,       15 ,       69 ,       65 ,      169 ,       35 ,      149 ,      120 ,       25 ,       68 ,      108 ,      163 ,      199 ,       34 ,       83 ,       36 ,       33 ,        8 ,      127 ,      146 ,      131 ,       63 ,       61 ,      170 ,      142 ,      122 ,       26 ,       14 ,       22 ,      116 ,        0 ,      109 ,       31 ,      139 ,      104 ,       32 ,       88 ,       11 ,        2 ,      121 ,      164 ,      125 ,      161 ,      140 ,       67 ,      189 ,      145 ,      174 ,       28 ,      171 ,       52 ,      183 ,      155 ,       97 ,       46 ,      152 ,       49 ,      124 ,       39 ,       78 ,       90 ,      194 ,       95 ,        9 ,       38 ,       74 ,      167 ,      133 ,        3 ,      132 ,       19 ,       73 ,      106 ,      193 ,       10 ,      103 ,       59 ,       96 ,       91 ,        7 ,      138 ,       24 ,       75 ,      115 ,      173 ,      184 ,      165 ,       16 ,       50 ,       43 ,      160 ,      198 ,      105 ,      156 ,      107 ,       77 ,       80 ,       27 ,       98 ,       37 ,       57 ,      195 ,       17 ,       51 ,      119 ,      180 ,      100 ,       94 ,       41 ,        5 ,      129 ,       56 ,       30 ,      135 ,      190 ,       64 ,       45 ,       85 ,       93 ,      147 ,      151 ,       58 ,       13 ,      157 ,       70 ,      148 ,       82 ,      154 ,      134 ,      117 ,      188 ,      130 ,      111 ,      128 ,       60 ,       53 ,       79 ,       48 ,      113 ,       87 ,      168 ,       54 ,      182 ,       86 ,       29 ,      101 ,       92 ,       23 ,        4 ,      102 ,       12 ,      186 , 
