1039 , 150 , 10 , 50405 , ILST
      37 ,       70 ,       28 ,       40 ,      135 ,       18 ,       44 ,       64 ,      132 ,       80 ,       82 ,       26 ,      113 ,       21 ,       39 ,       78 ,      149 ,       46 ,      140 ,       22 ,      137 ,      121 ,       23 ,       60 ,       79 ,      122 ,        0 ,      120 ,      124 ,       41 ,      106 ,      148 ,       88 ,       89 ,       45 ,       76 ,      100 ,       12 ,        5 ,      123 ,       99 ,      104 ,       73 ,       58 ,       54 ,       62 ,        7 ,       67 ,      145 ,       85 ,       52 ,       47 ,       30 ,       93 ,       29 ,       91 ,        4 ,       32 ,       77 ,       61 ,       90 ,       63 ,      143 ,       43 ,       48 ,       81 ,      112 ,        1 ,      101 ,      147 ,      116 ,       68 ,      136 ,        9 ,       13 ,       57 ,       24 ,       14 ,       11 ,      119 ,      117 ,      127 ,       38 ,       49 ,       84 ,        3 ,      144 ,       71 ,      138 ,      118 ,      125 ,      146 ,       86 ,      114 ,       87 ,       94 ,       65 ,       96 ,      129 ,      103 ,       19 ,       83 ,      111 ,       17 ,       66 ,       20 ,       35 ,      139 ,      131 ,       16 ,       53 ,       72 ,      110 ,       74 ,       95 ,       69 ,      141 ,      126 ,       31 ,      109 ,      108 ,       98 ,       55 ,       56 ,      133 ,      105 ,      102 ,       27 ,       42 ,       97 ,        8 ,      107 ,       75 ,       92 ,      134 ,       10 ,      130 ,       25 ,      128 ,        6 ,      115 ,       59 ,       15 ,       34 ,       50 ,       33 ,       36 ,       51 ,      142 ,        2 , 
      40 ,      135 ,       18 ,       37 ,       70 ,       64 ,       28 ,       82 ,       44 ,      132 ,       80 ,      113 ,       39 ,       21 ,       26 ,      149 ,       78 ,       46 ,      140 ,       22 ,       60 ,       23 ,       79 ,      137 ,        0 ,      121 ,      124 ,      122 ,      106 ,      120 ,      148 ,       41 ,       88 ,       12 ,       89 ,       45 ,      123 ,      100 ,       76 ,        5 ,       99 ,       62 ,       73 ,      104 ,        7 ,       58 ,       52 ,       54 ,      145 ,       67 ,       85 ,       91 ,       93 ,       29 ,       30 ,       61 ,       90 ,       32 ,       47 ,        4 ,       77 ,       43 ,       63 ,        1 ,       81 ,      143 ,      116 ,      112 ,       48 ,      147 ,      101 ,        9 ,       68 ,       24 ,       14 ,      136 ,      119 ,       13 ,      127 ,       57 ,       84 ,       11 ,       38 ,       49 ,      117 ,      118 ,        3 ,      144 ,       71 ,      138 ,      125 ,       87 ,       65 ,      146 ,       86 ,       94 ,       96 ,      114 ,      129 ,       83 ,      103 ,      111 ,       66 ,       19 ,      139 ,       16 ,       35 ,       17 ,       20 ,      131 ,       53 ,       72 ,       74 ,      141 ,      126 ,      110 ,       69 ,      109 ,      108 ,       31 ,       95 ,       98 ,       55 ,       27 ,       42 ,      133 ,       56 ,      102 ,        8 ,       97 ,      105 ,       92 ,      107 ,       75 ,      130 ,      128 ,      134 ,       10 ,       25 ,       59 ,        6 ,       33 ,       36 ,       50 ,       15 ,      142 ,       34 ,       51 ,      115 ,        2 , 
     135 ,       18 ,       37 ,       82 ,       64 ,      132 ,       70 ,       28 ,       40 ,       44 ,      113 ,       26 ,       21 ,       80 ,       39 ,      149 ,       60 ,       46 ,       79 ,      137 ,       23 ,       22 ,       78 ,        0 ,      140 ,      106 ,      121 ,      122 ,       41 ,      124 ,       88 ,       12 ,      148 ,       89 ,      120 ,       45 ,      123 ,      100 ,        5 ,       76 ,       99 ,       73 ,        7 ,       54 ,       62 ,      104 ,       58 ,       85 ,       93 ,       52 ,       30 ,       67 ,      145 ,       90 ,       61 ,       29 ,       77 ,        4 ,       32 ,       91 ,       47 ,       43 ,       81 ,       63 ,        1 ,      143 ,      112 ,      147 ,       68 ,       24 ,      116 ,      101 ,       48 ,      136 ,        9 ,       14 ,       57 ,      119 ,       13 ,       49 ,      127 ,       11 ,       84 ,      117 ,       38 ,      118 ,      125 ,        3 ,      138 ,      144 ,       87 ,       71 ,       86 ,       65 ,      114 ,      146 ,       96 ,       94 ,      103 ,      129 ,       83 ,       66 ,       19 ,       17 ,      111 ,      131 ,       20 ,       35 ,      139 ,       16 ,      141 ,       72 ,      110 ,       53 ,      108 ,      126 ,       74 ,       95 ,       69 ,       27 ,      109 ,       31 ,      133 ,       55 ,       98 ,       42 ,        8 ,       56 ,       92 ,      105 ,      102 ,       97 ,      107 ,      134 ,      130 ,       75 ,      128 ,       36 ,      142 ,        6 ,       10 ,       15 ,       59 ,       25 ,       51 ,       33 ,       50 ,       34 ,        2 ,      115 , 
     135 ,       82 ,       37 ,       18 ,       28 ,       64 ,      132 ,       44 ,       70 ,       40 ,      113 ,       26 ,      149 ,       39 ,       80 ,       21 ,       79 ,       23 ,       78 ,       60 ,       46 ,       22 ,      137 ,      106 ,      122 ,        0 ,      140 ,      124 ,       41 ,      121 ,       88 ,       45 ,       89 ,      123 ,      120 ,      148 ,       12 ,       76 ,        5 ,      100 ,       99 ,        7 ,       73 ,      104 ,       54 ,       85 ,       58 ,       93 ,       62 ,       90 ,       61 ,       52 ,       30 ,        4 ,       32 ,       67 ,       47 ,      145 ,       77 ,       29 ,        1 ,       43 ,       81 ,      143 ,      112 ,       91 ,      116 ,      147 ,       24 ,       63 ,       68 ,      101 ,       48 ,      136 ,       14 ,        9 ,       57 ,       11 ,       49 ,      119 ,       84 ,       38 ,       13 ,      127 ,      117 ,      118 ,      125 ,        3 ,      144 ,       71 ,       87 ,      138 ,       96 ,       65 ,      103 ,       86 ,       94 ,      114 ,      146 ,       66 ,      129 ,       17 ,       83 ,      111 ,       19 ,       16 ,       20 ,       35 ,      141 ,      131 ,      110 ,      108 ,      139 ,       95 ,       74 ,       72 ,       27 ,       53 ,       69 ,      126 ,      109 ,       31 ,       55 ,      133 ,       98 ,       42 ,      102 ,       56 ,        8 ,       92 ,      105 ,      107 ,      130 ,      134 ,       97 ,       75 ,        6 ,      128 ,      142 ,       59 ,       36 ,       15 ,       25 ,       34 ,       10 ,        2 ,      115 ,       33 ,       51 ,       50 , 
     135 ,       37 ,       82 ,       28 ,       18 ,       64 ,      132 ,       26 ,       70 ,      113 ,      149 ,       44 ,       40 ,       21 ,       23 ,       79 ,       60 ,       39 ,       22 ,       80 ,       78 ,      137 ,      106 ,      122 ,       46 ,      121 ,        0 ,       41 ,      140 ,      124 ,       45 ,       89 ,      148 ,       88 ,       12 ,      123 ,      120 ,       76 ,        5 ,      100 ,      104 ,        7 ,       99 ,       85 ,       73 ,       93 ,       54 ,       90 ,       58 ,       52 ,       61 ,       62 ,       67 ,       30 ,       32 ,       47 ,        4 ,        1 ,       29 ,      145 ,       43 ,       77 ,       81 ,      112 ,      143 ,       91 ,      147 ,       24 ,       63 ,      116 ,       48 ,        9 ,       14 ,      101 ,       49 ,       68 ,       11 ,      136 ,      127 ,       57 ,       84 ,      118 ,      117 ,      119 ,        3 ,       38 ,       13 ,      125 ,       71 ,      144 ,       65 ,       87 ,      103 ,       96 ,       86 ,      114 ,      138 ,       66 ,       94 ,       83 ,      146 ,      111 ,       17 ,       19 ,      129 ,       20 ,      131 ,       16 ,      139 ,       35 ,      141 ,      108 ,       74 ,      110 ,       27 ,       69 ,       95 ,      126 ,       72 ,      109 ,       53 ,       55 ,       31 ,       56 ,      102 ,      133 ,        8 ,       42 ,      107 ,      105 ,       92 ,       98 ,        6 ,      134 ,      128 ,      130 ,       97 ,       36 ,       59 ,       75 ,      142 ,       34 ,       15 ,       10 ,       25 ,        2 ,       50 ,       51 ,      115 ,       33 , 
     135 ,       37 ,       28 ,       82 ,       26 ,      113 ,       18 ,       70 ,       40 ,      149 ,       64 ,      132 ,       79 ,       23 ,       44 ,       60 ,       39 ,       78 ,       22 ,       21 ,       80 ,      106 ,      137 ,       41 ,       46 ,      122 ,      121 ,       89 ,       45 ,        0 ,      148 ,      140 ,      124 ,      120 ,        5 ,       88 ,       12 ,      123 ,      100 ,      104 ,       73 ,       99 ,       76 ,       85 ,        7 ,       58 ,       52 ,       93 ,       62 ,       54 ,       61 ,       90 ,       67 ,        4 ,       29 ,       32 ,        1 ,       47 ,       30 ,       43 ,       77 ,       91 ,      145 ,       81 ,      143 ,      112 ,       63 ,      116 ,       48 ,      147 ,       24 ,       68 ,       14 ,      136 ,       49 ,      127 ,      101 ,       84 ,        9 ,      118 ,       11 ,       57 ,      117 ,      119 ,       13 ,        3 ,       38 ,      125 ,      103 ,       65 ,       87 ,       71 ,      138 ,       66 ,      144 ,       86 ,      146 ,      114 ,       96 ,      111 ,       83 ,       94 ,       17 ,      129 ,      131 ,       19 ,      141 ,      139 ,       20 ,      108 ,       74 ,       16 ,       35 ,       27 ,      110 ,       72 ,       95 ,       69 ,      109 ,      126 ,       53 ,       31 ,       55 ,      102 ,       42 ,       56 ,      133 ,        8 ,       92 ,        6 ,       98 ,      107 ,      105 ,      134 ,      130 ,       59 ,       97 ,      128 ,       15 ,       75 ,      142 ,       34 ,       36 ,       10 ,      115 ,       25 ,        2 ,       51 ,       50 ,       33 , 
     135 ,       37 ,       28 ,      113 ,       18 ,       26 ,      149 ,       82 ,       40 ,       23 ,       70 ,       64 ,      132 ,       44 ,       60 ,       39 ,       22 ,       79 ,       78 ,       80 ,      137 ,      106 ,       21 ,      122 ,       46 ,       41 ,      148 ,       45 ,        0 ,       89 ,      121 ,      124 ,       88 ,        5 ,      140 ,      120 ,      123 ,      104 ,       12 ,      100 ,       99 ,        7 ,       73 ,       76 ,       85 ,       93 ,       58 ,       54 ,       90 ,       52 ,       61 ,       62 ,       29 ,       47 ,        4 ,       32 ,       67 ,       30 ,       43 ,        1 ,       81 ,       91 ,       77 ,      145 ,       48 ,      112 ,      116 ,       68 ,      147 ,       63 ,      143 ,       49 ,       14 ,       24 ,      136 ,      101 ,      127 ,       57 ,       11 ,       84 ,      119 ,        9 ,      118 ,      117 ,        3 ,       13 ,      125 ,       71 ,       87 ,       38 ,      144 ,       65 ,      103 ,      138 ,      114 ,       66 ,       86 ,      146 ,       94 ,      111 ,       96 ,      131 ,       83 ,       17 ,      141 ,      108 ,       19 ,       20 ,       35 ,      129 ,      139 ,      110 ,       74 ,       27 ,       16 ,      126 ,       95 ,       72 ,       69 ,      109 ,       53 ,       55 ,       31 ,       42 ,       56 ,      102 ,      133 ,        8 ,       98 ,      107 ,        6 ,      105 ,       92 ,       59 ,       97 ,      128 ,      134 ,      130 ,       34 ,       15 ,       75 ,       36 ,      142 ,      115 ,       10 ,       25 ,       50 ,       33 ,        2 ,       51 , 
      37 ,      135 ,       18 ,      113 ,       40 ,       28 ,       26 ,       70 ,      149 ,       64 ,       82 ,       39 ,       23 ,       44 ,       22 ,       79 ,       60 ,      132 ,       78 ,       80 ,      137 ,      106 ,      122 ,       21 ,       45 ,       89 ,       46 ,       41 ,      148 ,        0 ,        5 ,      121 ,       88 ,      120 ,      140 ,      124 ,      100 ,       12 ,      104 ,      123 ,       76 ,       73 ,       93 ,       58 ,       99 ,       85 ,        7 ,       54 ,       52 ,       90 ,       47 ,       29 ,       61 ,       62 ,       32 ,        4 ,       67 ,       43 ,       81 ,       30 ,       48 ,        1 ,      145 ,       77 ,       68 ,      116 ,       91 ,      147 ,      112 ,       49 ,      136 ,      143 ,       63 ,       14 ,       57 ,      127 ,      101 ,      119 ,       11 ,       24 ,       84 ,        9 ,       13 ,      117 ,      118 ,        3 ,      125 ,       65 ,       38 ,      103 ,       87 ,       71 ,      144 ,      114 ,       66 ,      138 ,       94 ,       86 ,       96 ,       83 ,      146 ,      111 ,      141 ,       20 ,       19 ,      131 ,       17 ,      108 ,      110 ,      139 ,       27 ,       74 ,       35 ,      129 ,       69 ,       16 ,       95 ,      126 ,      109 ,       72 ,       55 ,       31 ,       56 ,       53 ,        8 ,       98 ,       42 ,      133 ,        6 ,      102 ,      107 ,      105 ,       92 ,       59 ,      128 ,      130 ,       97 ,      134 ,      142 ,       36 ,       34 ,       15 ,       75 ,       50 ,      115 ,        2 ,       25 ,       33 ,       10 ,       51 , 
      37 ,       18 ,      135 ,      113 ,       28 ,       40 ,       26 ,       70 ,       82 ,      149 ,       22 ,       64 ,       23 ,      132 ,       39 ,       44 ,       79 ,       60 ,       80 ,      137 ,      106 ,       21 ,       46 ,       78 ,      122 ,       89 ,       45 ,        0 ,        5 ,      148 ,       41 ,      140 ,       88 ,      121 ,      120 ,      100 ,       12 ,      124 ,       93 ,       76 ,       73 ,      123 ,      104 ,       58 ,        7 ,       99 ,       47 ,       54 ,       29 ,       61 ,       85 ,       90 ,        4 ,       52 ,       32 ,       30 ,       67 ,       62 ,       48 ,       43 ,       81 ,      145 ,        1 ,       77 ,      116 ,       68 ,      136 ,      112 ,      143 ,       49 ,       91 ,       57 ,      101 ,       63 ,       14 ,       24 ,      147 ,        9 ,      127 ,      117 ,      119 ,       84 ,       13 ,       11 ,      125 ,        3 ,       65 ,      118 ,      144 ,       71 ,       38 ,       87 ,      103 ,      114 ,       86 ,      146 ,       83 ,       66 ,       94 ,      138 ,       20 ,       96 ,      111 ,      141 ,       19 ,      131 ,       17 ,       74 ,      110 ,      129 ,      139 ,      108 ,       35 ,       27 ,       16 ,      126 ,       69 ,       31 ,       95 ,       56 ,      109 ,        8 ,       55 ,       72 ,       53 ,       98 ,      102 ,       42 ,       92 ,      133 ,      105 ,      107 ,        6 ,      130 ,       59 ,      128 ,       34 ,      134 ,       75 ,       97 ,      142 ,       15 ,       36 ,       25 ,       33 ,        2 ,       50 ,      115 ,       10 ,       51 , 
      37 ,       18 ,      135 ,       28 ,      113 ,       26 ,       40 ,       64 ,       70 ,       23 ,      149 ,       82 ,       22 ,      132 ,       39 ,       79 ,       44 ,       60 ,       80 ,       46 ,       89 ,       21 ,      106 ,       78 ,      137 ,      148 ,       45 ,        0 ,      122 ,        5 ,      140 ,       41 ,       88 ,      120 ,      121 ,      124 ,      100 ,       76 ,       12 ,       58 ,        7 ,       73 ,       93 ,      123 ,      104 ,       54 ,       90 ,       47 ,       29 ,       99 ,       52 ,       85 ,        4 ,       32 ,      145 ,       48 ,       30 ,       81 ,       61 ,      116 ,       62 ,       43 ,       77 ,       67 ,        1 ,      143 ,       49 ,      112 ,       91 ,      136 ,      101 ,       63 ,       68 ,       57 ,       24 ,       14 ,        9 ,      127 ,      147 ,       13 ,       11 ,      117 ,       84 ,      119 ,      118 ,       71 ,      125 ,       38 ,       65 ,        3 ,      144 ,       87 ,       83 ,       86 ,      103 ,      146 ,      138 ,       94 ,      114 ,       96 ,      111 ,       66 ,       19 ,       20 ,      131 ,      110 ,      141 ,      108 ,      139 ,       17 ,       74 ,      126 ,      129 ,       27 ,       35 ,       16 ,       69 ,      109 ,        8 ,       55 ,       95 ,       31 ,       72 ,       56 ,       42 ,       53 ,      102 ,      105 ,       98 ,      130 ,       92 ,        6 ,       59 ,      133 ,      128 ,      107 ,       75 ,       34 ,      134 ,      142 ,       36 ,        2 ,       15 ,       97 ,       33 ,       25 ,       50 ,      115 ,       10 ,       51 , 
