521 , 150 , 10 , 207417 , IGT
       8 ,       89 ,       94 ,       92 ,       95 ,       19 ,       50 ,       64 ,       24 ,      102 ,       79 ,       31 ,       10 ,      101 ,      108 ,        5 ,       88 ,       32 ,       13 ,       26 ,      141 ,       56 ,       74 ,       35 ,      128 ,       55 ,       34 ,      104 ,       97 ,       52 ,      119 ,       47 ,      114 ,       84 ,       29 ,      112 ,      118 ,       40 ,      116 ,      124 ,       53 ,       23 ,       73 ,      105 ,       27 ,      138 ,       85 ,       36 ,       77 ,      147 ,      144 ,       18 ,       62 ,      115 ,      140 ,      145 ,       21 ,       78 ,       58 ,       72 ,       15 ,       17 ,      122 ,       80 ,       44 ,       54 ,       75 ,       82 ,        0 ,       63 ,      135 ,       90 ,      125 ,       12 ,       11 ,      131 ,       86 ,       68 ,       45 ,       96 ,       43 ,      134 ,       46 ,        9 ,        4 ,       99 ,       67 ,      120 ,      143 ,      133 ,      129 ,      107 ,        1 ,        7 ,      146 ,      113 ,       42 ,       66 ,       87 ,       41 ,      142 ,       39 ,       38 ,       30 ,      127 ,       49 ,       25 ,      130 ,       69 ,        3 ,       61 ,       22 ,       48 ,      106 ,       98 ,      149 ,      121 ,       60 ,       37 ,       83 ,      137 ,       57 ,       70 ,      111 ,       76 ,      110 ,       65 ,      132 ,       51 ,        6 ,      103 ,      100 ,       59 ,      136 ,       28 ,       20 ,      123 ,      148 ,      139 ,       93 ,       71 ,       91 ,       16 ,        2 ,      126 ,       33 ,      109 ,       81 ,       14 ,      117 , 
       8 ,       89 ,       95 ,       19 ,       64 ,       92 ,       24 ,       50 ,       94 ,       31 ,       79 ,       10 ,       88 ,      108 ,      102 ,       32 ,      101 ,       13 ,      141 ,       26 ,        5 ,      128 ,       35 ,       55 ,       56 ,       74 ,      104 ,       52 ,       34 ,      119 ,      114 ,       97 ,       84 ,       29 ,       47 ,      112 ,      118 ,      116 ,      124 ,       53 ,       40 ,      105 ,       73 ,       23 ,       27 ,      138 ,       85 ,       77 ,       62 ,      147 ,      115 ,       18 ,       36 ,      140 ,       78 ,      144 ,       21 ,       72 ,      145 ,       58 ,       80 ,       54 ,       44 ,      122 ,       15 ,       17 ,        0 ,       82 ,       63 ,       75 ,      125 ,       90 ,       11 ,      135 ,       12 ,       86 ,       43 ,       96 ,       45 ,      131 ,       68 ,      134 ,       99 ,       46 ,        4 ,       67 ,        9 ,      120 ,      133 ,      129 ,      143 ,        1 ,      107 ,        7 ,      146 ,       42 ,       66 ,      113 ,       87 ,       39 ,      142 ,       41 ,       25 ,      130 ,       38 ,       30 ,      127 ,       69 ,       49 ,        3 ,       98 ,       61 ,      106 ,      149 ,      121 ,       83 ,       22 ,       48 ,      111 ,       60 ,       57 ,       37 ,       76 ,       70 ,       65 ,      137 ,      132 ,      110 ,       51 ,        6 ,      103 ,       20 ,      123 ,       59 ,      148 ,      136 ,      100 ,      139 ,       28 ,       93 ,       71 ,      126 ,       33 ,       16 ,       81 ,       91 ,        2 ,      109 ,      117 ,       14 , 
      95 ,       89 ,       19 ,        8 ,       50 ,       24 ,       92 ,       94 ,       79 ,       64 ,      102 ,       31 ,      101 ,       10 ,       32 ,      108 ,       88 ,      128 ,        5 ,      141 ,       13 ,       55 ,       26 ,       56 ,       35 ,      119 ,       34 ,       52 ,       74 ,       84 ,      104 ,       47 ,       29 ,      116 ,       97 ,      112 ,      114 ,      118 ,      105 ,      124 ,       73 ,       53 ,       40 ,       23 ,       77 ,      138 ,       27 ,       62 ,       85 ,       18 ,      147 ,       36 ,       78 ,      115 ,      140 ,       58 ,       72 ,      144 ,       21 ,      122 ,      145 ,       80 ,       15 ,       44 ,       54 ,       75 ,       63 ,       17 ,       82 ,      135 ,      125 ,        0 ,       90 ,       12 ,       45 ,       11 ,       86 ,       43 ,       96 ,      131 ,       99 ,      134 ,       68 ,        4 ,       67 ,      129 ,       46 ,      143 ,      133 ,      107 ,      120 ,       42 ,        9 ,        7 ,        1 ,      146 ,       66 ,      113 ,      142 ,       39 ,       87 ,       25 ,       38 ,      130 ,       41 ,        3 ,       30 ,      127 ,       69 ,       49 ,      106 ,       83 ,       61 ,      149 ,       48 ,       22 ,      121 ,       98 ,       57 ,       70 ,       76 ,       60 ,       37 ,      132 ,      123 ,      111 ,      103 ,        6 ,       51 ,       65 ,      137 ,       20 ,      110 ,       59 ,      136 ,      139 ,       28 ,      100 ,      148 ,       71 ,       93 ,       16 ,      126 ,       81 ,      109 ,       33 ,        2 ,      117 ,       91 ,       14 , 
      89 ,       95 ,       24 ,       94 ,       79 ,       19 ,      102 ,       50 ,       92 ,        8 ,       64 ,       32 ,       31 ,      101 ,      128 ,      108 ,       13 ,       10 ,       55 ,       88 ,        5 ,       26 ,       34 ,       35 ,       56 ,      141 ,       52 ,       74 ,      119 ,       47 ,      104 ,       29 ,       84 ,      116 ,      112 ,      114 ,      118 ,       97 ,      105 ,       53 ,      124 ,       77 ,       73 ,      138 ,       23 ,       40 ,       62 ,       27 ,       85 ,      115 ,       18 ,       78 ,       36 ,       72 ,      147 ,      140 ,      144 ,       58 ,       21 ,       15 ,       54 ,      145 ,       63 ,      122 ,       75 ,       17 ,       80 ,       44 ,       90 ,      125 ,       82 ,        0 ,       12 ,      135 ,       45 ,       86 ,      131 ,       11 ,       96 ,      134 ,       68 ,       99 ,      129 ,       43 ,       67 ,      143 ,       46 ,        4 ,        9 ,      107 ,      120 ,      133 ,        1 ,       42 ,       66 ,        7 ,      146 ,       39 ,      142 ,       87 ,      113 ,       41 ,       25 ,       38 ,      127 ,        3 ,      130 ,       49 ,       83 ,       30 ,      106 ,       69 ,      149 ,       98 ,       61 ,       48 ,       70 ,       22 ,       57 ,      121 ,       76 ,      132 ,       60 ,       37 ,      123 ,        6 ,      111 ,       65 ,      103 ,       51 ,       20 ,      137 ,      136 ,       28 ,       59 ,      100 ,      110 ,       93 ,      139 ,      148 ,       71 ,      126 ,       33 ,       16 ,       81 ,      117 ,       91 ,      109 ,        2 ,       14 , 
      89 ,       94 ,      102 ,       95 ,       19 ,       79 ,       24 ,       32 ,        8 ,       31 ,       64 ,       50 ,       92 ,      101 ,      128 ,       10 ,       55 ,      108 ,       13 ,        5 ,       56 ,       88 ,       52 ,       34 ,       26 ,       35 ,      104 ,      141 ,       74 ,      119 ,       29 ,      112 ,      118 ,       47 ,      116 ,       84 ,      105 ,       53 ,      114 ,      138 ,       97 ,      124 ,       40 ,       23 ,       77 ,       73 ,       27 ,       85 ,       78 ,       18 ,       36 ,      115 ,       62 ,      144 ,       21 ,      147 ,       72 ,      145 ,      140 ,       58 ,       15 ,       17 ,       63 ,       54 ,       80 ,       44 ,      122 ,       75 ,      125 ,      135 ,       12 ,        0 ,       90 ,       45 ,      131 ,       82 ,      134 ,       86 ,       99 ,       96 ,       11 ,       67 ,       68 ,      129 ,       46 ,       43 ,      143 ,        4 ,      107 ,      120 ,        9 ,      133 ,        1 ,       66 ,       39 ,       87 ,       42 ,      146 ,      142 ,        7 ,      127 ,      113 ,       41 ,       25 ,       83 ,       38 ,      130 ,       49 ,        3 ,       30 ,       98 ,      106 ,       70 ,       69 ,      149 ,       61 ,       57 ,       48 ,      121 ,       37 ,       76 ,       22 ,      123 ,       60 ,      132 ,        6 ,       20 ,      111 ,      103 ,      136 ,       65 ,       51 ,      137 ,       59 ,      139 ,      100 ,       28 ,      110 ,       93 ,      126 ,       16 ,      117 ,       71 ,      148 ,       33 ,       91 ,       14 ,       81 ,      109 ,        2 , 
      89 ,       94 ,       19 ,       95 ,       79 ,      102 ,       32 ,        8 ,       64 ,       24 ,       31 ,       92 ,       55 ,      128 ,      101 ,       50 ,        5 ,       13 ,       10 ,      108 ,       88 ,       56 ,       34 ,       26 ,       52 ,      119 ,       74 ,      112 ,       35 ,      104 ,      141 ,      118 ,       29 ,       84 ,      114 ,      105 ,      116 ,       47 ,       97 ,      124 ,       53 ,       40 ,       23 ,      138 ,       85 ,       18 ,       73 ,       77 ,       27 ,       78 ,       62 ,      144 ,       72 ,       36 ,      115 ,      147 ,      140 ,       21 ,       63 ,      145 ,       80 ,       58 ,       54 ,       17 ,       15 ,      122 ,       44 ,       75 ,      135 ,       12 ,       45 ,      125 ,      131 ,        0 ,       86 ,       82 ,       99 ,       67 ,       90 ,      134 ,       96 ,       11 ,       68 ,      129 ,      107 ,       43 ,      143 ,       46 ,        1 ,        4 ,       66 ,        9 ,       39 ,      133 ,      146 ,      120 ,       87 ,        7 ,      142 ,      127 ,       42 ,      113 ,       41 ,       25 ,      130 ,       83 ,       38 ,       30 ,       49 ,        3 ,      149 ,       70 ,       69 ,       98 ,      106 ,       37 ,       48 ,       22 ,       61 ,       57 ,      121 ,       76 ,       60 ,        6 ,      123 ,      132 ,      103 ,       20 ,      111 ,      136 ,       65 ,       51 ,      100 ,      137 ,       59 ,      139 ,       28 ,      126 ,      117 ,       16 ,      110 ,       93 ,       71 ,       14 ,      109 ,       81 ,       91 ,      148 ,       33 ,        2 , 
      94 ,       89 ,       19 ,       95 ,      102 ,        8 ,       64 ,       32 ,       79 ,       24 ,       31 ,       55 ,       92 ,      101 ,       50 ,      128 ,       10 ,       13 ,      108 ,        5 ,       88 ,       56 ,       52 ,       34 ,      119 ,      112 ,      141 ,       74 ,       35 ,       84 ,       26 ,      118 ,       29 ,      104 ,      114 ,       47 ,       97 ,      105 ,      138 ,      124 ,      116 ,       40 ,       53 ,       18 ,       77 ,       85 ,       73 ,       23 ,       27 ,       62 ,      115 ,       78 ,      144 ,       36 ,       63 ,       72 ,       21 ,      145 ,       58 ,       54 ,       80 ,      147 ,      140 ,       17 ,      122 ,      135 ,       44 ,       75 ,       15 ,        0 ,       86 ,      125 ,      131 ,       12 ,       82 ,       45 ,       67 ,       96 ,      134 ,       99 ,       90 ,       11 ,       68 ,       43 ,      129 ,       46 ,      143 ,        1 ,       66 ,        9 ,      107 ,       39 ,      146 ,        4 ,       87 ,      133 ,        7 ,      113 ,       42 ,      120 ,      142 ,      127 ,       41 ,      130 ,       30 ,       25 ,       38 ,       83 ,      149 ,       49 ,       98 ,        3 ,      106 ,       70 ,       69 ,       22 ,       37 ,       76 ,       57 ,       48 ,       61 ,        6 ,       60 ,      103 ,      121 ,       20 ,      132 ,      123 ,       65 ,      111 ,      136 ,       51 ,      139 ,      100 ,      126 ,       28 ,      110 ,      137 ,       71 ,       59 ,       16 ,      117 ,       93 ,       91 ,       33 ,       14 ,        2 ,      109 ,       81 ,      148 , 
      94 ,      102 ,       89 ,       19 ,       95 ,        8 ,       64 ,       79 ,       32 ,       31 ,       24 ,       92 ,      101 ,       55 ,       10 ,        5 ,      128 ,       50 ,       13 ,      108 ,       56 ,       88 ,       34 ,       52 ,      119 ,      141 ,      112 ,       84 ,       29 ,       26 ,       74 ,       35 ,       47 ,      114 ,      118 ,       97 ,      124 ,      104 ,      116 ,       40 ,      138 ,       77 ,      105 ,       18 ,       53 ,       73 ,       85 ,       27 ,       23 ,       36 ,       62 ,      144 ,      115 ,       21 ,       78 ,       63 ,       80 ,       72 ,      147 ,       58 ,      140 ,      145 ,       17 ,       54 ,      122 ,       75 ,      135 ,       15 ,       44 ,       86 ,       82 ,       12 ,      131 ,       45 ,        0 ,      125 ,       96 ,       67 ,       68 ,       11 ,       99 ,       46 ,      134 ,       90 ,       43 ,        1 ,        9 ,       66 ,      129 ,      143 ,        4 ,      107 ,      146 ,       39 ,      133 ,        7 ,      142 ,       87 ,      120 ,      130 ,      113 ,       42 ,      127 ,       41 ,      149 ,       25 ,       83 ,       30 ,      106 ,       38 ,       98 ,       49 ,        3 ,       69 ,       70 ,       48 ,       76 ,       37 ,       57 ,       22 ,        6 ,       61 ,       60 ,      121 ,      132 ,      103 ,       20 ,       51 ,      139 ,       65 ,      100 ,      123 ,      111 ,      126 ,      136 ,       71 ,       59 ,       28 ,      110 ,      137 ,       16 ,       93 ,       33 ,      117 ,       14 ,       91 ,        2 ,      148 ,       81 ,      109 , 
      94 ,        8 ,       95 ,      102 ,       19 ,       89 ,       32 ,       64 ,       31 ,       79 ,       10 ,      101 ,       24 ,       55 ,       92 ,      128 ,       50 ,        5 ,       13 ,       34 ,      108 ,       56 ,       88 ,      141 ,       26 ,       52 ,       84 ,       74 ,      112 ,      119 ,      118 ,       29 ,       47 ,      124 ,       35 ,      104 ,       97 ,       40 ,      114 ,      138 ,      116 ,       18 ,       85 ,       77 ,       73 ,      105 ,       62 ,       23 ,      144 ,       53 ,       36 ,       21 ,       63 ,       27 ,      147 ,       58 ,      115 ,       72 ,       78 ,      145 ,       80 ,       17 ,      135 ,       75 ,       54 ,      140 ,      122 ,       15 ,       44 ,       82 ,        0 ,       86 ,      131 ,       12 ,       96 ,       68 ,       45 ,      125 ,       46 ,       99 ,       67 ,       90 ,       11 ,       43 ,        1 ,        9 ,       66 ,      129 ,      134 ,      143 ,      146 ,        4 ,        7 ,      107 ,      133 ,       39 ,      130 ,      142 ,      127 ,       42 ,      113 ,       87 ,      120 ,       41 ,       25 ,       30 ,      149 ,       98 ,       83 ,       49 ,      106 ,       69 ,       76 ,       70 ,       38 ,        3 ,       48 ,       57 ,       37 ,        6 ,       61 ,       22 ,      121 ,      103 ,       20 ,      132 ,       60 ,      123 ,      111 ,       51 ,      100 ,      139 ,       65 ,      126 ,      136 ,       71 ,       59 ,       93 ,       28 ,      137 ,      110 ,       14 ,       16 ,       33 ,      117 ,      148 ,       91 ,        2 ,       81 ,      109 , 
      94 ,       95 ,        8 ,      102 ,       89 ,       19 ,       31 ,       10 ,       64 ,       79 ,       55 ,       32 ,       24 ,      101 ,      128 ,       92 ,       50 ,      108 ,        5 ,       88 ,       13 ,       34 ,       52 ,      141 ,       56 ,       74 ,      119 ,       84 ,       26 ,      112 ,       47 ,       29 ,       35 ,      124 ,      104 ,      118 ,      114 ,       40 ,       18 ,      138 ,       97 ,      116 ,       73 ,       77 ,       85 ,      144 ,       53 ,      105 ,       21 ,       23 ,       62 ,       36 ,       58 ,      147 ,       78 ,      145 ,       63 ,       27 ,       17 ,       72 ,       75 ,      115 ,      140 ,       80 ,      135 ,       54 ,       82 ,       44 ,      122 ,       15 ,      131 ,        0 ,       12 ,      125 ,       45 ,       86 ,       96 ,       68 ,       99 ,       11 ,       46 ,       90 ,        9 ,       67 ,       43 ,      134 ,        1 ,      129 ,       66 ,      143 ,        7 ,      107 ,        4 ,      130 ,      146 ,      142 ,       39 ,      133 ,      127 ,       42 ,      120 ,       25 ,       87 ,      113 ,       41 ,       83 ,       98 ,       30 ,       49 ,      106 ,      149 ,       38 ,       76 ,       69 ,       70 ,        3 ,       57 ,       48 ,       61 ,       37 ,       20 ,        6 ,      121 ,       22 ,      123 ,       51 ,       60 ,      132 ,      103 ,       65 ,      111 ,      136 ,      139 ,      126 ,      100 ,      137 ,      110 ,       71 ,       59 ,       14 ,       93 ,       28 ,       16 ,       91 ,       33 ,      148 ,      117 ,       81 ,        2 ,      109 , 
