860 , 200 , 10 , 39690 , IG
     100 ,      174 ,       12 ,      110 ,       98 ,      154 ,      123 ,       62 ,       93 ,       82 ,       86 ,       91 ,       92 ,      199 ,       30 ,      197 ,        2 ,      184 ,      188 ,      155 ,       18 ,      171 ,       42 ,      117 ,      150 ,      106 ,      183 ,      170 ,      122 ,      124 ,      133 ,       44 ,      178 ,      164 ,       20 ,      119 ,      131 ,      166 ,       14 ,      115 ,       33 ,      138 ,      142 ,      107 ,      163 ,       22 ,       56 ,      140 ,       75 ,      127 ,       11 ,       35 ,        5 ,      162 ,       90 ,       58 ,      129 ,      137 ,       47 ,      105 ,      113 ,        1 ,      157 ,      114 ,      173 ,       57 ,       36 ,       81 ,       88 ,       97 ,      126 ,       15 ,       50 ,       74 ,       80 ,      198 ,      102 ,      158 ,      130 ,      111 ,       77 ,      195 ,       17 ,       37 ,      139 ,      180 ,      177 ,      146 ,      191 ,      132 ,       46 ,       99 ,      152 ,        6 ,       28 ,       85 ,      108 ,      196 ,      104 ,       39 ,      120 ,      189 ,       60 ,      194 ,      159 ,       34 ,       10 ,      167 ,       65 ,      116 ,       49 ,      193 ,      175 ,       13 ,      176 ,       67 ,      149 ,      156 ,      112 ,        4 ,      103 ,      151 ,      109 ,        0 ,      181 ,      182 ,      179 ,       24 ,       66 ,        7 ,       51 ,      153 ,       73 ,        8 ,      185 ,       32 ,      168 ,       76 ,       71 ,       72 ,      187 ,       48 ,      143 ,      186 ,      101 ,       45 ,       55 ,       64 ,      172 ,       78 ,      134 ,       43 ,      161 ,       25 ,      165 ,       59 ,       96 ,       52 ,      118 ,       61 ,       87 ,      190 ,      147 ,       27 ,      128 ,       70 ,       40 ,       53 ,       83 ,       89 ,      148 ,      121 ,      144 ,       63 ,      136 ,       68 ,       41 ,      125 ,        9 ,       26 ,       84 ,       95 ,       23 ,       94 ,       69 ,      135 ,      141 ,       29 ,      169 ,      145 ,       21 ,       31 ,       38 ,      160 ,        3 ,      192 ,       79 ,       54 ,       16 ,       19 , 
     100 ,      174 ,      110 ,       98 ,       93 ,      123 ,      154 ,       91 ,       92 ,       62 ,      199 ,       12 ,      197 ,       86 ,       82 ,       30 ,      184 ,      155 ,      188 ,      171 ,        2 ,      150 ,       18 ,      106 ,      122 ,       42 ,      183 ,      170 ,      124 ,      117 ,       44 ,      133 ,      164 ,      178 ,       20 ,      131 ,       14 ,      119 ,      166 ,      138 ,      163 ,       33 ,      115 ,      140 ,       22 ,       56 ,      142 ,      107 ,       75 ,       35 ,      127 ,       11 ,        5 ,      129 ,      162 ,      137 ,       47 ,       90 ,       58 ,      114 ,      105 ,       57 ,      113 ,      157 ,        1 ,       36 ,      173 ,       88 ,       15 ,      126 ,       81 ,       97 ,       74 ,       80 ,      198 ,      158 ,       50 ,      195 ,      111 ,       37 ,       17 ,      102 ,      130 ,       77 ,      180 ,      139 ,      191 ,      177 ,      146 ,       46 ,      152 ,      132 ,        6 ,       28 ,       99 ,      108 ,       85 ,      104 ,       39 ,      120 ,      189 ,      196 ,       10 ,       34 ,      167 ,       60 ,       65 ,      194 ,      159 ,      116 ,       49 ,       67 ,       13 ,      193 ,      149 ,      176 ,      175 ,      103 ,      112 ,      156 ,        4 ,        0 ,      151 ,      179 ,      109 ,      182 ,      181 ,       24 ,      153 ,       51 ,       66 ,        7 ,        8 ,       73 ,      185 ,       32 ,       76 ,       48 ,       72 ,      168 ,      186 ,       45 ,       71 ,      187 ,      101 ,       78 ,      143 ,      172 ,       55 ,       64 ,      134 ,       43 ,      161 ,       25 ,      165 ,       61 ,       59 ,       87 ,       96 ,      190 ,      118 ,       52 ,      128 ,      147 ,       40 ,       83 ,       70 ,       27 ,       89 ,       53 ,      148 ,      121 ,       63 ,      144 ,      136 ,       41 ,        9 ,       68 ,       23 ,       26 ,       94 ,      125 ,      141 ,      135 ,       69 ,       84 ,       95 ,       29 ,       38 ,      145 ,       31 ,      169 ,      160 ,       21 ,      192 ,       79 ,       19 ,        3 ,       54 ,       16 , 
     110 ,      123 ,      174 ,       93 ,      100 ,       98 ,       91 ,       62 ,      154 ,       86 ,      199 ,       82 ,      197 ,       92 ,       12 ,       30 ,      155 ,      150 ,        2 ,       18 ,      188 ,      184 ,      183 ,       42 ,      122 ,      171 ,      106 ,      117 ,      133 ,      164 ,      170 ,      124 ,      178 ,       44 ,       20 ,      166 ,      163 ,      138 ,      119 ,      131 ,       33 ,       14 ,       56 ,      107 ,      140 ,       22 ,      115 ,      127 ,       11 ,       75 ,        5 ,      142 ,       35 ,      137 ,      129 ,       47 ,       58 ,      162 ,      114 ,       57 ,       90 ,      105 ,      157 ,      113 ,       36 ,        1 ,       15 ,       97 ,      173 ,       88 ,       81 ,      126 ,       50 ,       74 ,      158 ,      198 ,       17 ,      195 ,       80 ,      130 ,      102 ,       37 ,      111 ,       77 ,      191 ,      139 ,       46 ,      152 ,      177 ,      132 ,      180 ,      146 ,       28 ,       99 ,      104 ,        6 ,      108 ,       85 ,       10 ,       34 ,      189 ,      120 ,       39 ,      196 ,      194 ,       65 ,      159 ,      167 ,       60 ,       67 ,      116 ,       49 ,      176 ,      175 ,      103 ,      149 ,       13 ,      156 ,      193 ,        4 ,      179 ,      112 ,      181 ,        0 ,      151 ,      109 ,       24 ,      153 ,      182 ,        8 ,       51 ,        7 ,       73 ,       66 ,       32 ,      185 ,       76 ,       48 ,       45 ,       72 ,      101 ,       78 ,      187 ,      168 ,      186 ,      172 ,       71 ,      143 ,       64 ,       55 ,      165 ,       43 ,      134 ,       61 ,       96 ,      161 ,       25 ,      190 ,       59 ,      147 ,       87 ,       83 ,       52 ,      118 ,      128 ,       70 ,      148 ,      121 ,       40 ,       89 ,       27 ,       53 ,       41 ,      144 ,      136 ,       63 ,       23 ,      125 ,       94 ,       68 ,        9 ,       95 ,       26 ,      141 ,       38 ,      135 ,       29 ,       84 ,       31 ,      169 ,       69 ,      160 ,       79 ,       21 ,      145 ,       19 ,       54 ,      192 ,       16 ,        3 , 
     123 ,      174 ,      110 ,       93 ,       91 ,       98 ,      100 ,      154 ,       82 ,       86 ,       62 ,       92 ,      199 ,      197 ,      150 ,        2 ,       30 ,      155 ,       12 ,       18 ,      183 ,      188 ,      122 ,      184 ,      106 ,       42 ,      117 ,      124 ,      171 ,      164 ,      170 ,      133 ,       44 ,      178 ,      166 ,       20 ,      163 ,      138 ,      131 ,       14 ,      119 ,      140 ,      115 ,       33 ,      107 ,       56 ,       22 ,      127 ,      142 ,        5 ,      129 ,       11 ,      137 ,       75 ,      162 ,       35 ,       47 ,      114 ,       90 ,       57 ,       58 ,       36 ,      105 ,      113 ,      157 ,      173 ,        1 ,       81 ,       97 ,       88 ,       50 ,       15 ,      158 ,      195 ,       17 ,      198 ,       80 ,       74 ,      126 ,      130 ,      191 ,      102 ,       77 ,       37 ,      152 ,      111 ,      180 ,      132 ,      177 ,      139 ,       46 ,      146 ,       99 ,      104 ,       28 ,       85 ,        6 ,      189 ,      108 ,      196 ,      194 ,       34 ,       65 ,      167 ,       10 ,      120 ,       39 ,      116 ,      176 ,      159 ,       49 ,       60 ,       67 ,      175 ,      103 ,      156 ,        4 ,      179 ,      149 ,      193 ,        0 ,      181 ,       13 ,      151 ,      153 ,      112 ,      109 ,       24 ,      182 ,       51 ,       73 ,       66 ,       32 ,        7 ,        8 ,      185 ,       76 ,       48 ,       78 ,       45 ,      101 ,       72 ,      172 ,      187 ,      168 ,      143 ,      186 ,       71 ,       64 ,       55 ,      134 ,       43 ,      161 ,       61 ,      165 ,       96 ,      190 ,       59 ,      147 ,      118 ,      128 ,       70 ,       25 ,       83 ,       52 ,       87 ,       40 ,      121 ,      148 ,       89 ,       27 ,      144 ,       53 ,      125 ,       41 ,       94 ,      136 ,        9 ,       23 ,       63 ,      141 ,       68 ,       95 ,       29 ,      160 ,       31 ,       69 ,      135 ,       26 ,       38 ,      169 ,       79 ,       21 ,       19 ,       84 ,      145 ,       54 ,      192 ,        3 ,       16 , 
     110 ,      123 ,      174 ,       93 ,       91 ,      100 ,      154 ,       98 ,      199 ,       86 ,       82 ,       62 ,       30 ,        2 ,       12 ,       92 ,      150 ,       18 ,      197 ,      184 ,      183 ,      155 ,      106 ,      122 ,      117 ,      164 ,      188 ,      171 ,      124 ,      133 ,       42 ,       44 ,      170 ,      178 ,      166 ,      131 ,      163 ,       14 ,      115 ,      140 ,       20 ,      138 ,       33 ,      119 ,      127 ,       56 ,       22 ,      142 ,      107 ,       75 ,      129 ,       35 ,      162 ,      137 ,       47 ,       11 ,       57 ,        5 ,       58 ,       90 ,      157 ,      114 ,      105 ,        1 ,      173 ,       36 ,       81 ,       50 ,       15 ,       17 ,      113 ,       88 ,      158 ,       97 ,      195 ,      198 ,       80 ,      126 ,       74 ,       77 ,      102 ,      191 ,      130 ,      180 ,       37 ,      152 ,      132 ,      111 ,       46 ,      146 ,      177 ,       99 ,      139 ,       85 ,       28 ,      104 ,      194 ,      196 ,      189 ,      167 ,      108 ,        6 ,       39 ,       34 ,      176 ,       65 ,      120 ,       49 ,       10 ,      175 ,      103 ,      116 ,      159 ,      179 ,      149 ,      156 ,       67 ,       60 ,        4 ,      151 ,        0 ,      153 ,      181 ,      112 ,      193 ,       13 ,       24 ,      182 ,      109 ,       73 ,       51 ,       66 ,       32 ,      185 ,        7 ,        8 ,       76 ,      101 ,       45 ,       48 ,       78 ,      187 ,       72 ,       71 ,      172 ,      168 ,      186 ,       55 ,      134 ,      143 ,       64 ,       61 ,      161 ,       96 ,      165 ,       59 ,       43 ,       70 ,      128 ,       25 ,      190 ,       87 ,      118 ,       52 ,      147 ,      121 ,      148 ,       83 ,       40 ,       89 ,       27 ,       53 ,      125 ,       41 ,       23 ,      144 ,      136 ,        9 ,       94 ,       68 ,      141 ,       63 ,       29 ,       95 ,       31 ,       26 ,      160 ,      169 ,       38 ,       79 ,       69 ,      135 ,       54 ,       21 ,        3 ,       84 ,       19 ,      192 ,       16 ,      145 , 
     110 ,      123 ,      174 ,       93 ,      100 ,      199 ,      154 ,       91 ,       98 ,        2 ,       12 ,       82 ,       62 ,       86 ,      197 ,       92 ,       30 ,      150 ,      184 ,      183 ,       18 ,      106 ,      122 ,      188 ,      164 ,      117 ,      155 ,       44 ,      133 ,      178 ,      171 ,      124 ,       42 ,      170 ,      163 ,      115 ,      131 ,      166 ,       14 ,       20 ,       33 ,      127 ,      138 ,      119 ,      140 ,      107 ,      142 ,       75 ,       56 ,       22 ,      162 ,      137 ,       47 ,       35 ,      129 ,       58 ,        5 ,      114 ,       11 ,       57 ,       90 ,      157 ,      105 ,       50 ,      173 ,       15 ,       81 ,        1 ,       17 ,       36 ,      113 ,      195 ,       88 ,       97 ,      158 ,       77 ,       80 ,      198 ,      130 ,       74 ,      126 ,      102 ,      191 ,      132 ,      180 ,      111 ,       37 ,      152 ,      146 ,       85 ,       46 ,      139 ,       99 ,      177 ,      194 ,      196 ,       28 ,      108 ,        6 ,      189 ,      104 ,       39 ,      167 ,      120 ,       10 ,      176 ,       34 ,      103 ,      116 ,      159 ,       65 ,      175 ,       49 ,      156 ,        4 ,      151 ,       67 ,      179 ,      149 ,      181 ,      193 ,       60 ,        0 ,       13 ,      112 ,      153 ,      109 ,      182 ,       51 ,       24 ,       73 ,        8 ,       66 ,      185 ,       32 ,       76 ,        7 ,       78 ,       45 ,       71 ,      187 ,      101 ,      168 ,       48 ,      134 ,       72 ,      172 ,      143 ,      186 ,       55 ,       61 ,      165 ,       64 ,      161 ,       43 ,       96 ,      190 ,       70 ,       59 ,       87 ,      128 ,       25 ,      147 ,      118 ,      121 ,       83 ,       52 ,       53 ,       89 ,      148 ,       23 ,       40 ,       27 ,      125 ,       41 ,      144 ,       68 ,      136 ,        9 ,       63 ,       94 ,      141 ,       95 ,       26 ,       29 ,       79 ,       31 ,      135 ,      169 ,      160 ,       54 ,       38 ,       69 ,        3 ,       21 ,      192 ,       84 ,       19 ,      145 ,       16 , 
     110 ,       93 ,      199 ,       91 ,      174 ,       98 ,      123 ,      100 ,        2 ,      154 ,       12 ,       82 ,      197 ,       62 ,       86 ,       30 ,      150 ,      184 ,       92 ,      122 ,      106 ,      117 ,      155 ,       18 ,      183 ,      188 ,      171 ,       44 ,      164 ,       42 ,      133 ,      178 ,      124 ,      115 ,      170 ,       20 ,       14 ,       33 ,      166 ,      163 ,      131 ,      127 ,      138 ,       75 ,      142 ,      107 ,      119 ,       22 ,      162 ,      140 ,       35 ,       56 ,       58 ,        5 ,      137 ,      129 ,       47 ,       57 ,       90 ,       11 ,      105 ,      114 ,      157 ,       81 ,       50 ,       15 ,      113 ,      173 ,        1 ,      195 ,       36 ,       17 ,       80 ,       88 ,      198 ,       74 ,       97 ,      158 ,      102 ,       77 ,      130 ,      126 ,      132 ,      180 ,      152 ,      191 ,      111 ,       37 ,      146 ,      139 ,       46 ,       85 ,       99 ,       28 ,      194 ,      108 ,      177 ,      196 ,      189 ,        6 ,      167 ,      120 ,      104 ,       39 ,      176 ,      103 ,       34 ,      175 ,       10 ,      116 ,       49 ,      159 ,       65 ,      179 ,      156 ,      149 ,      151 ,      181 ,        4 ,       13 ,       67 ,       60 ,      112 ,        0 ,      193 ,      182 ,       73 ,      153 ,      109 ,       51 ,       66 ,       24 ,        7 ,       32 ,        8 ,       78 ,       76 ,       71 ,      185 ,      168 ,       45 ,       72 ,      172 ,       48 ,      134 ,      187 ,      101 ,      143 ,       55 ,      161 ,       64 ,      186 ,      165 ,       43 ,      190 ,       61 ,       87 ,       59 ,      128 ,       96 ,       25 ,      147 ,       70 ,       83 ,       53 ,      118 ,      121 ,       52 ,       40 ,       89 ,       27 ,      125 ,      148 ,       41 ,       23 ,       68 ,        9 ,      144 ,       94 ,      136 ,       95 ,      141 ,       63 ,       26 ,      169 ,       31 ,       29 ,       79 ,      135 ,       38 ,        3 ,       21 ,      160 ,       54 ,      192 ,       69 ,      145 ,       16 ,       19 ,       84 , 
     110 ,      199 ,       93 ,       98 ,      123 ,      174 ,        2 ,       91 ,      100 ,       82 ,       12 ,       86 ,      154 ,      184 ,       62 ,       30 ,      197 ,      150 ,       92 ,      122 ,      117 ,      188 ,      106 ,      183 ,      155 ,       42 ,      133 ,      171 ,      164 ,       18 ,      124 ,      115 ,      178 ,       44 ,       20 ,      163 ,      166 ,      170 ,      131 ,       33 ,       14 ,      107 ,      127 ,      142 ,       75 ,      138 ,       35 ,      119 ,       22 ,       58 ,      162 ,      140 ,       47 ,        5 ,       56 ,       11 ,      137 ,       57 ,       90 ,      129 ,      105 ,      157 ,       15 ,       81 ,      114 ,      113 ,      173 ,       50 ,       36 ,       80 ,        1 ,       74 ,       17 ,      195 ,       88 ,      198 ,      102 ,       97 ,      158 ,      132 ,       77 ,      130 ,      180 ,      191 ,      126 ,      139 ,      152 ,      146 ,      111 ,       37 ,       85 ,       46 ,       99 ,       28 ,      108 ,      177 ,      189 ,      194 ,      196 ,        6 ,      120 ,      167 ,       34 ,      104 ,       39 ,      176 ,       49 ,      116 ,       65 ,      175 ,      103 ,       10 ,      179 ,      156 ,      159 ,       13 ,      181 ,       60 ,      149 ,      151 ,        4 ,      193 ,      182 ,       67 ,        0 ,      112 ,       51 ,       73 ,        7 ,       66 ,        8 ,      109 ,      153 ,       24 ,       71 ,       78 ,      168 ,       76 ,       32 ,      185 ,      172 ,      187 ,       48 ,       72 ,       45 ,      143 ,      134 ,       64 ,      161 ,      101 ,      165 ,       55 ,       61 ,       87 ,      186 ,       96 ,       43 ,      190 ,       25 ,       59 ,      147 ,      128 ,       70 ,       53 ,       52 ,      118 ,       89 ,      121 ,       83 ,      148 ,      125 ,       40 ,       41 ,       27 ,       23 ,      144 ,      136 ,       94 ,       68 ,        9 ,       95 ,      141 ,       63 ,      169 ,       26 ,       31 ,       29 ,       79 ,       21 ,       54 ,      160 ,      192 ,      135 ,        3 ,       38 ,       16 ,      145 ,       69 ,       84 ,       19 , 
     110 ,       98 ,      123 ,       91 ,      174 ,       93 ,      199 ,       82 ,        2 ,       86 ,      100 ,      154 ,      184 ,       12 ,       30 ,       62 ,       92 ,      197 ,      117 ,      183 ,      122 ,      150 ,      155 ,      106 ,      133 ,       42 ,      188 ,      164 ,      171 ,       18 ,      124 ,       44 ,      115 ,      178 ,      163 ,       20 ,      166 ,       14 ,      170 ,      107 ,      142 ,      131 ,      138 ,       33 ,       75 ,      127 ,      162 ,      119 ,       22 ,       58 ,       11 ,       35 ,       47 ,       56 ,       57 ,      137 ,      140 ,        5 ,      129 ,       90 ,      105 ,       81 ,      173 ,      157 ,       50 ,       15 ,      114 ,      113 ,       36 ,        1 ,       74 ,       80 ,       88 ,       17 ,      195 ,      132 ,       97 ,      130 ,      102 ,      198 ,      158 ,      180 ,      152 ,      191 ,       77 ,      146 ,      126 ,      139 ,       37 ,       85 ,       28 ,      111 ,       99 ,      177 ,       46 ,      196 ,      108 ,      194 ,      167 ,      189 ,        6 ,      120 ,       49 ,      104 ,       34 ,      176 ,      175 ,       10 ,      179 ,       39 ,      103 ,      156 ,      159 ,       65 ,      116 ,      149 ,        4 ,      181 ,      151 ,       60 ,       13 ,       67 ,      182 ,       51 ,      193 ,        0 ,      112 ,        7 ,       73 ,      109 ,      153 ,       24 ,       78 ,       66 ,        8 ,       76 ,       71 ,      187 ,      168 ,      185 ,       48 ,       32 ,      172 ,       45 ,      143 ,       64 ,       72 ,      134 ,      161 ,      101 ,       61 ,       87 ,      165 ,       43 ,       55 ,      186 ,       96 ,       59 ,      190 ,       70 ,      147 ,       25 ,      128 ,       89 ,      118 ,       53 ,       52 ,      148 ,       83 ,      121 ,       27 ,      144 ,      125 ,       23 ,       40 ,       41 ,        9 ,      141 ,       94 ,      136 ,       95 ,       68 ,       31 ,       26 ,      169 ,       29 ,       63 ,       79 ,      192 ,       54 ,      160 ,       16 ,        3 ,       21 ,      135 ,       84 ,       69 ,       38 ,       19 ,      145 , 
     110 ,       91 ,       98 ,      123 ,      174 ,       82 ,       93 ,      154 ,      199 ,        2 ,       12 ,       86 ,       62 ,      100 ,       30 ,      117 ,      184 ,       92 ,      197 ,      106 ,      183 ,       42 ,      150 ,      122 ,      164 ,      155 ,      133 ,      171 ,      188 ,      124 ,       18 ,       44 ,      115 ,      163 ,      178 ,       14 ,       20 ,      166 ,      107 ,      142 ,      138 ,       75 ,      170 ,      127 ,       33 ,      131 ,       22 ,       35 ,       58 ,      119 ,      162 ,       11 ,        5 ,       57 ,       56 ,       90 ,       47 ,      140 ,      137 ,      173 ,       81 ,      105 ,      129 ,      113 ,      157 ,       36 ,       15 ,       50 ,      114 ,        1 ,       17 ,      132 ,       74 ,       88 ,       80 ,      130 ,      102 ,      158 ,      195 ,      180 ,       97 ,      198 ,       77 ,      146 ,       37 ,      139 ,      126 ,       85 ,      152 ,      191 ,      111 ,       28 ,       99 ,      177 ,       46 ,      167 ,      196 ,        6 ,      189 ,      108 ,       34 ,       49 ,      120 ,       10 ,      194 ,      179 ,      104 ,      176 ,      103 ,      175 ,      156 ,      159 ,      116 ,       65 ,       39 ,      149 ,       60 ,        4 ,       67 ,      151 ,       13 ,       51 ,      181 ,        7 ,      182 ,      112 ,      193 ,        0 ,       73 ,       66 ,       78 ,      153 ,      109 ,       24 ,       76 ,        8 ,      168 ,       71 ,       32 ,      187 ,       48 ,      185 ,       72 ,      172 ,       45 ,      134 ,      143 ,       64 ,      161 ,       61 ,      165 ,      101 ,      186 ,       70 ,       55 ,       87 ,       43 ,       59 ,       25 ,      147 ,      128 ,       96 ,      190 ,      148 ,       53 ,       52 ,      118 ,      121 ,       89 ,      144 ,       83 ,      125 ,       27 ,       40 ,       23 ,      141 ,       41 ,        9 ,       95 ,       94 ,      169 ,      136 ,       29 ,       68 ,       31 ,       26 ,       63 ,      160 ,       79 ,        3 ,      192 ,       16 ,       21 ,       54 ,      135 ,       19 ,       84 ,       69 ,       38 ,      145 , 
