1298 , 200 , 10 , 211608 , ILS
      57 ,      168 ,      192 ,      101 ,       59 ,      138 ,       90 ,       56 ,      136 ,      188 ,      116 ,      198 ,      127 ,       65 ,       91 ,      133 ,      156 ,       48 ,      190 ,      167 ,      157 ,       17 ,       96 ,       86 ,       52 ,       85 ,        3 ,      182 ,       13 ,      125 ,       35 ,       29 ,       69 ,      181 ,       30 ,       78 ,      186 ,      132 ,       53 ,      193 ,       88 ,        1 ,       81 ,       84 ,      176 ,       58 ,      165 ,      189 ,        9 ,       39 ,       41 ,       19 ,      174 ,       74 ,      120 ,      115 ,      149 ,       36 ,       43 ,       46 ,       47 ,      121 ,       68 ,       15 ,       27 ,        4 ,      153 ,      179 ,      178 ,      123 ,       79 ,        6 ,       31 ,      146 ,       14 ,       23 ,      137 ,       49 ,      197 ,      112 ,       38 ,       98 ,      124 ,       83 ,      109 ,      102 ,      177 ,      175 ,       40 ,       75 ,      111 ,       80 ,      129 ,      108 ,       28 ,       33 ,       21 ,       20 ,      180 ,       18 ,       77 ,      140 ,       60 ,      104 ,        0 ,      195 ,      173 ,      162 ,      199 ,      107 ,       26 ,      103 ,      172 ,      134 ,      185 ,       45 ,      160 ,      161 ,      148 ,       94 ,       72 ,       89 ,       63 ,       37 ,      164 ,       66 ,      142 ,       10 ,      187 ,      147 ,      113 ,      114 ,      130 ,       62 ,      144 ,       95 ,      171 ,      150 ,      126 ,        5 ,       44 ,       87 ,      158 ,      128 ,      152 ,      159 ,      118 ,       93 ,       73 ,       42 ,      169 ,      145 ,       25 ,      143 ,      191 ,       50 ,      105 ,      194 ,      122 ,      110 ,       34 ,       82 ,       12 ,       99 ,      184 ,      100 ,      135 ,       67 ,        7 ,      151 ,       70 ,      183 ,      119 ,        8 ,       71 ,      141 ,       55 ,        2 ,       22 ,      154 ,       64 ,       92 ,       11 ,      170 ,      155 ,       51 ,      106 ,      166 ,       32 ,       16 ,       76 ,      196 ,       24 ,       61 ,      117 ,      139 ,       54 ,      163 ,      131 ,       97 , 
      57 ,      192 ,       59 ,      138 ,      101 ,      168 ,       56 ,       90 ,      136 ,      188 ,      198 ,      127 ,      116 ,       65 ,      156 ,       91 ,      190 ,      133 ,      157 ,       48 ,      167 ,       17 ,       96 ,       52 ,       86 ,        3 ,       13 ,       85 ,      125 ,       35 ,      182 ,       30 ,       69 ,       78 ,       29 ,      181 ,      132 ,      186 ,       53 ,      193 ,       88 ,       84 ,       81 ,        1 ,      165 ,      176 ,       58 ,        9 ,       41 ,       39 ,       19 ,      189 ,       74 ,      174 ,      115 ,      120 ,       36 ,      149 ,       47 ,      121 ,       43 ,       68 ,       46 ,       27 ,       15 ,        4 ,      153 ,      179 ,       79 ,      178 ,      123 ,       31 ,        6 ,      146 ,       14 ,       49 ,       23 ,      137 ,      197 ,      112 ,       98 ,      124 ,      109 ,       83 ,       38 ,      175 ,      102 ,       40 ,      177 ,       75 ,       80 ,      111 ,      129 ,      108 ,       28 ,       33 ,       20 ,       21 ,      180 ,       18 ,      140 ,       77 ,       60 ,      104 ,      195 ,      173 ,        0 ,      199 ,       26 ,      162 ,      103 ,      134 ,      172 ,      107 ,       45 ,      185 ,      160 ,      148 ,      161 ,       72 ,       89 ,      164 ,       63 ,       37 ,       94 ,       66 ,      187 ,      142 ,       10 ,      147 ,      114 ,      130 ,      113 ,      144 ,       62 ,       95 ,      171 ,      126 ,      150 ,        5 ,       87 ,      158 ,       44 ,      159 ,      128 ,      152 ,      118 ,       42 ,       93 ,       73 ,      145 ,      169 ,       25 ,      191 ,      143 ,      194 ,       50 ,      105 ,       34 ,      122 ,       82 ,       99 ,      110 ,      100 ,      135 ,       12 ,      184 ,        7 ,      151 ,       70 ,       67 ,      119 ,      183 ,        8 ,      141 ,       71 ,       55 ,        2 ,       22 ,      154 ,       92 ,       64 ,       11 ,      170 ,      155 ,      106 ,       32 ,       51 ,       16 ,      166 ,       76 ,       24 ,      196 ,       61 ,      117 ,       54 ,      139 ,      131 ,      163 ,       97 , 
      57 ,      192 ,       59 ,      168 ,      138 ,       56 ,      101 ,      136 ,      188 ,       90 ,      198 ,      127 ,       65 ,      116 ,      156 ,       91 ,      157 ,      190 ,      133 ,      167 ,       48 ,       96 ,       52 ,       17 ,       86 ,        3 ,      125 ,       13 ,      182 ,       35 ,       85 ,       30 ,       78 ,      181 ,       69 ,      132 ,       29 ,      186 ,       53 ,       88 ,       81 ,       84 ,      193 ,      176 ,       58 ,      165 ,        1 ,       39 ,       19 ,        9 ,       74 ,       41 ,      115 ,      120 ,      189 ,      174 ,       47 ,       36 ,       43 ,      149 ,      121 ,       68 ,       15 ,       46 ,      153 ,      179 ,       27 ,      178 ,        4 ,       79 ,       31 ,        6 ,      123 ,      146 ,       14 ,       49 ,       23 ,      137 ,      197 ,      124 ,      112 ,       83 ,       38 ,       98 ,      109 ,      102 ,      175 ,      177 ,       40 ,       80 ,       75 ,      111 ,      129 ,       28 ,      108 ,       20 ,       33 ,       21 ,      180 ,       77 ,      140 ,       18 ,      195 ,       60 ,      104 ,      199 ,      173 ,        0 ,       26 ,      103 ,      162 ,      107 ,       45 ,      134 ,      185 ,      172 ,      148 ,      160 ,       72 ,      161 ,       89 ,      164 ,       63 ,       37 ,       94 ,       66 ,      187 ,      142 ,      114 ,      147 ,       10 ,      130 ,       62 ,      144 ,       95 ,      171 ,      113 ,      126 ,      150 ,        5 ,       87 ,      158 ,       44 ,      159 ,      152 ,       42 ,       93 ,      128 ,      118 ,       73 ,      169 ,      191 ,      143 ,      145 ,      194 ,       25 ,       34 ,      105 ,       82 ,      135 ,      122 ,       99 ,      110 ,       50 ,      100 ,       12 ,      184 ,       70 ,      151 ,       67 ,        7 ,        8 ,      119 ,      141 ,      183 ,        2 ,       71 ,       55 ,      154 ,       64 ,       22 ,       11 ,       92 ,      155 ,      170 ,      106 ,       32 ,       51 ,       76 ,      166 ,       16 ,       24 ,      196 ,       61 ,      117 ,       54 ,      139 ,      131 ,      163 ,       97 , 
     192 ,       57 ,      138 ,      168 ,      101 ,       59 ,      188 ,      136 ,       56 ,       90 ,      198 ,       65 ,      156 ,      116 ,      127 ,      157 ,       91 ,      190 ,      133 ,      167 ,       96 ,       48 ,       52 ,       17 ,       86 ,       13 ,      125 ,        3 ,       85 ,      182 ,       30 ,       35 ,       69 ,       78 ,      181 ,       29 ,      186 ,      132 ,       88 ,       53 ,       84 ,       81 ,       58 ,      176 ,        1 ,      193 ,       39 ,      165 ,       74 ,       41 ,        9 ,       19 ,      115 ,      189 ,      120 ,      174 ,       43 ,       47 ,       36 ,      149 ,      121 ,       15 ,       68 ,       46 ,       27 ,      153 ,      178 ,      179 ,       79 ,       31 ,        6 ,        4 ,       14 ,      146 ,       49 ,      123 ,       23 ,      137 ,      197 ,       83 ,      124 ,      112 ,       38 ,       98 ,      175 ,      102 ,       40 ,      109 ,       75 ,      177 ,       80 ,      111 ,      129 ,       20 ,      108 ,       28 ,       33 ,       21 ,       77 ,      180 ,       18 ,      140 ,      195 ,      104 ,      199 ,       60 ,       26 ,        0 ,      103 ,      173 ,      162 ,      107 ,       45 ,      134 ,      185 ,      172 ,       72 ,      160 ,      148 ,       89 ,      164 ,       37 ,      161 ,       94 ,       63 ,       66 ,      142 ,      114 ,      187 ,      130 ,       62 ,      144 ,       10 ,      147 ,      113 ,       95 ,      171 ,        5 ,      126 ,      150 ,       87 ,      158 ,      159 ,       44 ,       93 ,       42 ,      128 ,      152 ,      118 ,      191 ,       73 ,      169 ,      194 ,      145 ,      143 ,       25 ,       82 ,       34 ,      105 ,      122 ,      110 ,      135 ,       99 ,       50 ,       12 ,      184 ,      151 ,      100 ,       67 ,        8 ,       70 ,        7 ,      141 ,      119 ,        2 ,      183 ,       55 ,      154 ,       64 ,       22 ,       71 ,       11 ,      170 ,       92 ,      155 ,       51 ,      106 ,       32 ,       16 ,       76 ,      166 ,       24 ,      117 ,      196 ,       61 ,      131 ,      163 ,       54 ,      139 ,       97 , 
      57 ,      192 ,      101 ,      138 ,      168 ,       59 ,      188 ,      136 ,       56 ,       90 ,      198 ,      116 ,      127 ,       65 ,      156 ,       91 ,      133 ,      157 ,       96 ,       48 ,      190 ,      167 ,       17 ,       86 ,      125 ,       52 ,        3 ,       85 ,      182 ,       13 ,       30 ,       69 ,       35 ,       29 ,      186 ,      181 ,       78 ,       88 ,       53 ,       84 ,      132 ,       81 ,        1 ,      176 ,       39 ,       58 ,      193 ,       74 ,        9 ,       41 ,      165 ,      115 ,      120 ,       19 ,      174 ,       43 ,      189 ,       36 ,       47 ,      121 ,      149 ,       15 ,       46 ,       68 ,      178 ,      153 ,       27 ,       79 ,      179 ,        6 ,       14 ,       31 ,        4 ,      123 ,      146 ,      137 ,       49 ,      197 ,       23 ,      112 ,      124 ,       83 ,       38 ,      175 ,       98 ,      109 ,      102 ,       40 ,       75 ,       80 ,      177 ,      129 ,      111 ,      108 ,       20 ,       28 ,       21 ,       33 ,       77 ,       18 ,      195 ,      180 ,      140 ,      199 ,       60 ,      104 ,      103 ,      173 ,        0 ,       26 ,      162 ,      134 ,      107 ,       45 ,      172 ,      185 ,       72 ,      160 ,      148 ,       89 ,       37 ,      164 ,       94 ,       63 ,      161 ,      142 ,      187 ,       66 ,       62 ,      114 ,      144 ,       10 ,      130 ,      113 ,      171 ,       95 ,      147 ,        5 ,      150 ,       87 ,      126 ,      159 ,       93 ,       42 ,       44 ,      158 ,      128 ,      118 ,      152 ,      191 ,       73 ,      169 ,      194 ,      143 ,      145 ,       34 ,       25 ,       82 ,      105 ,      135 ,      122 ,      110 ,       12 ,       99 ,       50 ,      100 ,      184 ,      151 ,       67 ,        8 ,       70 ,        7 ,      141 ,      119 ,       55 ,      154 ,        2 ,       22 ,      183 ,       64 ,      170 ,       71 ,       11 ,       51 ,       92 ,      155 ,      106 ,       32 ,       16 ,      166 ,       24 ,      117 ,       76 ,      131 ,      196 ,       54 ,       61 ,      163 ,      139 ,       97 , 
     192 ,      101 ,       57 ,      168 ,      138 ,       59 ,      188 ,       90 ,       56 ,      136 ,      116 ,      198 ,      127 ,      156 ,      133 ,       65 ,       96 ,       48 ,       91 ,      157 ,      167 ,      190 ,       86 ,       52 ,      125 ,       17 ,        3 ,       13 ,       85 ,       69 ,       35 ,      182 ,       29 ,       30 ,       78 ,      181 ,      186 ,       88 ,      132 ,       84 ,       53 ,        1 ,       81 ,      176 ,       58 ,       39 ,       74 ,      193 ,      165 ,       41 ,      120 ,        9 ,       19 ,      115 ,      189 ,      174 ,       36 ,       43 ,       47 ,      149 ,       15 ,      121 ,       46 ,      153 ,       27 ,       68 ,       79 ,      178 ,        6 ,       14 ,      179 ,       31 ,        4 ,      146 ,       49 ,      197 ,      123 ,      137 ,      124 ,      112 ,       83 ,       23 ,      175 ,      109 ,       38 ,      102 ,       98 ,       40 ,       75 ,       80 ,      111 ,      177 ,      108 ,      129 ,       20 ,       28 ,       21 ,       33 ,       18 ,      195 ,       77 ,      180 ,      140 ,      199 ,       60 ,      173 ,      104 ,      103 ,        0 ,      134 ,      162 ,       26 ,       45 ,      107 ,       72 ,      172 ,      160 ,      185 ,      148 ,      164 ,       89 ,       37 ,       94 ,      161 ,       63 ,       66 ,      142 ,      187 ,      114 ,       62 ,      144 ,      130 ,      113 ,       10 ,      147 ,        5 ,      171 ,       95 ,       87 ,      150 ,      159 ,      126 ,       44 ,       42 ,       93 ,      118 ,      158 ,      152 ,       73 ,      169 ,      128 ,      191 ,      194 ,      145 ,      143 ,       34 ,       25 ,       82 ,      122 ,      105 ,      135 ,       99 ,      110 ,       12 ,       50 ,      184 ,       67 ,      100 ,       70 ,      151 ,      141 ,        8 ,        7 ,       55 ,      119 ,      154 ,        2 ,       22 ,      170 ,      183 ,       64 ,       71 ,       11 ,       92 ,      155 ,      106 ,       16 ,       51 ,       24 ,       32 ,       61 ,      131 ,      166 ,      117 ,       76 ,      163 ,      139 ,      196 ,       54 ,       97 , 
     192 ,       57 ,      101 ,       59 ,      188 ,      138 ,      168 ,       56 ,      116 ,       90 ,      136 ,      127 ,      198 ,      156 ,      133 ,       96 ,       65 ,       48 ,      167 ,       91 ,      157 ,       86 ,      190 ,      125 ,       52 ,       17 ,        3 ,       13 ,       69 ,       85 ,       29 ,       35 ,       30 ,      182 ,      181 ,       78 ,      186 ,       88 ,      132 ,       53 ,        1 ,       84 ,      176 ,       81 ,       39 ,       58 ,      165 ,       74 ,      120 ,       41 ,        9 ,      193 ,       19 ,      115 ,      189 ,      174 ,       43 ,       36 ,       47 ,      149 ,       15 ,      153 ,      121 ,       79 ,       68 ,       46 ,       27 ,      178 ,        6 ,      179 ,        4 ,       14 ,       31 ,      197 ,      146 ,      123 ,      137 ,       49 ,       83 ,      124 ,      112 ,       23 ,       38 ,      109 ,      175 ,       98 ,      102 ,       75 ,       80 ,       40 ,      111 ,      177 ,      129 ,       20 ,      108 ,       28 ,       21 ,       33 ,       77 ,      180 ,      140 ,       18 ,      199 ,      195 ,      104 ,       60 ,      103 ,        0 ,      173 ,      134 ,      162 ,       45 ,       26 ,       72 ,      172 ,      107 ,      148 ,      185 ,      160 ,       94 ,      164 ,       89 ,       63 ,       66 ,      187 ,      161 ,       37 ,      142 ,      130 ,      114 ,       62 ,      113 ,      147 ,      144 ,       10 ,        5 ,       95 ,       87 ,      171 ,      126 ,      150 ,      159 ,       42 ,       44 ,       93 ,      118 ,      158 ,      152 ,      169 ,      191 ,      128 ,       73 ,      145 ,      194 ,      143 ,       82 ,       34 ,      135 ,       25 ,      122 ,      105 ,       99 ,       50 ,       12 ,      110 ,      184 ,      100 ,       70 ,      141 ,       67 ,      151 ,        8 ,        7 ,       55 ,      154 ,        2 ,      170 ,      119 ,      183 ,       22 ,       11 ,       71 ,       64 ,      106 ,       92 ,      155 ,       51 ,       16 ,       32 ,       24 ,      166 ,       61 ,      131 ,      117 ,       76 ,      139 ,      163 ,       54 ,       97 ,      196 , 
      57 ,      101 ,      192 ,       59 ,      188 ,      138 ,       56 ,      168 ,      136 ,       90 ,      116 ,      127 ,      198 ,      156 ,       65 ,      133 ,       96 ,       48 ,      167 ,       86 ,       91 ,      157 ,      190 ,        3 ,       17 ,      125 ,       69 ,       13 ,       52 ,       29 ,       35 ,       85 ,       30 ,       78 ,      182 ,       88 ,      186 ,       53 ,      132 ,      181 ,       84 ,      176 ,       58 ,        1 ,       81 ,       39 ,      120 ,       41 ,      165 ,       74 ,      193 ,        9 ,       19 ,      115 ,      189 ,       43 ,      174 ,       47 ,       15 ,       36 ,      149 ,      121 ,      153 ,       46 ,       27 ,       79 ,        6 ,      179 ,      197 ,       68 ,      178 ,       31 ,        4 ,      123 ,       14 ,       49 ,      146 ,      137 ,       83 ,       23 ,      112 ,      102 ,       38 ,      175 ,      124 ,      109 ,       98 ,       75 ,      111 ,       40 ,      177 ,      129 ,       80 ,       20 ,       77 ,       33 ,       21 ,       28 ,      108 ,      140 ,      180 ,       18 ,      199 ,      195 ,      104 ,      103 ,      173 ,      134 ,       60 ,        0 ,      162 ,       72 ,       45 ,      172 ,       26 ,      107 ,      148 ,      160 ,      185 ,       94 ,       89 ,      164 ,       66 ,       63 ,      161 ,      187 ,       37 ,      130 ,      114 ,      142 ,       62 ,      113 ,      144 ,      147 ,        5 ,       95 ,       10 ,      126 ,      171 ,       87 ,       42 ,      150 ,       44 ,       93 ,      159 ,      118 ,      152 ,      158 ,      128 ,      169 ,      191 ,      194 ,       73 ,      145 ,      143 ,      135 ,       25 ,       82 ,       34 ,      105 ,       50 ,      122 ,       12 ,       99 ,      184 ,      110 ,      100 ,       70 ,      141 ,        8 ,       67 ,      151 ,        7 ,       55 ,      154 ,        2 ,      119 ,      170 ,      183 ,       22 ,       11 ,       71 ,       64 ,      106 ,      155 ,       92 ,       51 ,       32 ,       16 ,       61 ,       24 ,      131 ,       76 ,      166 ,      117 ,      139 ,       54 ,      196 ,      163 ,       97 , 
      57 ,      101 ,      192 ,      188 ,       59 ,      168 ,      138 ,       56 ,      116 ,       90 ,      136 ,      156 ,      127 ,      198 ,      133 ,       65 ,       96 ,       48 ,      167 ,       91 ,       86 ,      190 ,        3 ,      157 ,       17 ,       69 ,      125 ,       29 ,       13 ,       85 ,       52 ,       30 ,      182 ,       78 ,       35 ,       88 ,      186 ,       53 ,      132 ,      181 ,       84 ,      176 ,        1 ,       58 ,       81 ,      120 ,       39 ,       41 ,      193 ,      165 ,       74 ,        9 ,       19 ,      189 ,      115 ,      174 ,       15 ,       43 ,       36 ,       47 ,      149 ,      153 ,      121 ,       46 ,       27 ,       79 ,      179 ,      197 ,       68 ,        6 ,      178 ,        4 ,       31 ,      123 ,       49 ,       14 ,       83 ,      146 ,      112 ,      137 ,       23 ,      175 ,       38 ,      124 ,      102 ,       75 ,       98 ,      111 ,      177 ,      109 ,      129 ,       40 ,       20 ,       33 ,       21 ,       80 ,       28 ,       77 ,      180 ,      140 ,      108 ,       18 ,      195 ,      104 ,      173 ,      199 ,      103 ,       60 ,      134 ,      162 ,       45 ,       72 ,        0 ,      172 ,      148 ,       26 ,      160 ,      185 ,      107 ,       89 ,       94 ,       66 ,      164 ,      161 ,       37 ,      187 ,       63 ,      114 ,      142 ,      130 ,       62 ,      147 ,      144 ,      113 ,       95 ,        5 ,      171 ,       10 ,      126 ,       87 ,      150 ,       44 ,       42 ,       93 ,      118 ,      159 ,      152 ,      158 ,      128 ,      169 ,      191 ,      194 ,       73 ,      143 ,      135 ,      145 ,       34 ,       25 ,       82 ,      105 ,      122 ,       50 ,       12 ,       99 ,      110 ,      100 ,      184 ,       70 ,       67 ,        8 ,      141 ,      151 ,      154 ,        2 ,        7 ,       55 ,      183 ,      119 ,       22 ,      170 ,       71 ,       11 ,       92 ,       64 ,      155 ,      106 ,       32 ,       51 ,       16 ,      131 ,       61 ,      166 ,       24 ,      117 ,       76 ,       54 ,      139 ,      163 ,      196 ,       97 , 
      57 ,      101 ,      188 ,      192 ,      168 ,       59 ,       56 ,      138 ,      116 ,      156 ,      136 ,       90 ,      198 ,      127 ,       96 ,      133 ,       65 ,       48 ,       91 ,      167 ,      190 ,        3 ,       17 ,       86 ,       69 ,      157 ,       29 ,      125 ,       13 ,       78 ,      182 ,       85 ,       53 ,       88 ,       52 ,       30 ,      132 ,       35 ,      181 ,      176 ,      186 ,       84 ,       58 ,       81 ,        1 ,      120 ,       39 ,       41 ,      165 ,       74 ,      193 ,        9 ,      115 ,      174 ,      189 ,       19 ,       15 ,       36 ,       43 ,      149 ,       47 ,      121 ,       27 ,      153 ,       46 ,      179 ,       79 ,       68 ,      197 ,        6 ,        4 ,      123 ,       49 ,      178 ,       83 ,       14 ,      146 ,       31 ,      112 ,      137 ,       23 ,      124 ,      175 ,       38 ,       75 ,      102 ,       98 ,      177 ,      111 ,      109 ,       20 ,      129 ,       21 ,       40 ,       28 ,       80 ,       33 ,      180 ,       77 ,      140 ,      108 ,       18 ,      104 ,      173 ,      195 ,      103 ,       60 ,      199 ,      162 ,      134 ,       72 ,       45 ,      148 ,      172 ,        0 ,       26 ,      160 ,      185 ,      107 ,       89 ,      164 ,       94 ,       66 ,      187 ,       37 ,      161 ,       63 ,      130 ,      114 ,      142 ,       62 ,      144 ,       95 ,      147 ,      113 ,        5 ,      171 ,       10 ,      126 ,       44 ,      118 ,      150 ,       42 ,       87 ,      152 ,      159 ,      158 ,      169 ,      128 ,       73 ,      191 ,      194 ,       93 ,      145 ,      135 ,      143 ,       34 ,       82 ,       25 ,      122 ,       50 ,      105 ,       99 ,      184 ,       12 ,       67 ,      110 ,        8 ,      100 ,       70 ,      151 ,      141 ,        7 ,      154 ,      183 ,        2 ,       55 ,      119 ,      170 ,       22 ,       11 ,       71 ,       64 ,       92 ,      106 ,       51 ,      155 ,       16 ,       32 ,       61 ,      131 ,      117 ,      166 ,       24 ,      139 ,       76 ,       54 ,      163 ,       97 ,      196 , 
