1384 , 200 , 10 , 167821 , ILST
      22 ,       50 ,       48 ,      156 ,      183 ,       81 ,       85 ,       33 ,      165 ,      182 ,      147 ,       69 ,      154 ,      132 ,      199 ,      184 ,      117 ,       89 ,       76 ,        8 ,      198 ,      197 ,      191 ,      168 ,        0 ,       37 ,       16 ,       49 ,       82 ,       29 ,       10 ,       90 ,       77 ,       20 ,      181 ,       84 ,      160 ,      186 ,      116 ,       74 ,       14 ,      145 ,      127 ,       71 ,      123 ,       47 ,       96 ,      185 ,       61 ,        7 ,      122 ,      124 ,       75 ,       27 ,      174 ,       26 ,      162 ,      121 ,      129 ,       24 ,      144 ,       54 ,       41 ,       39 ,       58 ,       43 ,       55 ,       44 ,       72 ,      157 ,       97 ,       91 ,       98 ,      171 ,      187 ,       28 ,      150 ,       42 ,      192 ,      149 ,      120 ,       31 ,      169 ,      104 ,       23 ,      109 ,       36 ,        6 ,      180 ,       79 ,       53 ,      177 ,      148 ,      102 ,      118 ,      105 ,      134 ,      101 ,       13 ,      138 ,       86 ,      136 ,      153 ,      100 ,        4 ,      103 ,      143 ,      175 ,      151 ,        5 ,      189 ,       45 ,      155 ,       32 ,       70 ,      140 ,      139 ,       93 ,      194 ,      170 ,      113 ,      128 ,      193 ,       67 ,       92 ,       52 ,      190 ,      161 ,      114 ,      196 ,      179 ,        2 ,       60 ,      167 ,       30 ,       12 ,       56 ,       83 ,        3 ,       63 ,       73 ,       95 ,      152 ,      158 ,      110 ,       59 ,      163 ,       64 ,       21 ,      166 ,      146 ,      112 ,       68 ,      135 ,      131 ,      176 ,       65 ,       38 ,      133 ,      108 ,      111 ,       57 ,      142 ,       18 ,       25 ,        9 ,       17 ,      106 ,      107 ,       99 ,      137 ,      164 ,      178 ,       34 ,      125 ,       11 ,       19 ,      159 ,       62 ,       40 ,       46 ,      130 ,      195 ,       15 ,       35 ,        1 ,       80 ,       78 ,      141 ,       94 ,       66 ,      173 ,      126 ,      119 ,       87 ,      188 ,       51 ,       88 ,      172 ,      115 , 
      22 ,      183 ,      156 ,       85 ,       48 ,      165 ,       50 ,       69 ,      147 ,       81 ,      182 ,      132 ,       33 ,      154 ,      117 ,      184 ,       76 ,        8 ,      199 ,       89 ,      198 ,        0 ,      168 ,      191 ,      197 ,       37 ,       16 ,       10 ,       29 ,       49 ,       77 ,       84 ,       90 ,       82 ,      181 ,      160 ,       20 ,      186 ,       14 ,      116 ,       71 ,       47 ,       74 ,      185 ,       96 ,      127 ,      145 ,      124 ,      123 ,        7 ,       75 ,       27 ,      122 ,      174 ,       61 ,      129 ,      162 ,       26 ,       24 ,       39 ,      121 ,       41 ,      144 ,       54 ,       55 ,       72 ,       43 ,       58 ,       44 ,       91 ,       97 ,      187 ,       98 ,      171 ,       42 ,      157 ,      192 ,      120 ,       28 ,      149 ,      104 ,       31 ,       23 ,      150 ,      109 ,       79 ,       36 ,      169 ,      177 ,        6 ,      180 ,      148 ,      102 ,       53 ,       13 ,      138 ,      118 ,      134 ,       86 ,        4 ,      100 ,      101 ,      105 ,      136 ,      143 ,      103 ,        5 ,      153 ,      151 ,      175 ,      189 ,      155 ,       32 ,      113 ,       93 ,      139 ,       45 ,       70 ,      128 ,      194 ,       92 ,      140 ,      170 ,       67 ,      161 ,       52 ,      114 ,      196 ,      167 ,      193 ,        2 ,       30 ,      190 ,      179 ,       56 ,       60 ,       12 ,       83 ,      158 ,        3 ,       63 ,       73 ,      152 ,       95 ,       59 ,       64 ,      163 ,      110 ,      112 ,      166 ,      146 ,      135 ,       21 ,      176 ,       68 ,       65 ,      108 ,       38 ,      111 ,      131 ,       25 ,      133 ,       57 ,       18 ,       17 ,       99 ,      106 ,      142 ,        9 ,      178 ,      107 ,      137 ,       19 ,      159 ,       34 ,       11 ,      164 ,       62 ,      195 ,      130 ,      125 ,      141 ,       46 ,       35 ,       40 ,       80 ,      115 ,       15 ,       78 ,       94 ,        1 ,      126 ,      173 ,       51 ,       88 ,       66 ,       87 ,      119 ,      188 ,      172 , 
      22 ,      183 ,      156 ,       48 ,       50 ,      147 ,       85 ,      165 ,       69 ,      154 ,      182 ,       33 ,       81 ,      132 ,      117 ,      199 ,        8 ,      184 ,       76 ,       89 ,      198 ,      197 ,      191 ,        0 ,       10 ,       16 ,       77 ,      168 ,       49 ,       90 ,       37 ,      160 ,       82 ,       84 ,       29 ,       20 ,      181 ,      116 ,       71 ,      186 ,       14 ,      127 ,       74 ,       47 ,       96 ,      123 ,        7 ,       75 ,      185 ,      145 ,      174 ,      124 ,       61 ,       27 ,       26 ,      129 ,      122 ,       41 ,      121 ,       24 ,       55 ,      162 ,       43 ,       39 ,       54 ,       72 ,      144 ,       97 ,       91 ,       98 ,       42 ,       58 ,      187 ,      171 ,      192 ,       44 ,      157 ,       28 ,      120 ,       31 ,      149 ,      104 ,       23 ,      150 ,       36 ,      109 ,      180 ,       79 ,      177 ,      169 ,       53 ,       13 ,        6 ,      148 ,      102 ,      118 ,      100 ,      138 ,      105 ,      134 ,       86 ,      101 ,        4 ,      136 ,      151 ,      103 ,      153 ,      175 ,      155 ,      143 ,        5 ,      139 ,      189 ,       93 ,      113 ,       32 ,       45 ,      128 ,       70 ,       92 ,      194 ,      170 ,      140 ,       52 ,       67 ,      161 ,      167 ,        2 ,      193 ,      196 ,      114 ,       60 ,       30 ,      190 ,      158 ,       56 ,      179 ,        3 ,       83 ,       63 ,       12 ,      152 ,       73 ,      163 ,       95 ,       59 ,       64 ,      166 ,      110 ,      176 ,      112 ,       21 ,      146 ,      135 ,       68 ,      108 ,       65 ,      131 ,       57 ,       38 ,      111 ,       99 ,       25 ,      133 ,       17 ,       18 ,      142 ,      107 ,      106 ,        9 ,      178 ,      137 ,      164 ,      159 ,       11 ,       19 ,      195 ,       34 ,       62 ,      125 ,      130 ,       35 ,       46 ,       40 ,      141 ,       15 ,       94 ,       78 ,      173 ,       80 ,      115 ,       88 ,        1 ,       66 ,      126 ,      172 ,       51 ,       87 ,      119 ,      188 , 
      22 ,       48 ,       50 ,      147 ,      183 ,      156 ,       69 ,       85 ,      165 ,      154 ,      132 ,       33 ,      182 ,      117 ,       81 ,        8 ,      199 ,       89 ,      197 ,      184 ,       76 ,      191 ,      198 ,       10 ,       49 ,      168 ,       77 ,        0 ,       16 ,       82 ,       84 ,       37 ,       90 ,       20 ,      116 ,      186 ,       71 ,      160 ,      181 ,       29 ,      127 ,       74 ,       96 ,       75 ,       14 ,        7 ,       47 ,      185 ,      123 ,      124 ,       61 ,       27 ,      129 ,      145 ,      174 ,       26 ,       41 ,      162 ,      122 ,      121 ,       54 ,       43 ,       24 ,       55 ,       97 ,       39 ,       72 ,       42 ,      144 ,      171 ,      187 ,       98 ,       91 ,       58 ,      157 ,       28 ,      192 ,       44 ,       31 ,       23 ,      149 ,      104 ,      150 ,       36 ,      120 ,      109 ,       79 ,      177 ,        6 ,      148 ,       53 ,      180 ,       13 ,      169 ,      118 ,      138 ,      100 ,       86 ,      134 ,      105 ,        4 ,      102 ,      153 ,      101 ,      136 ,      155 ,      175 ,      151 ,      143 ,      103 ,        5 ,      139 ,       45 ,       32 ,      189 ,       93 ,      113 ,       92 ,      170 ,       52 ,       70 ,      128 ,      140 ,      194 ,      167 ,       67 ,      193 ,        2 ,      161 ,      196 ,      190 ,      158 ,      114 ,       60 ,       30 ,       83 ,       56 ,      179 ,       73 ,       63 ,        3 ,       12 ,      163 ,      152 ,       95 ,      110 ,       64 ,      112 ,       59 ,      166 ,      176 ,      135 ,       21 ,      146 ,      131 ,       65 ,       57 ,       68 ,      108 ,      133 ,       17 ,       38 ,       25 ,      111 ,       99 ,      106 ,       18 ,      142 ,        9 ,      107 ,       11 ,      178 ,      137 ,      164 ,      159 ,       19 ,       34 ,      130 ,      195 ,      125 ,       62 ,       15 ,       35 ,      141 ,       46 ,       40 ,       80 ,       94 ,       78 ,      173 ,       88 ,      115 ,      172 ,       66 ,      126 ,      119 ,        1 ,      188 ,       87 ,       51 , 
      48 ,       50 ,       22 ,      156 ,      183 ,      147 ,      132 ,      154 ,       85 ,       69 ,      165 ,      117 ,      182 ,       33 ,       81 ,       89 ,      199 ,        8 ,      191 ,      197 ,      198 ,      184 ,       77 ,        0 ,       49 ,       16 ,       10 ,       76 ,       90 ,       84 ,       82 ,      168 ,       20 ,      160 ,       71 ,       37 ,      127 ,      116 ,      186 ,       74 ,       96 ,        7 ,      181 ,       29 ,      123 ,       14 ,      124 ,       75 ,       61 ,       47 ,      129 ,      185 ,      174 ,       26 ,       41 ,      145 ,       27 ,      121 ,      122 ,       43 ,       54 ,       97 ,      162 ,       39 ,       42 ,       55 ,      171 ,       24 ,       98 ,       91 ,       72 ,       58 ,      144 ,      187 ,       31 ,       28 ,       44 ,      157 ,       23 ,      192 ,      149 ,      104 ,      109 ,      177 ,      150 ,       79 ,        6 ,       53 ,       36 ,      120 ,       13 ,      148 ,      118 ,       86 ,      180 ,      134 ,      169 ,      138 ,      100 ,      153 ,      105 ,      101 ,        4 ,      102 ,      155 ,      175 ,      143 ,        5 ,      136 ,      151 ,      139 ,      103 ,      189 ,       45 ,       93 ,       92 ,      113 ,       32 ,      140 ,      128 ,      170 ,       52 ,      194 ,       70 ,       67 ,      167 ,      193 ,        2 ,      158 ,      161 ,      190 ,       83 ,      196 ,       30 ,       56 ,       63 ,      114 ,       60 ,      179 ,        3 ,      163 ,       73 ,       95 ,      110 ,       64 ,      152 ,       12 ,      176 ,      112 ,      166 ,      135 ,      131 ,       59 ,       68 ,       21 ,       65 ,      146 ,       57 ,      108 ,       25 ,      133 ,       17 ,      106 ,       38 ,      142 ,        9 ,       99 ,       18 ,      107 ,      111 ,       11 ,      164 ,       34 ,      178 ,      137 ,       19 ,      159 ,      130 ,      125 ,       15 ,      195 ,      141 ,       46 ,       62 ,       35 ,       80 ,       40 ,       88 ,       78 ,      173 ,      115 ,        1 ,      172 ,       66 ,      119 ,       51 ,       87 ,       94 ,      126 ,      188 , 
      48 ,       22 ,       50 ,      156 ,      147 ,      183 ,      132 ,      165 ,      154 ,       85 ,       69 ,       33 ,       89 ,      117 ,        8 ,      199 ,      191 ,      182 ,      198 ,       81 ,      184 ,      197 ,       49 ,       76 ,       16 ,       84 ,        0 ,       77 ,       10 ,       82 ,       20 ,       90 ,      168 ,       37 ,      160 ,      116 ,       71 ,        7 ,       96 ,      127 ,       29 ,       74 ,      186 ,       14 ,      124 ,       47 ,       61 ,      181 ,      123 ,       75 ,       26 ,      145 ,       27 ,      129 ,      185 ,       41 ,      174 ,       54 ,       43 ,       97 ,      122 ,      121 ,      162 ,      171 ,       39 ,       55 ,       91 ,       42 ,      144 ,       98 ,       72 ,       24 ,       44 ,      187 ,       28 ,       58 ,       31 ,      192 ,      109 ,      177 ,      150 ,       23 ,      157 ,       79 ,      149 ,      104 ,      120 ,        6 ,       53 ,       36 ,      148 ,      118 ,       13 ,      180 ,      134 ,       86 ,      138 ,      101 ,      153 ,      169 ,      100 ,      155 ,      105 ,        4 ,        5 ,      143 ,      102 ,      103 ,      175 ,      136 ,      151 ,       45 ,      139 ,       32 ,       93 ,      113 ,      189 ,       52 ,      128 ,       92 ,      170 ,       70 ,       67 ,      140 ,      167 ,      194 ,      158 ,      193 ,        2 ,      190 ,      161 ,       63 ,      196 ,       83 ,       56 ,      179 ,      114 ,       30 ,      163 ,       60 ,        3 ,      152 ,       73 ,       12 ,      110 ,       64 ,       95 ,      135 ,      176 ,      166 ,      112 ,      131 ,       59 ,      146 ,      108 ,       25 ,       68 ,       21 ,      106 ,       65 ,       57 ,      133 ,       17 ,      142 ,       38 ,       18 ,        9 ,      107 ,       99 ,       11 ,      111 ,      164 ,      137 ,      178 ,       34 ,      159 ,       15 ,       19 ,      125 ,      130 ,       46 ,       62 ,      195 ,      141 ,       35 ,       40 ,       78 ,      115 ,        1 ,       80 ,      173 ,       88 ,       87 ,       66 ,      126 ,      172 ,       51 ,      119 ,       94 ,      188 , 
      50 ,       48 ,      183 ,      147 ,       22 ,      156 ,      132 ,      154 ,      165 ,       89 ,       85 ,       69 ,       33 ,      117 ,      191 ,      182 ,      184 ,      199 ,      198 ,      197 ,        8 ,       16 ,       81 ,       76 ,       10 ,       84 ,       20 ,       49 ,        0 ,       77 ,       82 ,       90 ,      160 ,       71 ,      168 ,      116 ,       37 ,       96 ,       29 ,      186 ,        7 ,       47 ,       74 ,      127 ,      124 ,       14 ,      123 ,      145 ,       26 ,       61 ,      181 ,      129 ,       41 ,       54 ,       75 ,       27 ,      185 ,       43 ,      174 ,      121 ,      162 ,       55 ,       97 ,       91 ,      122 ,       39 ,      144 ,       24 ,       42 ,      171 ,       98 ,       44 ,       72 ,       31 ,      187 ,      109 ,       28 ,      192 ,       58 ,       79 ,       23 ,      149 ,      177 ,      157 ,      150 ,       53 ,      120 ,      104 ,        6 ,      118 ,      134 ,       86 ,      148 ,       36 ,      153 ,      101 ,       13 ,      180 ,      155 ,      138 ,      105 ,      169 ,      100 ,      143 ,      102 ,        4 ,        5 ,      151 ,      103 ,      136 ,      139 ,      175 ,       93 ,       32 ,      113 ,      128 ,       92 ,       45 ,       52 ,      189 ,       67 ,       70 ,      170 ,      194 ,      140 ,        2 ,      167 ,      161 ,      158 ,      196 ,       63 ,      190 ,      193 ,       56 ,       83 ,      179 ,       60 ,       30 ,      152 ,      114 ,      163 ,       73 ,       64 ,       12 ,        3 ,      166 ,      110 ,      112 ,      176 ,       95 ,       59 ,      135 ,      131 ,      146 ,      106 ,       21 ,       25 ,      108 ,       65 ,      133 ,       68 ,      142 ,       38 ,        9 ,       17 ,       57 ,       18 ,       11 ,      107 ,      111 ,      178 ,       99 ,      164 ,      137 ,       15 ,      159 ,      125 ,       34 ,       19 ,       46 ,      130 ,       35 ,       62 ,      115 ,       40 ,       80 ,      141 ,      195 ,        1 ,       78 ,       88 ,      173 ,       66 ,      172 ,       94 ,      126 ,       87 ,      188 ,       51 ,      119 , 
     147 ,       22 ,       50 ,       48 ,      183 ,      154 ,      156 ,      132 ,       89 ,       69 ,      117 ,      165 ,      182 ,       85 ,       33 ,      191 ,      184 ,      199 ,      197 ,      198 ,        8 ,       84 ,       76 ,       16 ,       49 ,       81 ,       20 ,        0 ,       10 ,       77 ,       82 ,      168 ,       90 ,      160 ,      116 ,      186 ,       96 ,       71 ,       37 ,        7 ,       74 ,       29 ,      127 ,       47 ,      124 ,      123 ,       14 ,      181 ,      129 ,      145 ,       26 ,       75 ,       27 ,       61 ,       43 ,       41 ,      185 ,      121 ,       54 ,      162 ,      174 ,       91 ,       55 ,      122 ,       39 ,       97 ,      171 ,      144 ,       42 ,       44 ,       98 ,       72 ,       24 ,      187 ,       31 ,      109 ,      192 ,      149 ,       58 ,       23 ,       28 ,      157 ,      177 ,       53 ,      150 ,       79 ,      120 ,      134 ,      104 ,      148 ,        6 ,      153 ,       13 ,      118 ,       86 ,      138 ,      105 ,       36 ,      180 ,      169 ,      101 ,      102 ,      143 ,      100 ,      155 ,      136 ,      139 ,      103 ,      151 ,        4 ,        5 ,       93 ,      175 ,      113 ,       32 ,       92 ,      128 ,       67 ,       45 ,      194 ,       70 ,       52 ,      170 ,      161 ,      167 ,        2 ,      140 ,      189 ,       56 ,      158 ,       83 ,       63 ,      196 ,      193 ,      190 ,       30 ,      114 ,      179 ,      163 ,       64 ,       60 ,        3 ,      152 ,       12 ,      110 ,       73 ,       59 ,      166 ,      112 ,      176 ,       95 ,      135 ,      146 ,      108 ,      131 ,       65 ,      133 ,      142 ,      106 ,       68 ,       25 ,       21 ,       17 ,       57 ,       18 ,       38 ,        9 ,      107 ,       99 ,      111 ,       11 ,      164 ,      159 ,      137 ,      178 ,       15 ,      125 ,       19 ,      130 ,       34 ,       62 ,       46 ,       35 ,      195 ,      141 ,      115 ,       80 ,       40 ,        1 ,       78 ,       88 ,      172 ,       66 ,      173 ,      188 ,       87 ,       94 ,      126 ,       51 ,      119 , 
      22 ,       50 ,      147 ,       48 ,      183 ,      156 ,      154 ,      117 ,       69 ,      165 ,      132 ,       89 ,       85 ,      191 ,      182 ,      197 ,       33 ,      184 ,      198 ,      199 ,        8 ,       84 ,       76 ,       81 ,       49 ,       16 ,       10 ,       77 ,       20 ,        0 ,      160 ,       90 ,       82 ,      116 ,      168 ,       71 ,       74 ,       96 ,      186 ,       37 ,        7 ,       29 ,      127 ,      123 ,       47 ,      124 ,       26 ,       75 ,      145 ,      181 ,       61 ,      129 ,       14 ,      121 ,       27 ,      185 ,       43 ,       41 ,      162 ,      174 ,       54 ,       55 ,      171 ,      122 ,       97 ,       39 ,      144 ,       91 ,       42 ,       44 ,      187 ,       98 ,       31 ,       24 ,       72 ,       23 ,      109 ,       28 ,       58 ,      149 ,      150 ,      192 ,      157 ,       53 ,      134 ,      120 ,      177 ,       79 ,      104 ,      153 ,        6 ,      148 ,       13 ,       86 ,      118 ,      180 ,       36 ,      138 ,      169 ,      105 ,      143 ,      102 ,      136 ,      100 ,      151 ,      101 ,      155 ,        4 ,       93 ,        5 ,      103 ,      113 ,      139 ,       92 ,      175 ,       32 ,      128 ,       67 ,       45 ,      170 ,       70 ,       52 ,      194 ,      161 ,      167 ,        2 ,      189 ,      140 ,       83 ,       56 ,      190 ,      158 ,      193 ,       63 ,      163 ,      196 ,      114 ,       64 ,      179 ,       30 ,       60 ,       12 ,      110 ,        3 ,      166 ,      152 ,       73 ,       59 ,      135 ,      112 ,      176 ,       95 ,      131 ,      133 ,       65 ,      142 ,      146 ,      108 ,       17 ,      106 ,       25 ,       68 ,       21 ,       57 ,       38 ,       18 ,      107 ,       99 ,       11 ,        9 ,      111 ,      178 ,      164 ,       15 ,      137 ,      125 ,      159 ,       46 ,       19 ,       62 ,      130 ,      195 ,       34 ,       80 ,      141 ,       35 ,      115 ,       78 ,       88 ,      172 ,       40 ,      173 ,        1 ,       66 ,       94 ,       51 ,       87 ,      188 ,      126 ,      119 , 
      22 ,       50 ,      147 ,      183 ,       48 ,      156 ,      165 ,      132 ,       69 ,      154 ,       85 ,      117 ,      191 ,       89 ,      197 ,       33 ,      182 ,      184 ,      198 ,      199 ,       84 ,       10 ,       76 ,       81 ,       20 ,        8 ,       77 ,       16 ,      160 ,       49 ,      168 ,        0 ,       90 ,      116 ,       71 ,       82 ,       96 ,       37 ,      186 ,        7 ,      127 ,       74 ,       29 ,      124 ,      123 ,       47 ,       75 ,       61 ,       26 ,      181 ,      121 ,      129 ,      145 ,       27 ,       14 ,       41 ,       43 ,      162 ,       54 ,      174 ,      185 ,       55 ,       39 ,      144 ,      171 ,       91 ,       42 ,      122 ,       44 ,       97 ,       98 ,      187 ,       31 ,       23 ,      109 ,       24 ,       72 ,       28 ,      157 ,       58 ,      150 ,      149 ,      177 ,      120 ,      192 ,       79 ,      134 ,       53 ,      148 ,       13 ,      104 ,      153 ,        6 ,      118 ,      169 ,      180 ,      105 ,      143 ,      102 ,      138 ,       86 ,      100 ,       36 ,      136 ,      151 ,      155 ,      103 ,       93 ,        5 ,      101 ,        4 ,       92 ,      139 ,       67 ,      170 ,       32 ,      113 ,      128 ,      194 ,      175 ,      161 ,       70 ,      167 ,      140 ,       45 ,       52 ,      189 ,        2 ,      190 ,       83 ,       56 ,      158 ,      196 ,      193 ,      163 ,       63 ,      179 ,      114 ,       12 ,       64 ,      110 ,      152 ,       60 ,       30 ,       59 ,        3 ,      166 ,       95 ,      135 ,       73 ,      176 ,      131 ,      112 ,      133 ,       65 ,      108 ,      106 ,      142 ,      146 ,       17 ,       68 ,       25 ,       38 ,       18 ,       57 ,       21 ,       99 ,        9 ,      107 ,       11 ,      164 ,      125 ,       15 ,      111 ,       46 ,      159 ,       62 ,      178 ,      137 ,       80 ,      130 ,      195 ,       19 ,      141 ,       35 ,       34 ,      115 ,       78 ,       88 ,       40 ,      172 ,       66 ,      173 ,        1 ,       94 ,       51 ,       87 ,      126 ,      188 ,      119 , 
