1041 , 150 , 10 , 56020 , IG
      94 ,       77 ,      107 ,       54 ,       38 ,       92 ,      131 ,       44 ,      105 ,       73 ,       24 ,       48 ,      126 ,      120 ,        5 ,       75 ,        4 ,       69 ,       37 ,        8 ,       52 ,       95 ,      142 ,        9 ,       93 ,       12 ,      116 ,       86 ,      132 ,       82 ,       71 ,       20 ,       96 ,       58 ,      112 ,      123 ,       88 ,      106 ,       65 ,      137 ,      113 ,       30 ,      100 ,       51 ,       29 ,       25 ,       89 ,      143 ,       13 ,       68 ,      114 ,       70 ,      125 ,      144 ,       53 ,       33 ,      138 ,       15 ,       50 ,      136 ,       31 ,       32 ,       80 ,      104 ,       16 ,       61 ,       60 ,        0 ,       26 ,      149 ,       90 ,        7 ,      115 ,       35 ,       14 ,       78 ,      122 ,       39 ,       27 ,      148 ,      129 ,       85 ,       19 ,        2 ,       43 ,      119 ,       55 ,      134 ,        3 ,       23 ,        1 ,      102 ,       99 ,       11 ,      110 ,       34 ,       40 ,       56 ,       62 ,      108 ,      140 ,       46 ,       47 ,       76 ,       22 ,       45 ,       64 ,       57 ,      111 ,       10 ,       74 ,      135 ,      124 ,      117 ,       66 ,      145 ,      101 ,       21 ,       83 ,      141 ,       98 ,      147 ,      127 ,       63 ,       28 ,      118 ,      139 ,       42 ,       41 ,      133 ,      128 ,      121 ,       87 ,      130 ,       36 ,      109 ,       81 ,      103 ,        6 ,       18 ,       84 ,       79 ,       97 ,       59 ,       49 ,       17 ,       67 ,       91 ,       72 ,      146 , 
      54 ,       77 ,       94 ,      107 ,       38 ,      131 ,       92 ,       24 ,       44 ,      105 ,       48 ,       75 ,      126 ,      120 ,       73 ,        5 ,        4 ,        8 ,      142 ,       69 ,       37 ,       52 ,       95 ,        9 ,      116 ,       93 ,       82 ,      132 ,       12 ,       86 ,       20 ,       58 ,       96 ,       71 ,       88 ,      123 ,       65 ,      106 ,      112 ,      137 ,      100 ,       30 ,      113 ,       29 ,       25 ,       68 ,       51 ,      143 ,       89 ,       70 ,      114 ,      144 ,       13 ,       33 ,       53 ,      138 ,      125 ,       32 ,       31 ,      136 ,       15 ,       50 ,       61 ,        0 ,       80 ,      104 ,       16 ,       26 ,       60 ,       35 ,      115 ,       14 ,       90 ,      149 ,        7 ,      148 ,       27 ,      129 ,       39 ,        2 ,       78 ,      122 ,       19 ,       85 ,        3 ,      119 ,       43 ,        1 ,       55 ,      134 ,      110 ,       34 ,      102 ,       23 ,       62 ,       11 ,       99 ,       56 ,       22 ,       46 ,      108 ,       40 ,      140 ,       76 ,       64 ,      111 ,       45 ,       47 ,      124 ,      135 ,       57 ,      117 ,       10 ,       74 ,      101 ,       66 ,      145 ,      147 ,      127 ,       63 ,       21 ,       83 ,       98 ,      118 ,       28 ,       41 ,      141 ,      133 ,      128 ,      139 ,       87 ,       42 ,      121 ,       81 ,      103 ,      109 ,       36 ,      130 ,       18 ,        6 ,       79 ,       17 ,       97 ,       67 ,       84 ,       59 ,       49 ,       72 ,       91 ,      146 , 
     107 ,       54 ,       38 ,       77 ,      131 ,       94 ,       48 ,       92 ,      105 ,       24 ,       44 ,      126 ,        5 ,      120 ,       75 ,       73 ,       69 ,      142 ,        4 ,        8 ,       95 ,       52 ,      116 ,        9 ,       37 ,       12 ,      132 ,       58 ,       93 ,       82 ,       71 ,       20 ,       88 ,       86 ,      123 ,       96 ,      106 ,       65 ,      137 ,      112 ,      100 ,      113 ,       30 ,      143 ,       51 ,       68 ,       25 ,       29 ,       89 ,       13 ,      114 ,       53 ,      144 ,       70 ,       33 ,      138 ,       31 ,      125 ,      136 ,       15 ,       32 ,        0 ,       16 ,       50 ,       61 ,       35 ,       60 ,      104 ,       90 ,      115 ,       80 ,        7 ,       26 ,      129 ,       39 ,      148 ,       14 ,      149 ,        2 ,       27 ,       19 ,      122 ,       78 ,        1 ,        3 ,       85 ,       55 ,      119 ,      134 ,      110 ,       62 ,       43 ,       11 ,       34 ,      102 ,       46 ,       22 ,      108 ,       40 ,       99 ,       23 ,      111 ,       56 ,       64 ,       10 ,       76 ,      140 ,       47 ,      124 ,       45 ,      117 ,      135 ,      101 ,       74 ,       57 ,       66 ,      147 ,      127 ,      145 ,       63 ,       28 ,       21 ,       83 ,       98 ,      128 ,       41 ,      141 ,      118 ,      139 ,       81 ,       42 ,       36 ,       87 ,      133 ,      109 ,      121 ,        6 ,      103 ,      130 ,       18 ,       17 ,       84 ,       97 ,       79 ,       49 ,       67 ,       59 ,       72 ,      146 ,       91 , 
      54 ,       38 ,       94 ,      107 ,       77 ,      131 ,       92 ,       48 ,        5 ,      105 ,       24 ,       75 ,       44 ,      126 ,      120 ,      142 ,       73 ,        4 ,       95 ,      116 ,       69 ,        8 ,       52 ,        9 ,       82 ,       37 ,       12 ,       93 ,       71 ,      132 ,       58 ,      123 ,       86 ,       88 ,      106 ,       20 ,       96 ,      113 ,      137 ,      100 ,       65 ,      112 ,       51 ,      143 ,       30 ,       25 ,       89 ,       13 ,       68 ,      114 ,       29 ,      144 ,       53 ,       70 ,       33 ,      138 ,      125 ,      136 ,       31 ,       15 ,       32 ,       35 ,       61 ,        0 ,       50 ,       16 ,       80 ,      115 ,       60 ,       90 ,      104 ,      129 ,        7 ,       14 ,       39 ,       26 ,      148 ,        2 ,      149 ,      122 ,        1 ,        3 ,       27 ,       19 ,       78 ,      119 ,       85 ,       55 ,      134 ,       62 ,       43 ,      110 ,       11 ,       34 ,      108 ,      102 ,       46 ,       23 ,      111 ,       64 ,       99 ,       40 ,       10 ,       22 ,      124 ,       47 ,      117 ,       56 ,       76 ,      135 ,      140 ,       45 ,      147 ,       66 ,      101 ,       74 ,       57 ,       21 ,       83 ,      145 ,       98 ,       63 ,      128 ,      127 ,      118 ,      139 ,       28 ,       41 ,       81 ,       42 ,      141 ,       36 ,       87 ,      103 ,      133 ,       67 ,       17 ,      109 ,       18 ,       97 ,      130 ,      121 ,       84 ,       79 ,       72 ,        6 ,      146 ,       59 ,       49 ,       91 , 
      54 ,      107 ,       94 ,       38 ,       48 ,       77 ,      131 ,        5 ,       92 ,       24 ,       44 ,      105 ,      142 ,       75 ,       73 ,      120 ,      126 ,        4 ,        8 ,        9 ,       95 ,      116 ,       37 ,       52 ,       69 ,       82 ,       58 ,      123 ,       12 ,       71 ,      132 ,       20 ,       93 ,       96 ,       86 ,      106 ,       88 ,      113 ,      137 ,       65 ,      100 ,      112 ,       25 ,       51 ,       13 ,      143 ,       30 ,       89 ,      114 ,      144 ,       68 ,      138 ,       33 ,       29 ,       70 ,       53 ,       31 ,      136 ,       61 ,      125 ,       35 ,       32 ,       50 ,       15 ,       80 ,        0 ,       16 ,       60 ,       90 ,        7 ,      115 ,      129 ,      104 ,      148 ,       14 ,       26 ,        2 ,       39 ,      149 ,        1 ,        3 ,       78 ,      119 ,      122 ,       27 ,       19 ,      134 ,       55 ,      110 ,       43 ,       62 ,      102 ,       85 ,       11 ,       23 ,       46 ,      111 ,      108 ,       34 ,       22 ,       99 ,       64 ,       40 ,       10 ,       47 ,      124 ,      140 ,      117 ,       76 ,       56 ,      147 ,      135 ,       74 ,      101 ,       57 ,       21 ,       45 ,      145 ,       66 ,      128 ,       83 ,      139 ,       28 ,       63 ,       98 ,      127 ,      118 ,       41 ,      141 ,       42 ,       81 ,       87 ,      103 ,       67 ,       36 ,      133 ,       17 ,      109 ,       18 ,       84 ,      130 ,       72 ,       79 ,      121 ,       97 ,      146 ,        6 ,       59 ,       49 ,       91 , 
      54 ,      107 ,       94 ,       77 ,       92 ,       48 ,       38 ,      131 ,       24 ,        5 ,       44 ,       75 ,      105 ,      126 ,      120 ,      142 ,       73 ,        9 ,        4 ,        8 ,       95 ,       52 ,       37 ,       69 ,       58 ,      116 ,      132 ,      123 ,       82 ,       20 ,       71 ,       96 ,       12 ,       86 ,      106 ,       88 ,       93 ,      112 ,      113 ,      137 ,       65 ,      100 ,       25 ,       13 ,       89 ,       51 ,      143 ,       68 ,       30 ,       29 ,      144 ,      138 ,       70 ,       33 ,      114 ,      136 ,       31 ,      125 ,       32 ,       53 ,       50 ,       80 ,       35 ,        0 ,       60 ,       90 ,       61 ,       15 ,       16 ,        7 ,      115 ,      104 ,        2 ,      129 ,      148 ,       14 ,       26 ,        3 ,      149 ,       39 ,       78 ,       27 ,      119 ,        1 ,       55 ,      134 ,       62 ,       43 ,      122 ,       19 ,      110 ,      102 ,       46 ,       85 ,       23 ,       11 ,      111 ,       99 ,       40 ,       34 ,      108 ,       22 ,       10 ,      117 ,       64 ,       47 ,      124 ,      135 ,      140 ,      147 ,       76 ,       56 ,       21 ,      101 ,       45 ,       74 ,       57 ,      128 ,      145 ,       66 ,       98 ,       63 ,      139 ,       41 ,       83 ,      118 ,      127 ,       28 ,       42 ,      141 ,       67 ,       81 ,       36 ,       87 ,      103 ,      109 ,      130 ,       17 ,      133 ,       72 ,       18 ,       84 ,      121 ,       79 ,      146 ,       97 ,       49 ,       91 ,        6 ,       59 , 
      54 ,       77 ,       92 ,       48 ,       38 ,      107 ,       94 ,      131 ,       24 ,        5 ,      105 ,       44 ,       75 ,      142 ,      126 ,       73 ,       95 ,      120 ,        9 ,       52 ,        4 ,      116 ,       58 ,        8 ,      123 ,       37 ,       71 ,       69 ,      132 ,       82 ,       12 ,       20 ,       86 ,       93 ,       88 ,      113 ,       96 ,      106 ,      112 ,       25 ,       13 ,       65 ,       51 ,      137 ,      100 ,       68 ,       29 ,       30 ,       89 ,      143 ,      144 ,      114 ,      138 ,       33 ,       31 ,      136 ,       70 ,       32 ,       50 ,      125 ,       60 ,       35 ,       80 ,       53 ,       90 ,        0 ,      115 ,       61 ,        7 ,       15 ,        2 ,       16 ,      104 ,      129 ,       26 ,       14 ,        3 ,       39 ,      148 ,       78 ,      119 ,       27 ,        1 ,      149 ,       55 ,       43 ,       19 ,       62 ,      122 ,      134 ,       46 ,      110 ,       85 ,       23 ,      102 ,       99 ,       40 ,       11 ,       34 ,      111 ,       64 ,       22 ,       10 ,       47 ,      124 ,      108 ,      117 ,      140 ,      135 ,      147 ,      101 ,       56 ,       76 ,       45 ,       21 ,       57 ,       74 ,       66 ,      128 ,      145 ,       98 ,      139 ,       41 ,       63 ,       28 ,       67 ,      118 ,       83 ,      127 ,       81 ,       87 ,       42 ,      141 ,       36 ,       17 ,      130 ,      109 ,      103 ,       18 ,      133 ,      121 ,       84 ,       72 ,       79 ,      146 ,       49 ,       97 ,       91 ,       59 ,        6 , 
      54 ,       92 ,       48 ,       77 ,       38 ,       94 ,      131 ,       24 ,      107 ,        5 ,      105 ,      126 ,      142 ,       44 ,      120 ,       75 ,       95 ,        9 ,       73 ,       52 ,      123 ,       58 ,        4 ,       69 ,      116 ,       37 ,        8 ,      132 ,       20 ,       71 ,       88 ,       12 ,       82 ,      113 ,       86 ,       93 ,       96 ,      106 ,      112 ,       25 ,       51 ,       13 ,      137 ,       30 ,       65 ,      100 ,       89 ,      144 ,       68 ,       29 ,       31 ,      143 ,       50 ,      138 ,       33 ,      114 ,      125 ,       70 ,      136 ,       35 ,       80 ,       53 ,       32 ,       60 ,       90 ,        0 ,        2 ,      115 ,       15 ,      104 ,       61 ,       14 ,        7 ,      129 ,       26 ,       16 ,      119 ,      148 ,        3 ,       78 ,        1 ,       39 ,      149 ,       27 ,      122 ,       19 ,       43 ,       62 ,       55 ,      134 ,      110 ,      102 ,       99 ,       46 ,       85 ,       23 ,      111 ,       40 ,       11 ,       64 ,      124 ,       34 ,       47 ,       22 ,       10 ,      117 ,      140 ,      147 ,      108 ,      135 ,       56 ,       76 ,       74 ,       57 ,      101 ,       45 ,      145 ,       21 ,      139 ,       98 ,       66 ,       41 ,      128 ,       63 ,      118 ,      127 ,       28 ,       42 ,       67 ,       87 ,       83 ,       81 ,      109 ,      141 ,       36 ,       17 ,      103 ,      130 ,      133 ,      121 ,       18 ,       79 ,       72 ,       91 ,       84 ,        6 ,       49 ,      146 ,       97 ,       59 , 
      54 ,       92 ,       48 ,       38 ,       77 ,       94 ,      131 ,      105 ,        5 ,      107 ,       24 ,       44 ,      142 ,      126 ,       95 ,      120 ,       75 ,       73 ,       52 ,       69 ,        9 ,        4 ,      116 ,       58 ,      123 ,       37 ,       71 ,      132 ,       88 ,        8 ,       20 ,       82 ,       12 ,       93 ,      112 ,      113 ,       86 ,       96 ,       51 ,      106 ,       65 ,       30 ,      137 ,      144 ,       25 ,       13 ,      100 ,       89 ,       50 ,       68 ,      143 ,      138 ,       33 ,       31 ,       29 ,      114 ,      136 ,       35 ,       70 ,      125 ,       80 ,       90 ,       53 ,       60 ,        2 ,        0 ,       32 ,      104 ,       15 ,      115 ,        7 ,       16 ,       61 ,      129 ,       26 ,      148 ,       14 ,        3 ,       39 ,      119 ,        1 ,       78 ,       27 ,      149 ,       62 ,      122 ,       19 ,      102 ,       43 ,      134 ,       55 ,       23 ,      110 ,       85 ,       11 ,       99 ,       46 ,       40 ,       64 ,      111 ,       47 ,      117 ,       22 ,      124 ,       34 ,      135 ,       10 ,       76 ,      147 ,      140 ,      108 ,       57 ,       74 ,       56 ,      101 ,       21 ,       45 ,      139 ,       41 ,      145 ,       66 ,       63 ,      118 ,       98 ,      128 ,       28 ,       42 ,      127 ,       83 ,       67 ,       81 ,      141 ,      109 ,       87 ,      130 ,       17 ,      103 ,       79 ,       36 ,      133 ,      121 ,       91 ,       72 ,       18 ,       49 ,       84 ,      146 ,        6 ,       97 ,       59 , 
      54 ,       92 ,       48 ,       38 ,      105 ,       94 ,       77 ,      131 ,       24 ,        5 ,      107 ,      126 ,      142 ,       44 ,       95 ,       52 ,      120 ,       69 ,       75 ,       73 ,        4 ,       58 ,        9 ,      116 ,      123 ,      132 ,        8 ,       20 ,       88 ,       37 ,       71 ,       93 ,       82 ,       86 ,       96 ,       12 ,      112 ,      113 ,       65 ,      106 ,       51 ,      144 ,      137 ,       25 ,       30 ,       68 ,       50 ,      143 ,       13 ,       89 ,      100 ,      114 ,       33 ,      138 ,       31 ,       35 ,       29 ,      136 ,       90 ,      125 ,       80 ,       70 ,        2 ,      104 ,       60 ,       53 ,      115 ,        0 ,       32 ,      129 ,       15 ,        7 ,       61 ,       14 ,       16 ,      148 ,       39 ,        1 ,       27 ,       26 ,       78 ,      149 ,        3 ,       62 ,       19 ,      122 ,      102 ,      119 ,       43 ,      110 ,       23 ,       85 ,      134 ,       11 ,       55 ,       46 ,       99 ,      117 ,      111 ,       64 ,       40 ,       47 ,       34 ,      124 ,      135 ,       22 ,       10 ,      108 ,       76 ,      147 ,      140 ,      101 ,       45 ,       74 ,       41 ,       57 ,       56 ,       21 ,      145 ,      139 ,       66 ,      118 ,       63 ,       98 ,       28 ,      127 ,       42 ,      128 ,       81 ,      109 ,      141 ,       67 ,       83 ,      130 ,       87 ,       17 ,      133 ,       36 ,       91 ,      121 ,       79 ,      103 ,       49 ,       18 ,       72 ,        6 ,      146 ,       84 ,       97 ,       59 , 
