766 , 200 , 10 , 76668 , ILS
      65 ,      159 ,      141 ,      122 ,      139 ,      186 ,       62 ,       64 ,      192 ,        9 ,      140 ,      104 ,       15 ,       80 ,       60 ,      136 ,       75 ,      174 ,       16 ,      145 ,      156 ,       17 ,       39 ,      169 ,      121 ,      188 ,      160 ,       48 ,       25 ,       54 ,       95 ,       94 ,      112 ,      120 ,      179 ,      126 ,      191 ,       82 ,      105 ,       71 ,      127 ,      168 ,      150 ,      117 ,       26 ,      134 ,      124 ,      184 ,      167 ,      128 ,      115 ,      170 ,      155 ,       14 ,      195 ,       51 ,       45 ,      144 ,       20 ,       88 ,      103 ,       13 ,       47 ,      101 ,      107 ,      161 ,       27 ,       11 ,        5 ,      151 ,      113 ,       53 ,      180 ,       21 ,       38 ,      183 ,      100 ,       22 ,      116 ,      182 ,      172 ,       35 ,      146 ,       33 ,        1 ,       91 ,       30 ,       90 ,       84 ,      171 ,      147 ,      106 ,      185 ,       73 ,       49 ,      196 ,      111 ,      143 ,       79 ,       32 ,      181 ,       96 ,       61 ,       67 ,      165 ,       36 ,      163 ,       72 ,      148 ,      108 ,      197 ,      102 ,       70 ,       40 ,        7 ,       78 ,       83 ,      109 ,       97 ,       89 ,      118 ,       31 ,       81 ,      176 ,       10 ,      190 ,      135 ,       57 ,      177 ,       74 ,      199 ,       98 ,       23 ,      193 ,       29 ,      152 ,       34 ,       42 ,      198 ,      129 ,       68 ,        6 ,      125 ,       43 ,       99 ,       24 ,      189 ,        8 ,      123 ,      138 ,       86 ,       52 ,       19 ,       77 ,      131 ,       87 ,       18 ,      149 ,       92 ,      164 ,      132 ,       69 ,        3 ,      158 ,      142 ,      157 ,       76 ,       44 ,      175 ,      173 ,       37 ,       41 ,      137 ,        4 ,      194 ,       93 ,      130 ,      119 ,       66 ,       85 ,        0 ,      166 ,       58 ,        2 ,       56 ,       55 ,       12 ,       46 ,      162 ,      154 ,      133 ,      187 ,       50 ,       28 ,       59 ,      114 ,      153 ,      178 ,       63 ,      110 , 
      65 ,      122 ,      139 ,      159 ,      186 ,       62 ,      192 ,      141 ,       64 ,        9 ,      140 ,       15 ,       80 ,      136 ,       60 ,      156 ,      174 ,       75 ,      104 ,       17 ,       16 ,      145 ,      121 ,       39 ,      169 ,       48 ,      188 ,       54 ,       25 ,      160 ,       95 ,      120 ,      112 ,       94 ,      179 ,      191 ,      126 ,       82 ,      105 ,      168 ,       71 ,      127 ,      117 ,      150 ,      134 ,      184 ,       26 ,      128 ,      124 ,      167 ,      170 ,      115 ,       14 ,      155 ,      195 ,       45 ,       51 ,       88 ,      144 ,       20 ,      103 ,       47 ,       13 ,      107 ,      101 ,       27 ,      161 ,        5 ,      151 ,      113 ,       11 ,       53 ,       21 ,      180 ,      100 ,      183 ,       38 ,      182 ,       22 ,      172 ,      146 ,      116 ,        1 ,       35 ,       30 ,       91 ,       33 ,       84 ,       90 ,      147 ,      171 ,      106 ,      185 ,       73 ,       49 ,      111 ,      143 ,       32 ,      196 ,       79 ,      181 ,       61 ,      165 ,       96 ,       67 ,       36 ,       72 ,      163 ,      148 ,      197 ,      108 ,       70 ,      109 ,      102 ,       78 ,       40 ,       83 ,        7 ,       97 ,       89 ,      118 ,       31 ,       10 ,      190 ,       81 ,       57 ,      176 ,      135 ,       74 ,      177 ,       98 ,      199 ,       23 ,       29 ,      152 ,      193 ,       34 ,      129 ,       42 ,      198 ,        6 ,       68 ,      125 ,       99 ,       43 ,       24 ,        8 ,      189 ,      123 ,      138 ,       86 ,       19 ,       77 ,       52 ,      131 ,       87 ,      149 ,       92 ,       18 ,      164 ,       69 ,      132 ,      158 ,      142 ,       76 ,        3 ,       44 ,      175 ,      157 ,      173 ,       37 ,      137 ,       41 ,       93 ,        4 ,      194 ,      130 ,       85 ,       58 ,       66 ,      133 ,      119 ,      154 ,        0 ,       56 ,       55 ,      187 ,       59 ,       50 ,      114 ,      162 ,      166 ,       46 ,       12 ,       28 ,        2 ,      153 ,       63 ,      178 ,      110 , 
     122 ,       65 ,      139 ,      159 ,      186 ,      141 ,      192 ,       62 ,       64 ,        9 ,      140 ,       15 ,       80 ,       60 ,      174 ,      136 ,      104 ,       75 ,      156 ,       17 ,      121 ,       39 ,      169 ,       16 ,       48 ,      145 ,      188 ,       54 ,       25 ,      160 ,       95 ,      112 ,      179 ,       94 ,      120 ,      191 ,      126 ,      168 ,      105 ,       82 ,       71 ,      127 ,      117 ,      150 ,      134 ,      128 ,       26 ,      167 ,      184 ,      115 ,      170 ,      124 ,       14 ,      195 ,       45 ,       88 ,      155 ,       51 ,       20 ,      103 ,      144 ,       13 ,       47 ,      101 ,      161 ,        5 ,      107 ,       27 ,       11 ,      113 ,      151 ,       53 ,      100 ,       21 ,      180 ,      183 ,       38 ,      182 ,       22 ,      146 ,      172 ,      116 ,       30 ,       35 ,        1 ,       33 ,       84 ,       91 ,       90 ,      171 ,      147 ,       73 ,      185 ,      106 ,      111 ,       49 ,       32 ,      143 ,      196 ,      181 ,      165 ,       79 ,       67 ,       96 ,       61 ,       36 ,      163 ,      197 ,      148 ,       72 ,      108 ,      109 ,       70 ,      102 ,       83 ,       40 ,       78 ,        7 ,       89 ,       97 ,      118 ,       10 ,       81 ,       31 ,      176 ,      190 ,       57 ,      135 ,       74 ,      177 ,       98 ,       23 ,      199 ,      152 ,       34 ,       29 ,       42 ,      193 ,      129 ,        6 ,       68 ,      198 ,       99 ,       43 ,        8 ,       24 ,      125 ,      189 ,      138 ,       86 ,      123 ,       77 ,       19 ,       52 ,      131 ,      132 ,      149 ,       87 ,      164 ,       18 ,       69 ,       92 ,      142 ,      158 ,      175 ,       76 ,        3 ,       44 ,      157 ,      194 ,       37 ,       41 ,      137 ,       85 ,        4 ,      173 ,      130 ,       93 ,       58 ,      119 ,      133 ,      154 ,       56 ,        0 ,       66 ,      187 ,       59 ,      114 ,       55 ,       50 ,      162 ,       12 ,      166 ,       46 ,       28 ,        2 ,      178 ,      110 ,      153 ,       63 , 
     122 ,       65 ,      159 ,      141 ,      186 ,      139 ,       62 ,       64 ,      192 ,        9 ,      140 ,       15 ,       80 ,       60 ,      136 ,      174 ,       75 ,       17 ,      121 ,      104 ,      169 ,       39 ,      156 ,       48 ,      145 ,       54 ,       16 ,      188 ,       25 ,      160 ,       95 ,      112 ,      179 ,      191 ,      126 ,      120 ,       94 ,      168 ,       71 ,      105 ,       82 ,      127 ,      150 ,      117 ,      134 ,       26 ,      184 ,      128 ,      167 ,      124 ,      115 ,       14 ,      170 ,       88 ,      155 ,      195 ,       51 ,       45 ,      144 ,       13 ,       20 ,      103 ,       47 ,      161 ,      101 ,      107 ,       11 ,        5 ,      151 ,       53 ,       27 ,      113 ,       21 ,      100 ,      180 ,       38 ,      183 ,      182 ,       22 ,      172 ,      146 ,      116 ,        1 ,       30 ,       84 ,       35 ,       33 ,       91 ,      171 ,       90 ,       73 ,      106 ,      147 ,      111 ,      185 ,       49 ,       32 ,      143 ,      196 ,      181 ,      165 ,       96 ,       79 ,       61 ,       67 ,      163 ,      197 ,       36 ,      148 ,      108 ,      109 ,       72 ,      102 ,       70 ,       83 ,       40 ,        7 ,       78 ,       89 ,       10 ,       97 ,      118 ,       31 ,       81 ,       57 ,      135 ,      190 ,      176 ,       98 ,      177 ,       74 ,       23 ,      199 ,      152 ,       34 ,       42 ,      193 ,      129 ,       29 ,       68 ,        6 ,      198 ,       99 ,       43 ,       24 ,        8 ,      189 ,      125 ,       86 ,      138 ,       77 ,       19 ,      123 ,      132 ,      131 ,       52 ,       87 ,      149 ,       18 ,       92 ,      164 ,      158 ,       69 ,      142 ,       76 ,      175 ,      157 ,      194 ,        3 ,       37 ,       44 ,      137 ,       41 ,      173 ,      130 ,        4 ,       85 ,      119 ,       58 ,       93 ,      133 ,      154 ,       56 ,      187 ,        0 ,       66 ,      114 ,       55 ,       59 ,       50 ,      162 ,      166 ,       46 ,       28 ,       12 ,      178 ,      153 ,        2 ,      110 ,       63 , 
     122 ,       65 ,      159 ,      186 ,      141 ,       64 ,       62 ,        9 ,      140 ,      139 ,      192 ,       15 ,       60 ,      136 ,       80 ,       75 ,      121 ,      174 ,       17 ,      104 ,      169 ,      156 ,       39 ,       48 ,       16 ,      145 ,      188 ,       54 ,       25 ,      160 ,       95 ,      112 ,      179 ,      120 ,      126 ,      191 ,      168 ,       71 ,       94 ,      105 ,      127 ,       82 ,      150 ,       26 ,      117 ,      184 ,      134 ,      167 ,      128 ,       14 ,      115 ,      170 ,      124 ,       88 ,       51 ,      155 ,      195 ,      144 ,       20 ,       45 ,       47 ,       13 ,      101 ,      107 ,      161 ,      103 ,        5 ,       53 ,       11 ,       27 ,      151 ,       21 ,      113 ,       38 ,      100 ,      180 ,       22 ,      183 ,      182 ,      146 ,      172 ,       30 ,       84 ,      116 ,       33 ,       35 ,        1 ,      171 ,       91 ,       90 ,       73 ,      147 ,      111 ,      106 ,      185 ,       49 ,       32 ,      143 ,      196 ,      165 ,      181 ,       79 ,       96 ,       61 ,      197 ,       36 ,      148 ,      163 ,       67 ,       72 ,      109 ,      108 ,       70 ,      102 ,       83 ,        7 ,       40 ,       78 ,       89 ,       10 ,       97 ,      118 ,       81 ,       31 ,      135 ,       57 ,       98 ,      190 ,      176 ,       23 ,       74 ,      177 ,       34 ,      199 ,      152 ,      129 ,       29 ,       42 ,       68 ,      193 ,      198 ,        6 ,       99 ,       43 ,       24 ,      189 ,        8 ,      125 ,       77 ,       86 ,      138 ,       19 ,      123 ,      131 ,      132 ,      149 ,       52 ,       18 ,       92 ,       87 ,      164 ,       69 ,      158 ,      142 ,      175 ,       76 ,      194 ,        3 ,      157 ,       44 ,       41 ,      173 ,       37 ,        4 ,      130 ,      137 ,      119 ,       58 ,       85 ,       93 ,       56 ,      133 ,      154 ,        0 ,      187 ,      114 ,       66 ,       55 ,       59 ,      162 ,      166 ,       50 ,       28 ,      178 ,       46 ,        2 ,       12 ,       63 ,      110 ,      153 , 
     122 ,       65 ,      186 ,      159 ,       64 ,        9 ,      141 ,       62 ,      192 ,       15 ,      140 ,      139 ,       60 ,       80 ,      136 ,       75 ,      121 ,      174 ,      104 ,       17 ,      156 ,      169 ,       16 ,       39 ,      188 ,      145 ,       48 ,       25 ,      160 ,       95 ,       54 ,      112 ,      179 ,      120 ,      126 ,       71 ,      168 ,      191 ,       94 ,       82 ,      105 ,       26 ,      150 ,      127 ,      134 ,      184 ,      117 ,      167 ,      128 ,      170 ,      115 ,       14 ,      124 ,      155 ,       88 ,       51 ,      195 ,       45 ,      144 ,       13 ,       20 ,       47 ,      107 ,      101 ,      161 ,      103 ,       53 ,        5 ,       27 ,       11 ,       21 ,      151 ,      100 ,       38 ,      113 ,      183 ,      180 ,       22 ,      172 ,      146 ,      182 ,       30 ,      116 ,       84 ,       33 ,      171 ,       91 ,       35 ,        1 ,       90 ,       73 ,      111 ,      147 ,      106 ,      185 ,       32 ,      196 ,      143 ,       49 ,      165 ,       96 ,       79 ,      181 ,       61 ,      197 ,       36 ,       67 ,      163 ,      109 ,      148 ,       70 ,       72 ,      108 ,       83 ,        7 ,       40 ,      102 ,       89 ,       78 ,       97 ,       10 ,      118 ,       81 ,      135 ,       57 ,       98 ,       31 ,      190 ,       74 ,      176 ,       23 ,       34 ,      199 ,      177 ,      129 ,      152 ,       29 ,      193 ,       68 ,       42 ,        6 ,       99 ,      198 ,       43 ,      189 ,       24 ,       77 ,        8 ,       86 ,      125 ,      138 ,       19 ,      123 ,      132 ,       52 ,      131 ,      149 ,       87 ,       92 ,       18 ,      164 ,       69 ,      142 ,      158 ,       76 ,      175 ,      194 ,      157 ,       41 ,       44 ,        3 ,        4 ,      173 ,      137 ,       37 ,       58 ,      119 ,      130 ,       85 ,       93 ,      133 ,       56 ,      154 ,      114 ,      187 ,        0 ,       66 ,       59 ,       55 ,      162 ,       28 ,      166 ,       50 ,        2 ,      178 ,       46 ,       63 ,       12 ,      153 ,      110 , 
     122 ,       65 ,      159 ,      186 ,       64 ,      141 ,        9 ,      192 ,       62 ,       15 ,      140 ,      139 ,      136 ,       80 ,       60 ,      174 ,      104 ,       75 ,      121 ,       17 ,      156 ,       39 ,      169 ,       16 ,      188 ,       25 ,       48 ,      145 ,       54 ,       95 ,      160 ,      120 ,      112 ,       71 ,      126 ,      179 ,      168 ,      191 ,       82 ,       94 ,      150 ,      105 ,      127 ,      184 ,       26 ,      134 ,      167 ,      128 ,      117 ,       14 ,      170 ,      115 ,      124 ,      155 ,       88 ,      195 ,       51 ,       45 ,       13 ,       47 ,      144 ,       20 ,      101 ,      103 ,      107 ,      161 ,       27 ,       21 ,       11 ,       53 ,        5 ,       38 ,      113 ,      151 ,      100 ,      180 ,       22 ,      146 ,      183 ,      182 ,      172 ,       30 ,       84 ,      171 ,       33 ,      116 ,        1 ,       91 ,       35 ,       90 ,       73 ,      111 ,      106 ,      147 ,      185 ,      143 ,       32 ,       49 ,      196 ,       96 ,      165 ,       79 ,       61 ,      181 ,      197 ,       67 ,       36 ,      163 ,      148 ,       70 ,      109 ,       72 ,      108 ,       83 ,       40 ,      102 ,        7 ,       89 ,       97 ,       78 ,      118 ,      135 ,       10 ,       81 ,       57 ,       31 ,       98 ,      190 ,       74 ,      176 ,       23 ,      199 ,       34 ,      129 ,       29 ,      177 ,      152 ,       42 ,        6 ,       68 ,      193 ,       99 ,      198 ,       24 ,       43 ,      189 ,        8 ,       77 ,       86 ,       19 ,      138 ,      125 ,      132 ,       52 ,      131 ,      149 ,      123 ,       18 ,       87 ,      164 ,       92 ,      142 ,      158 ,       69 ,       76 ,      194 ,      157 ,      175 ,       44 ,        4 ,       41 ,      173 ,        3 ,       58 ,      137 ,      130 ,      119 ,       37 ,       85 ,      133 ,       56 ,       93 ,      154 ,        0 ,      187 ,      114 ,       66 ,       59 ,       55 ,      162 ,       28 ,       50 ,      166 ,       46 ,        2 ,       63 ,      178 ,       12 ,      110 ,      153 , 
     122 ,      159 ,       65 ,      186 ,      141 ,       64 ,        9 ,      192 ,       62 ,      140 ,       15 ,       80 ,      139 ,       60 ,      136 ,      104 ,      174 ,       17 ,       75 ,      121 ,       39 ,      169 ,      156 ,       16 ,       48 ,      188 ,       25 ,       95 ,       54 ,      145 ,      120 ,      112 ,      160 ,       71 ,      126 ,      179 ,      191 ,       82 ,      168 ,       94 ,      127 ,      150 ,      105 ,      134 ,      184 ,       26 ,      167 ,      128 ,       14 ,      170 ,      115 ,      117 ,       88 ,      195 ,      155 ,      124 ,       51 ,       13 ,       47 ,       45 ,       20 ,      103 ,      144 ,      101 ,      161 ,       27 ,      107 ,       11 ,        5 ,       53 ,       21 ,      151 ,      113 ,       38 ,      100 ,      180 ,      146 ,       22 ,      172 ,      182 ,      183 ,       30 ,      171 ,       84 ,        1 ,      116 ,       33 ,       91 ,       73 ,       35 ,      111 ,      106 ,       90 ,      143 ,      185 ,      147 ,       32 ,       49 ,      196 ,       79 ,      165 ,       96 ,       61 ,      181 ,       36 ,      197 ,       67 ,      163 ,       70 ,      148 ,       72 ,      109 ,       83 ,      102 ,       40 ,      108 ,       97 ,        7 ,       78 ,       89 ,       10 ,      118 ,       81 ,      135 ,       98 ,       57 ,       31 ,      190 ,       74 ,      176 ,       34 ,       23 ,      199 ,      177 ,       29 ,      129 ,       42 ,      152 ,       68 ,        6 ,      193 ,       99 ,       24 ,       43 ,      198 ,       77 ,      189 ,        8 ,      138 ,       19 ,       86 ,       52 ,      125 ,      132 ,      123 ,      149 ,      131 ,      164 ,       18 ,      142 ,       92 ,       87 ,       76 ,      158 ,       69 ,      157 ,      194 ,      175 ,      173 ,       41 ,      130 ,        4 ,       58 ,        3 ,      137 ,       44 ,       37 ,      133 ,      119 ,       85 ,       56 ,      154 ,       93 ,      114 ,        0 ,      187 ,       66 ,       59 ,       55 ,       50 ,      162 ,       28 ,      166 ,        2 ,       46 ,      178 ,       12 ,      153 ,      110 ,       63 , 
     122 ,      159 ,       65 ,       64 ,      186 ,      141 ,        9 ,      192 ,       62 ,      140 ,      139 ,       15 ,       80 ,      136 ,       60 ,      104 ,       75 ,      121 ,       17 ,      174 ,       39 ,      169 ,       16 ,      188 ,      156 ,       48 ,       95 ,       25 ,      145 ,       54 ,      120 ,      160 ,       71 ,      112 ,      191 ,      179 ,      126 ,       94 ,      127 ,      168 ,       82 ,      150 ,      184 ,      105 ,      134 ,       26 ,      167 ,      128 ,      170 ,       14 ,      115 ,       88 ,      117 ,      195 ,      155 ,      124 ,       13 ,       47 ,       20 ,       51 ,       45 ,      103 ,      101 ,       27 ,      161 ,       11 ,      144 ,      107 ,       53 ,        5 ,       21 ,      113 ,      100 ,      151 ,      180 ,       22 ,       38 ,      146 ,      182 ,      172 ,      183 ,       84 ,       30 ,      171 ,        1 ,      116 ,       91 ,       73 ,       33 ,      106 ,      111 ,       35 ,      185 ,       90 ,      147 ,      143 ,       32 ,      196 ,       49 ,      165 ,       61 ,       96 ,       79 ,      197 ,       36 ,      181 ,       70 ,      148 ,       67 ,      163 ,       40 ,       72 ,       83 ,      109 ,       78 ,      108 ,      102 ,       89 ,       97 ,      118 ,       10 ,        7 ,      135 ,       81 ,       98 ,       57 ,       23 ,      190 ,      176 ,       34 ,      177 ,       74 ,       31 ,      129 ,      199 ,       42 ,       29 ,      152 ,      193 ,       99 ,       24 ,       68 ,       43 ,        6 ,      198 ,      189 ,       77 ,      138 ,       19 ,        8 ,       86 ,       52 ,      125 ,      132 ,      123 ,      149 ,      131 ,      142 ,      164 ,       92 ,       18 ,       76 ,       69 ,       87 ,      158 ,      157 ,      173 ,      194 ,      175 ,      130 ,        4 ,       58 ,       41 ,       44 ,       37 ,      137 ,        3 ,      154 ,       56 ,      133 ,       85 ,       93 ,      119 ,      114 ,        0 ,      187 ,       66 ,       55 ,       59 ,      162 ,       28 ,      166 ,       50 ,        2 ,       12 ,      178 ,      110 ,       46 ,      153 ,       63 , 
     122 ,      159 ,       65 ,       64 ,      186 ,      192 ,      141 ,       62 ,        9 ,      140 ,       80 ,       15 ,      139 ,      136 ,       75 ,       60 ,      121 ,      104 ,      174 ,       17 ,       39 ,      188 ,       16 ,      169 ,       48 ,      156 ,       25 ,       95 ,      145 ,       54 ,      120 ,       71 ,      112 ,      160 ,      191 ,      126 ,       94 ,      179 ,      168 ,       82 ,      150 ,      184 ,      127 ,      134 ,       26 ,      167 ,      105 ,      170 ,      128 ,       14 ,      115 ,       88 ,      195 ,      117 ,      155 ,      124 ,       13 ,       47 ,       45 ,      103 ,       20 ,       27 ,      101 ,       51 ,      144 ,      161 ,      107 ,       11 ,       53 ,        5 ,       21 ,      100 ,      113 ,      151 ,       38 ,      180 ,      183 ,       22 ,      146 ,      182 ,      172 ,       84 ,       30 ,      171 ,      116 ,       73 ,        1 ,       91 ,       33 ,      111 ,      106 ,      185 ,      147 ,       90 ,       35 ,      143 ,      196 ,       49 ,       32 ,      165 ,       79 ,       96 ,       61 ,       36 ,      181 ,       70 ,      148 ,       67 ,       40 ,      197 ,      163 ,       72 ,       78 ,      108 ,      109 ,       83 ,       97 ,      102 ,       89 ,       10 ,        7 ,      118 ,      135 ,       81 ,       98 ,       23 ,      190 ,      176 ,       57 ,       34 ,       31 ,      129 ,       29 ,      199 ,       74 ,      177 ,      152 ,      193 ,       42 ,       68 ,       99 ,       24 ,        6 ,      198 ,       43 ,       77 ,       19 ,      189 ,        8 ,      138 ,       52 ,      132 ,      125 ,       86 ,      123 ,      149 ,      164 ,      142 ,      131 ,       92 ,       76 ,       18 ,       69 ,      158 ,       87 ,      173 ,      175 ,      157 ,      194 ,      130 ,        4 ,       58 ,       41 ,       56 ,        3 ,      137 ,       44 ,       37 ,      154 ,      133 ,       93 ,      119 ,        0 ,       85 ,      114 ,       66 ,      187 ,       55 ,      162 ,      166 ,       59 ,       50 ,       28 ,       12 ,        2 ,       46 ,      178 ,      110 ,      153 ,       63 , 
