432 , 150 , 10 , 273205 , ILST
      80 ,       57 ,       10 ,      136 ,      121 ,      142 ,      100 ,       18 ,       56 ,       59 ,       26 ,      130 ,      116 ,        5 ,      126 ,       31 ,       94 ,       52 ,       58 ,       74 ,        4 ,       49 ,       62 ,      134 ,       60 ,       67 ,       47 ,        6 ,       84 ,       50 ,       44 ,       65 ,       70 ,       37 ,       83 ,       73 ,      108 ,      107 ,      105 ,      118 ,       30 ,      122 ,      131 ,      135 ,       53 ,       38 ,      111 ,       66 ,       35 ,       33 ,       85 ,       40 ,       76 ,       29 ,      102 ,       79 ,      139 ,      103 ,       13 ,      106 ,      132 ,       81 ,       72 ,       99 ,      141 ,       11 ,       89 ,       42 ,      144 ,      129 ,       48 ,       97 ,      123 ,       93 ,        7 ,       75 ,       17 ,       77 ,       54 ,      124 ,      101 ,       19 ,      104 ,       69 ,      149 ,      109 ,        8 ,       43 ,       68 ,       41 ,        1 ,        0 ,       20 ,      143 ,       25 ,       45 ,      147 ,        9 ,       22 ,       39 ,      119 ,       90 ,       88 ,       71 ,       61 ,      140 ,       92 ,      110 ,       16 ,      113 ,      133 ,       91 ,        3 ,       27 ,      138 ,      127 ,       28 ,       78 ,       95 ,      145 ,       34 ,       23 ,       82 ,      128 ,       36 ,      120 ,      114 ,      125 ,       32 ,       96 ,       55 ,      117 ,      148 ,       46 ,       15 ,       14 ,       12 ,      146 ,       21 ,      112 ,       64 ,       86 ,       63 ,      137 ,      115 ,       87 ,       51 ,       24 ,       98 ,        2 , 
      80 ,       10 ,      121 ,      142 ,      100 ,       57 ,       18 ,      136 ,       59 ,       56 ,       26 ,        5 ,      116 ,       31 ,      130 ,       52 ,      126 ,       58 ,       94 ,        4 ,       74 ,       62 ,      134 ,       49 ,       67 ,        6 ,       60 ,       47 ,       84 ,       50 ,       65 ,       37 ,       44 ,       83 ,       70 ,      108 ,      107 ,      105 ,      118 ,      131 ,      122 ,       30 ,      135 ,       73 ,       38 ,       66 ,       53 ,      111 ,       35 ,       85 ,       33 ,       40 ,       29 ,       76 ,       79 ,      139 ,      102 ,      106 ,       13 ,      103 ,       81 ,       99 ,      132 ,       72 ,      141 ,       11 ,       42 ,       89 ,       48 ,      144 ,      129 ,      123 ,       97 ,        7 ,       93 ,       17 ,       75 ,       54 ,      124 ,       19 ,      104 ,       77 ,      101 ,       69 ,      149 ,      109 ,       43 ,       68 ,        8 ,        0 ,        1 ,      143 ,       41 ,       25 ,       20 ,       45 ,       22 ,      147 ,        9 ,      119 ,       90 ,       39 ,       88 ,       71 ,       61 ,      140 ,       16 ,      110 ,       92 ,      133 ,      113 ,       91 ,        3 ,       27 ,      127 ,      138 ,       28 ,       78 ,      145 ,       95 ,       23 ,      128 ,       34 ,       36 ,       82 ,      114 ,      120 ,      125 ,       32 ,      117 ,       96 ,       46 ,      148 ,       14 ,       55 ,       15 ,       12 ,      146 ,      112 ,       64 ,       21 ,       86 ,       63 ,      137 ,       51 ,      115 ,       87 ,        2 ,       24 ,       98 , 
      80 ,       10 ,      100 ,      142 ,      121 ,       18 ,       57 ,       56 ,      136 ,       59 ,       26 ,      116 ,       31 ,      130 ,        5 ,       58 ,      126 ,       94 ,       74 ,       52 ,        4 ,       62 ,       49 ,      134 ,       60 ,       47 ,       67 ,        6 ,       50 ,       65 ,       84 ,       83 ,       70 ,       44 ,       37 ,      107 ,      108 ,      105 ,      118 ,      131 ,      122 ,      135 ,       73 ,       30 ,       38 ,       66 ,      111 ,       53 ,       85 ,       35 ,       29 ,       33 ,       40 ,       79 ,       76 ,      106 ,      139 ,      102 ,       13 ,      132 ,       81 ,      103 ,       72 ,       99 ,      141 ,       11 ,       48 ,      144 ,       42 ,       89 ,      129 ,       97 ,      123 ,       93 ,       75 ,        7 ,       17 ,      124 ,       54 ,       19 ,      101 ,      104 ,       77 ,       69 ,      149 ,      109 ,        8 ,       43 ,        0 ,        1 ,       41 ,       68 ,       25 ,      143 ,       20 ,       45 ,        9 ,       22 ,      147 ,       39 ,       90 ,       88 ,      119 ,       71 ,       16 ,      140 ,       61 ,       92 ,      133 ,      110 ,       91 ,       27 ,      113 ,        3 ,      127 ,      138 ,       28 ,      145 ,       95 ,       78 ,      128 ,       34 ,       23 ,       82 ,       36 ,      114 ,      125 ,      120 ,      117 ,       46 ,       96 ,       32 ,      148 ,       14 ,       55 ,       12 ,      112 ,      146 ,       64 ,       86 ,       21 ,       15 ,       63 ,      137 ,      115 ,       24 ,       87 ,        2 ,       51 ,       98 , 
     100 ,       10 ,       80 ,      142 ,      121 ,       18 ,       56 ,       57 ,       59 ,      136 ,       31 ,      116 ,      130 ,       26 ,       74 ,       94 ,       58 ,        5 ,      126 ,       52 ,       62 ,        4 ,       49 ,       47 ,      134 ,       60 ,       50 ,       67 ,       84 ,        6 ,       83 ,       70 ,       65 ,       44 ,       37 ,      108 ,      107 ,      105 ,      118 ,      131 ,      122 ,       73 ,      135 ,       30 ,       38 ,       66 ,      111 ,       85 ,       53 ,       29 ,       35 ,       40 ,       79 ,       33 ,      106 ,       76 ,      139 ,      102 ,       81 ,       13 ,      103 ,      132 ,       72 ,      141 ,       99 ,      144 ,       11 ,       48 ,      129 ,       89 ,       42 ,       93 ,       97 ,       75 ,      123 ,        7 ,       17 ,       54 ,      101 ,       19 ,       77 ,      104 ,      124 ,       69 ,      109 ,       43 ,        0 ,      149 ,        8 ,       41 ,       25 ,      143 ,        1 ,       68 ,       45 ,       20 ,       22 ,        9 ,       39 ,       90 ,      147 ,       88 ,       71 ,      140 ,      119 ,       92 ,       16 ,       61 ,      133 ,      110 ,       91 ,        3 ,      127 ,       27 ,      138 ,      113 ,       28 ,       78 ,       95 ,      145 ,      128 ,       34 ,       23 ,       36 ,       82 ,      120 ,      125 ,      114 ,      117 ,       32 ,       46 ,      148 ,       96 ,       14 ,       55 ,       12 ,      112 ,       64 ,      146 ,       21 ,       15 ,       86 ,      137 ,       63 ,       87 ,       24 ,        2 ,      115 ,       98 ,       51 , 
      80 ,      100 ,       10 ,      142 ,      121 ,       56 ,       59 ,       57 ,       18 ,       31 ,      136 ,      116 ,      130 ,       26 ,       74 ,        5 ,       94 ,       58 ,       62 ,        4 ,       49 ,       52 ,      126 ,       60 ,       47 ,       67 ,       50 ,       84 ,      134 ,       83 ,        6 ,       70 ,       44 ,       37 ,       65 ,      107 ,      108 ,      131 ,      118 ,      105 ,      122 ,       30 ,       73 ,      135 ,       38 ,       85 ,       53 ,      111 ,       29 ,       66 ,       35 ,       79 ,       40 ,      106 ,       76 ,       33 ,      102 ,      139 ,      103 ,       81 ,       72 ,       13 ,       99 ,      132 ,      141 ,      144 ,       11 ,       48 ,       89 ,       93 ,      129 ,       42 ,       97 ,        7 ,       75 ,      123 ,      101 ,       54 ,       17 ,       77 ,      104 ,       19 ,      109 ,      124 ,       43 ,       69 ,        0 ,        8 ,       41 ,      149 ,        1 ,       68 ,       45 ,       25 ,      143 ,       20 ,       22 ,        9 ,       39 ,      147 ,       90 ,       71 ,       88 ,      140 ,       92 ,       61 ,      119 ,      133 ,       91 ,       16 ,      110 ,        3 ,       27 ,      113 ,       28 ,       78 ,      127 ,       95 ,      138 ,      145 ,      128 ,       23 ,       36 ,       34 ,       82 ,      125 ,      120 ,      114 ,       32 ,      117 ,       46 ,      148 ,       55 ,       96 ,       14 ,      112 ,      146 ,       12 ,       64 ,       21 ,       86 ,       15 ,      137 ,       63 ,       87 ,       98 ,       24 ,        2 ,       51 ,      115 , 
      80 ,       10 ,      100 ,      121 ,       59 ,       56 ,       18 ,      142 ,       57 ,       31 ,      130 ,      116 ,      136 ,       74 ,       26 ,        5 ,       94 ,        4 ,       58 ,       62 ,       49 ,      126 ,       52 ,       67 ,       60 ,       47 ,       50 ,       84 ,       83 ,      134 ,       44 ,       70 ,        6 ,       65 ,       37 ,      107 ,      118 ,      108 ,      122 ,      131 ,       30 ,      105 ,       38 ,      135 ,       73 ,       53 ,       85 ,       29 ,      111 ,       35 ,       66 ,       40 ,      106 ,       79 ,       76 ,      139 ,      103 ,       33 ,      102 ,       81 ,       99 ,       13 ,      141 ,       72 ,      132 ,       11 ,      144 ,       89 ,       48 ,       93 ,       97 ,        7 ,       42 ,       54 ,      129 ,      101 ,      123 ,       77 ,       17 ,       75 ,      104 ,       19 ,      109 ,      124 ,       43 ,       69 ,        0 ,        8 ,       41 ,        1 ,       68 ,      149 ,       45 ,       25 ,      143 ,        9 ,       20 ,      147 ,       22 ,       39 ,       88 ,       90 ,       71 ,       92 ,       61 ,      140 ,      119 ,      133 ,      110 ,       91 ,        3 ,       16 ,       27 ,       28 ,      127 ,      113 ,       78 ,       95 ,      145 ,      138 ,       23 ,      128 ,       36 ,       34 ,       82 ,      120 ,      125 ,       32 ,      117 ,      114 ,       55 ,      148 ,       46 ,       14 ,       96 ,       12 ,      112 ,      146 ,       21 ,       86 ,       64 ,      137 ,       15 ,       63 ,       24 ,       87 ,       98 ,       51 ,        2 ,      115 , 
      80 ,       10 ,       59 ,      121 ,      100 ,       56 ,      142 ,       18 ,       31 ,      130 ,       57 ,      136 ,       26 ,      116 ,        5 ,       74 ,       94 ,        4 ,       62 ,      126 ,       58 ,       49 ,       60 ,       67 ,       50 ,       52 ,       83 ,       47 ,       84 ,       44 ,        6 ,      134 ,       65 ,      107 ,      108 ,      118 ,       70 ,       37 ,       30 ,      122 ,      131 ,       38 ,       73 ,      105 ,       53 ,      135 ,      111 ,       35 ,       85 ,       66 ,       29 ,       40 ,      106 ,       79 ,      103 ,       33 ,      102 ,       76 ,      139 ,       81 ,      141 ,       13 ,       99 ,       11 ,      132 ,       72 ,      144 ,       89 ,       97 ,       48 ,       93 ,       54 ,        7 ,       42 ,      123 ,      129 ,       77 ,      101 ,       17 ,       75 ,      109 ,      104 ,      124 ,       19 ,        0 ,        8 ,       43 ,       69 ,       68 ,        1 ,       41 ,       25 ,      149 ,      143 ,        9 ,       45 ,      147 ,       20 ,       88 ,       22 ,       39 ,       90 ,       71 ,       61 ,       92 ,      119 ,      140 ,      110 ,      133 ,        3 ,       16 ,       91 ,       27 ,      113 ,      127 ,       28 ,       95 ,       78 ,      145 ,       23 ,      138 ,       34 ,      128 ,       36 ,      120 ,       82 ,      125 ,       32 ,      114 ,      117 ,       55 ,       14 ,      148 ,       12 ,       96 ,       46 ,      112 ,      146 ,       21 ,      137 ,       64 ,       86 ,       63 ,       15 ,       24 ,       51 ,       98 ,       87 ,        2 ,      115 , 
      10 ,       59 ,       80 ,       56 ,      100 ,      121 ,      142 ,      130 ,       31 ,      136 ,       57 ,       18 ,       26 ,       74 ,      116 ,        5 ,       94 ,        4 ,       62 ,      126 ,       60 ,       58 ,       49 ,       67 ,       50 ,       52 ,       47 ,       84 ,        6 ,       83 ,       44 ,      107 ,      134 ,      118 ,       65 ,       37 ,      108 ,       70 ,      122 ,       30 ,       38 ,      105 ,      131 ,       73 ,      135 ,       53 ,       35 ,      111 ,       66 ,       85 ,       29 ,      106 ,       79 ,       40 ,       33 ,      103 ,      139 ,      102 ,       76 ,       81 ,      141 ,       99 ,       11 ,       13 ,      132 ,      144 ,       89 ,       72 ,       97 ,       48 ,       54 ,        7 ,       93 ,      129 ,       77 ,      123 ,       42 ,      101 ,       17 ,       75 ,      109 ,      124 ,       19 ,        0 ,      104 ,       43 ,        8 ,       69 ,       41 ,        1 ,       68 ,       25 ,        9 ,      147 ,      149 ,      143 ,       88 ,       22 ,       20 ,       45 ,       39 ,       90 ,       92 ,      119 ,       71 ,       61 ,      133 ,      140 ,      110 ,       16 ,        3 ,      113 ,       91 ,       27 ,      127 ,       28 ,       95 ,       78 ,       23 ,       34 ,      138 ,      120 ,      128 ,      145 ,       82 ,       36 ,      114 ,       32 ,      117 ,      125 ,       55 ,       14 ,       12 ,       96 ,      148 ,       46 ,      146 ,      112 ,      137 ,       64 ,       86 ,       21 ,       63 ,       15 ,       24 ,       87 ,        2 ,       51 ,       98 ,      115 , 
      59 ,       10 ,       80 ,      121 ,       56 ,      100 ,      142 ,      130 ,      136 ,       57 ,       18 ,       31 ,       74 ,       26 ,      116 ,       94 ,        5 ,       62 ,        4 ,      126 ,       60 ,       58 ,       50 ,       67 ,       52 ,       49 ,        6 ,       83 ,       47 ,      107 ,       84 ,      118 ,       44 ,       37 ,      108 ,       65 ,      134 ,       30 ,       38 ,      122 ,       73 ,       70 ,      105 ,      135 ,       53 ,      131 ,       66 ,       35 ,      111 ,       29 ,       85 ,       40 ,       33 ,      106 ,       79 ,      103 ,      139 ,       76 ,      102 ,       99 ,      141 ,       81 ,       11 ,      132 ,      144 ,       13 ,       89 ,       97 ,       72 ,       54 ,       93 ,       77 ,       48 ,        7 ,      123 ,      129 ,       42 ,      109 ,       17 ,      101 ,        0 ,      124 ,       75 ,       19 ,      104 ,       43 ,       69 ,        8 ,        1 ,       25 ,       41 ,      147 ,       68 ,        9 ,       88 ,      143 ,       22 ,      149 ,       39 ,       20 ,       45 ,       92 ,      119 ,       90 ,       71 ,       61 ,      110 ,      133 ,       16 ,      140 ,      113 ,        3 ,       27 ,      127 ,       91 ,       95 ,       28 ,       34 ,       23 ,      120 ,       78 ,      145 ,      128 ,      114 ,      138 ,       36 ,       82 ,       32 ,      125 ,      117 ,       12 ,       55 ,      148 ,       96 ,       14 ,       46 ,      146 ,      137 ,      112 ,       64 ,       63 ,       86 ,       21 ,       15 ,        2 ,       24 ,       51 ,       87 ,      115 ,       98 , 
      59 ,       10 ,       80 ,      121 ,      100 ,       56 ,      142 ,      130 ,       57 ,      136 ,       31 ,       26 ,       18 ,       74 ,       94 ,        5 ,      116 ,        4 ,       62 ,       60 ,       58 ,       67 ,      126 ,       49 ,       50 ,       83 ,       52 ,        6 ,      107 ,       47 ,      118 ,       37 ,       84 ,      108 ,       44 ,       30 ,       65 ,      122 ,       38 ,      134 ,       73 ,      135 ,       70 ,      131 ,      105 ,       29 ,       53 ,      111 ,       35 ,       66 ,       33 ,       85 ,      103 ,       40 ,      106 ,       79 ,      139 ,       99 ,      102 ,       76 ,      141 ,      132 ,       11 ,       81 ,       13 ,      144 ,       89 ,       97 ,       72 ,       77 ,       93 ,        7 ,       54 ,       48 ,      129 ,       42 ,      109 ,      101 ,      123 ,        0 ,       17 ,       75 ,      104 ,      124 ,       19 ,       69 ,       43 ,        8 ,        1 ,       25 ,       41 ,      147 ,       68 ,      143 ,        9 ,      149 ,       88 ,       22 ,       39 ,       45 ,       20 ,       90 ,       92 ,      119 ,       61 ,      110 ,       71 ,      133 ,      113 ,       16 ,      140 ,        3 ,      127 ,       95 ,       91 ,       27 ,       23 ,       28 ,      120 ,       34 ,      128 ,       78 ,      114 ,      145 ,       82 ,       36 ,      138 ,      125 ,       32 ,      117 ,       55 ,       12 ,       96 ,       14 ,      148 ,       46 ,      137 ,      146 ,      112 ,       64 ,       86 ,       63 ,       21 ,       15 ,        2 ,       87 ,       24 ,       51 ,      115 ,       98 , 
