1420 , 200 , 10 , 320850 , ILS
     132 ,       68 ,      198 ,        8 ,      183 ,      113 ,      176 ,       88 ,      167 ,      180 ,       29 ,      120 ,      131 ,       14 ,       90 ,       80 ,       23 ,       94 ,      148 ,        6 ,      166 ,       46 ,       64 ,       71 ,       98 ,      175 ,       92 ,      184 ,       31 ,       59 ,      117 ,      135 ,       30 ,      111 ,      110 ,       84 ,       38 ,       26 ,      105 ,      122 ,      118 ,       58 ,       77 ,      151 ,       60 ,      149 ,       78 ,        0 ,      190 ,      142 ,       91 ,        7 ,       93 ,      153 ,      158 ,      199 ,       18 ,       54 ,       89 ,      147 ,      100 ,      143 ,       72 ,      154 ,      157 ,      103 ,       79 ,      146 ,       53 ,      119 ,      192 ,       22 ,       28 ,       61 ,      156 ,       87 ,      164 ,      144 ,      177 ,      138 ,       44 ,       50 ,      137 ,      139 ,      104 ,      173 ,      160 ,      133 ,       97 ,      195 ,      126 ,        3 ,        5 ,       73 ,      186 ,       19 ,      171 ,       13 ,      193 ,       66 ,       34 ,      128 ,       36 ,      163 ,       47 ,        2 ,      155 ,       75 ,       11 ,      196 ,      141 ,        1 ,      112 ,      107 ,       67 ,       62 ,      168 ,      134 ,      161 ,        9 ,      150 ,      182 ,       39 ,       81 ,       85 ,       74 ,      191 ,      101 ,       83 ,       24 ,      123 ,       10 ,      106 ,      174 ,       21 ,       57 ,      108 ,       17 ,        4 ,       12 ,       27 ,      102 ,       76 ,       86 ,       40 ,       63 ,      136 ,      185 ,       32 ,       37 ,      129 ,      162 ,      109 ,      145 ,      121 ,       51 ,      130 ,       55 ,      181 ,      187 ,       15 ,      127 ,       52 ,      170 ,      165 ,      172 ,      188 ,      116 ,       48 ,       95 ,       35 ,      169 ,       82 ,       65 ,      178 ,       43 ,      159 ,      189 ,      152 ,       45 ,      124 ,      115 ,       56 ,       96 ,       41 ,      140 ,      125 ,       25 ,       70 ,      114 ,       33 ,       42 ,      197 ,       99 ,       16 ,       69 ,       20 ,      179 ,       49 ,      194 , 
     132 ,      183 ,      113 ,      198 ,      176 ,      180 ,       29 ,        8 ,      167 ,       68 ,       14 ,      131 ,      120 ,       90 ,       94 ,       80 ,       88 ,       23 ,      166 ,      148 ,       71 ,       98 ,      175 ,        6 ,       46 ,       64 ,       59 ,      184 ,       30 ,       92 ,       84 ,      117 ,       31 ,       26 ,      105 ,      111 ,      135 ,       58 ,      122 ,      118 ,       38 ,      110 ,       77 ,       78 ,      151 ,      149 ,       60 ,        7 ,       91 ,      190 ,        0 ,      158 ,      199 ,      153 ,       93 ,      142 ,      147 ,      100 ,       89 ,       18 ,       54 ,      103 ,      143 ,       72 ,      146 ,       79 ,      157 ,      154 ,       53 ,      119 ,       28 ,      192 ,      156 ,      164 ,       22 ,      177 ,       61 ,      138 ,      144 ,       87 ,      104 ,       44 ,      139 ,      137 ,       50 ,      195 ,      173 ,      160 ,      133 ,       73 ,        3 ,       19 ,        5 ,       97 ,      186 ,      126 ,       13 ,      193 ,       34 ,      171 ,       66 ,       36 ,      163 ,       47 ,       11 ,        2 ,      128 ,      196 ,        1 ,      155 ,      112 ,      141 ,       75 ,      168 ,       67 ,      107 ,        9 ,       62 ,      134 ,      182 ,       39 ,      161 ,      150 ,      101 ,       74 ,      191 ,       81 ,       10 ,       85 ,       24 ,       83 ,       57 ,      123 ,      108 ,      106 ,      174 ,       27 ,        4 ,       21 ,      102 ,       17 ,       76 ,       86 ,       12 ,       32 ,       63 ,      185 ,      109 ,       40 ,      136 ,       37 ,      162 ,      145 ,      129 ,      187 ,      130 ,      121 ,       55 ,       15 ,       51 ,       52 ,      127 ,      181 ,      170 ,      172 ,      188 ,       82 ,       48 ,      165 ,      116 ,       35 ,      178 ,       95 ,      169 ,      189 ,       65 ,       45 ,      152 ,       43 ,      159 ,      115 ,       96 ,       56 ,      125 ,       41 ,      124 ,      140 ,       49 ,      197 ,       33 ,      114 ,       25 ,       70 ,       69 ,       20 ,       99 ,      179 ,       16 ,      194 ,       42 , 
     132 ,      183 ,      198 ,      113 ,      167 ,        8 ,       14 ,      176 ,      120 ,      180 ,       68 ,       94 ,       90 ,      131 ,       88 ,       29 ,      148 ,       23 ,       71 ,      166 ,       80 ,       46 ,       98 ,        6 ,       64 ,      175 ,       92 ,      184 ,       31 ,       59 ,      117 ,       30 ,      111 ,      135 ,       84 ,      118 ,       58 ,       26 ,      105 ,       78 ,      122 ,      110 ,      151 ,       77 ,       38 ,        7 ,       60 ,        0 ,      149 ,       91 ,      158 ,      190 ,      153 ,      199 ,      147 ,      100 ,      142 ,       89 ,       93 ,      103 ,       72 ,       79 ,       18 ,      143 ,      157 ,       54 ,       53 ,      146 ,      154 ,       28 ,      119 ,      192 ,      164 ,      177 ,      156 ,      138 ,       61 ,       44 ,       87 ,       22 ,      139 ,      144 ,       50 ,      104 ,      137 ,      160 ,       73 ,      173 ,      195 ,        3 ,      133 ,       19 ,        5 ,       97 ,      126 ,      186 ,      193 ,       13 ,      163 ,       34 ,       66 ,      171 ,       11 ,      128 ,       47 ,      155 ,       36 ,      196 ,      141 ,        1 ,        2 ,       75 ,      112 ,       62 ,       67 ,      168 ,        9 ,      107 ,       39 ,      150 ,      134 ,      182 ,      101 ,       10 ,      191 ,       81 ,      161 ,       24 ,       85 ,       83 ,       74 ,       27 ,      174 ,       57 ,      108 ,      123 ,       17 ,      102 ,      106 ,       21 ,        4 ,       76 ,       12 ,       32 ,       86 ,      109 ,       63 ,      162 ,       40 ,      185 ,      136 ,       37 ,      145 ,      129 ,      121 ,      187 ,      130 ,       55 ,       51 ,       15 ,      127 ,      181 ,       52 ,       82 ,      170 ,      172 ,      165 ,       35 ,       48 ,      188 ,      116 ,       95 ,      178 ,      189 ,       43 ,      169 ,       45 ,       65 ,       56 ,      159 ,      152 ,      115 ,       96 ,      124 ,      197 ,       49 ,       41 ,      125 ,      140 ,       33 ,       69 ,       20 ,       25 ,      179 ,      114 ,       70 ,       99 ,      194 ,       16 ,       42 , 
     183 ,      132 ,      198 ,       14 ,      167 ,      120 ,        8 ,      180 ,      113 ,       94 ,       68 ,      176 ,       90 ,       88 ,      131 ,      148 ,      166 ,       23 ,       71 ,       29 ,        6 ,       80 ,       46 ,       98 ,       59 ,       64 ,      175 ,       30 ,      184 ,      117 ,       92 ,      135 ,       31 ,       58 ,      118 ,       84 ,      111 ,      122 ,       26 ,      110 ,       78 ,      105 ,       77 ,        7 ,       38 ,      149 ,      151 ,      158 ,        0 ,       60 ,       91 ,      190 ,      147 ,      142 ,       72 ,      199 ,      153 ,       93 ,      100 ,       18 ,       79 ,      157 ,       89 ,      103 ,       54 ,      143 ,      119 ,       53 ,      146 ,       28 ,      154 ,      164 ,       61 ,      177 ,      192 ,      138 ,      139 ,      156 ,      144 ,       44 ,       22 ,      137 ,       87 ,      160 ,       50 ,      104 ,       73 ,      173 ,        5 ,      195 ,       19 ,      126 ,        3 ,      133 ,      186 ,       97 ,      163 ,       13 ,      193 ,       34 ,      171 ,       11 ,       66 ,      196 ,      155 ,      141 ,      128 ,       36 ,       47 ,        2 ,        1 ,      112 ,       75 ,       62 ,        9 ,       67 ,      168 ,      107 ,       39 ,      134 ,      101 ,      150 ,       10 ,       81 ,      182 ,      191 ,       24 ,       85 ,      174 ,      161 ,      108 ,       27 ,      123 ,       74 ,       83 ,       57 ,       21 ,      102 ,      106 ,       17 ,       32 ,       12 ,        4 ,       76 ,       86 ,       63 ,      109 ,       40 ,      162 ,      185 ,      136 ,       37 ,      121 ,      145 ,      130 ,       55 ,      129 ,      127 ,      187 ,       15 ,      181 ,       82 ,       51 ,      170 ,       48 ,      172 ,      165 ,       52 ,       35 ,      188 ,      116 ,       43 ,      178 ,       95 ,      169 ,      189 ,       56 ,       65 ,      152 ,      115 ,       45 ,      124 ,       96 ,      159 ,       49 ,      197 ,      125 ,      140 ,       41 ,       20 ,      179 ,      114 ,       69 ,       33 ,      194 ,       99 ,       25 ,       16 ,       42 ,       70 , 
     198 ,      132 ,      183 ,      167 ,      113 ,       94 ,      120 ,       14 ,      180 ,        8 ,      131 ,       90 ,      176 ,       23 ,       68 ,       71 ,       88 ,      166 ,       29 ,      148 ,       59 ,        6 ,       98 ,       30 ,       46 ,       80 ,       92 ,      184 ,       64 ,      175 ,      135 ,      118 ,       58 ,       84 ,      117 ,       31 ,       78 ,      105 ,       26 ,      110 ,      111 ,      122 ,       77 ,      151 ,        7 ,      158 ,       38 ,      149 ,       91 ,        0 ,       60 ,       72 ,      147 ,      142 ,      153 ,      190 ,      199 ,      100 ,       18 ,       89 ,       93 ,      103 ,      143 ,       79 ,      157 ,       53 ,       28 ,      164 ,       61 ,       54 ,      119 ,      154 ,      146 ,      138 ,      192 ,      177 ,      139 ,      137 ,      156 ,       22 ,      144 ,       44 ,       50 ,       87 ,      160 ,      104 ,      173 ,      126 ,       73 ,      133 ,        3 ,        5 ,       97 ,       13 ,      163 ,       19 ,      195 ,      186 ,      193 ,      171 ,      196 ,      141 ,       11 ,       34 ,       66 ,        2 ,        1 ,       36 ,      155 ,       75 ,      128 ,       47 ,      112 ,       62 ,      107 ,        9 ,      168 ,      134 ,       39 ,       10 ,       67 ,      182 ,      150 ,       85 ,       81 ,      174 ,      191 ,      101 ,       27 ,       24 ,       74 ,      108 ,      161 ,      123 ,       83 ,       21 ,       57 ,      102 ,       12 ,      106 ,       17 ,        4 ,       32 ,       76 ,       63 ,      185 ,      109 ,       40 ,       86 ,      136 ,       37 ,      121 ,      162 ,      129 ,      145 ,      130 ,       55 ,      127 ,      181 ,      187 ,       48 ,       82 ,       15 ,       51 ,      170 ,      165 ,      116 ,      172 ,       52 ,       35 ,      178 ,       95 ,      188 ,       43 ,       65 ,      169 ,       45 ,       56 ,      189 ,      115 ,      152 ,      197 ,      159 ,       96 ,      140 ,       49 ,       20 ,      124 ,      179 ,      125 ,       69 ,       33 ,       41 ,      114 ,       42 ,      194 ,       25 ,       16 ,       99 ,       70 , 
     132 ,      198 ,       94 ,      183 ,      113 ,       14 ,      167 ,      120 ,      180 ,       23 ,      176 ,      131 ,        8 ,       90 ,       71 ,      166 ,       68 ,        6 ,      148 ,       88 ,       29 ,       80 ,       59 ,       30 ,       46 ,       98 ,      175 ,       92 ,      118 ,      184 ,      117 ,       58 ,       64 ,      135 ,      105 ,       84 ,       78 ,       31 ,       26 ,      110 ,      151 ,      158 ,      111 ,       77 ,       91 ,      122 ,       38 ,      149 ,        7 ,       60 ,      142 ,        0 ,       72 ,      153 ,      100 ,       89 ,      199 ,      147 ,       93 ,       18 ,       79 ,      190 ,      103 ,      143 ,       53 ,      164 ,       54 ,       28 ,      157 ,       61 ,      119 ,      192 ,      138 ,      154 ,      177 ,      146 ,      156 ,       22 ,       50 ,       44 ,      104 ,      137 ,      139 ,       87 ,      144 ,      173 ,      133 ,      160 ,        3 ,      126 ,      163 ,       73 ,        5 ,       19 ,       97 ,       13 ,      195 ,      186 ,      171 ,       34 ,      196 ,       66 ,        1 ,      193 ,        2 ,      141 ,       11 ,       75 ,      128 ,      112 ,       47 ,       36 ,       62 ,      155 ,      107 ,       10 ,      168 ,      134 ,      150 ,        9 ,       39 ,      182 ,       67 ,      101 ,       85 ,      191 ,       24 ,      174 ,       81 ,       27 ,       83 ,      108 ,       74 ,      123 ,       57 ,      102 ,      161 ,       12 ,       32 ,       21 ,      106 ,       17 ,        4 ,       76 ,       40 ,      136 ,       63 ,      109 ,       86 ,       37 ,      129 ,      185 ,      145 ,      162 ,      121 ,       55 ,      130 ,      187 ,       82 ,      181 ,       51 ,       15 ,      170 ,       48 ,      127 ,      165 ,      116 ,      172 ,       52 ,       43 ,       95 ,       35 ,      188 ,      178 ,      169 ,       65 ,      189 ,       56 ,      159 ,       45 ,      152 ,      115 ,       96 ,      197 ,       49 ,      140 ,       20 ,      124 ,       33 ,      179 ,      125 ,       41 ,      114 ,       69 ,       25 ,       42 ,      194 ,       70 ,       16 ,       99 , 
     132 ,      113 ,      183 ,      198 ,      120 ,       94 ,      167 ,       14 ,       23 ,      176 ,      180 ,       71 ,      131 ,        6 ,      148 ,        8 ,      166 ,       90 ,       68 ,       88 ,       80 ,       29 ,       30 ,       59 ,       46 ,       92 ,      175 ,      118 ,       98 ,      117 ,      184 ,      105 ,      135 ,       64 ,       58 ,       84 ,      110 ,      151 ,      158 ,       78 ,       26 ,      122 ,      149 ,       31 ,      111 ,        7 ,       77 ,       91 ,       72 ,       60 ,      142 ,       38 ,      100 ,       89 ,        0 ,      147 ,       93 ,      153 ,      199 ,      190 ,       18 ,      164 ,      143 ,       79 ,      103 ,      157 ,       53 ,       28 ,       54 ,      119 ,      192 ,       61 ,      156 ,      138 ,      154 ,      177 ,      146 ,      104 ,       44 ,      144 ,       50 ,      137 ,       22 ,      133 ,       87 ,      173 ,      139 ,        5 ,      126 ,      160 ,        3 ,       19 ,       73 ,      195 ,       13 ,       34 ,      163 ,      196 ,       97 ,      171 ,      186 ,      193 ,        2 ,        1 ,       66 ,       75 ,      141 ,       11 ,      112 ,       36 ,       62 ,       10 ,      168 ,      128 ,      107 ,       47 ,      134 ,      150 ,      155 ,       67 ,       39 ,        9 ,      101 ,      182 ,       24 ,      191 ,       85 ,       81 ,       27 ,      108 ,      174 ,       83 ,       57 ,      102 ,      123 ,       32 ,       74 ,      161 ,       12 ,       21 ,        4 ,      106 ,       63 ,       17 ,      109 ,       37 ,      129 ,       76 ,      136 ,      185 ,       86 ,       40 ,       55 ,      162 ,      121 ,      145 ,       51 ,      130 ,       82 ,      187 ,      127 ,      181 ,       15 ,       48 ,      116 ,      170 ,      165 ,      172 ,       95 ,       43 ,      188 ,       35 ,       52 ,      178 ,      169 ,      189 ,       45 ,       65 ,      159 ,       56 ,       96 ,      115 ,      152 ,       49 ,       20 ,      197 ,      140 ,      179 ,       33 ,       69 ,       41 ,      124 ,      125 ,       25 ,       70 ,      194 ,      114 ,       16 ,       99 ,       42 , 
     113 ,       94 ,      183 ,      132 ,      120 ,      198 ,      167 ,      180 ,       14 ,       71 ,       23 ,        8 ,      176 ,      131 ,       90 ,      148 ,       68 ,       80 ,      166 ,        6 ,       30 ,       29 ,       88 ,       46 ,       59 ,      175 ,       92 ,       98 ,      118 ,      135 ,       58 ,      184 ,      110 ,      151 ,      117 ,      105 ,       64 ,      158 ,       26 ,      122 ,       84 ,       78 ,       31 ,       77 ,      149 ,       91 ,       60 ,      111 ,       89 ,        7 ,       72 ,      142 ,       38 ,      147 ,        0 ,      100 ,      153 ,      190 ,      199 ,      143 ,       79 ,       93 ,      157 ,       18 ,      164 ,      103 ,       28 ,      192 ,       53 ,       54 ,      119 ,      138 ,      156 ,       61 ,       44 ,      154 ,      146 ,      144 ,      104 ,      177 ,       22 ,       50 ,      173 ,      139 ,      133 ,       87 ,        5 ,      137 ,      126 ,      195 ,        3 ,       34 ,       73 ,       19 ,      160 ,      163 ,      196 ,       13 ,      186 ,      171 ,        2 ,      193 ,       97 ,       66 ,       11 ,       36 ,      141 ,        1 ,      112 ,       75 ,      128 ,       62 ,       10 ,       47 ,      134 ,      150 ,       39 ,      107 ,      168 ,      101 ,       67 ,      155 ,       81 ,      182 ,       24 ,      191 ,        9 ,      174 ,      108 ,       27 ,       85 ,      123 ,       83 ,       32 ,       57 ,      102 ,       74 ,      161 ,       12 ,      106 ,       63 ,       17 ,        4 ,      109 ,       37 ,      185 ,       21 ,      129 ,       86 ,       40 ,       76 ,       55 ,      136 ,      162 ,      121 ,       51 ,       82 ,      145 ,      187 ,      127 ,       48 ,      130 ,       15 ,      170 ,      181 ,      116 ,      165 ,       43 ,      172 ,      188 ,       95 ,      178 ,       35 ,       52 ,      189 ,       45 ,      159 ,      169 ,       65 ,      115 ,       56 ,       96 ,       49 ,       20 ,      152 ,      197 ,       33 ,      179 ,       69 ,      124 ,      140 ,       41 ,       70 ,      194 ,       25 ,      125 ,      114 ,       42 ,       16 ,       99 , 
     113 ,      120 ,       94 ,      183 ,      132 ,      198 ,      180 ,      167 ,       71 ,       14 ,      131 ,       23 ,       68 ,      176 ,        8 ,      148 ,       90 ,       29 ,      166 ,       30 ,        6 ,       80 ,      175 ,       98 ,       46 ,       88 ,       59 ,       92 ,      184 ,      118 ,      135 ,       64 ,       58 ,      110 ,       26 ,      105 ,      117 ,      151 ,      158 ,      122 ,       78 ,       31 ,       84 ,      149 ,       77 ,        7 ,       60 ,      111 ,      147 ,      142 ,       72 ,       38 ,       91 ,        0 ,       89 ,      100 ,      143 ,       79 ,      157 ,      190 ,      199 ,      153 ,      103 ,       93 ,       18 ,      164 ,       28 ,      119 ,      192 ,      138 ,       53 ,       54 ,      154 ,      156 ,      144 ,      104 ,       44 ,       61 ,       50 ,      146 ,       87 ,      173 ,       22 ,      139 ,      137 ,      133 ,      177 ,      126 ,       19 ,       34 ,      195 ,        5 ,      160 ,        3 ,      163 ,       13 ,       73 ,      196 ,      186 ,      193 ,        2 ,       11 ,      171 ,       97 ,        1 ,      112 ,       36 ,      128 ,       66 ,       75 ,       10 ,      141 ,      150 ,       39 ,       62 ,      134 ,       47 ,      107 ,       67 ,      168 ,      182 ,      101 ,        9 ,      155 ,      174 ,       81 ,       85 ,      191 ,       24 ,       32 ,       27 ,       83 ,      108 ,      123 ,      161 ,       57 ,      102 ,       74 ,        4 ,       12 ,       63 ,      106 ,       21 ,       17 ,       40 ,       37 ,      109 ,       86 ,      185 ,      129 ,       76 ,      136 ,       55 ,      162 ,       82 ,      121 ,       51 ,      127 ,      145 ,       15 ,      130 ,      187 ,      181 ,       48 ,      116 ,      170 ,      165 ,       95 ,      172 ,       43 ,       35 ,      188 ,       52 ,      169 ,      178 ,      189 ,       65 ,       45 ,      115 ,       49 ,       56 ,      159 ,       20 ,       96 ,      197 ,      152 ,       33 ,      179 ,       69 ,      194 ,      124 ,       41 ,      125 ,      140 ,       70 ,       42 ,       25 ,       16 ,      114 ,       99 , 
     113 ,       94 ,      198 ,      120 ,      167 ,      183 ,       71 ,      180 ,      132 ,       23 ,       14 ,        8 ,      131 ,      148 ,       68 ,       30 ,      176 ,       90 ,       29 ,       98 ,      175 ,       80 ,      166 ,        6 ,       92 ,       46 ,       59 ,       88 ,      135 ,       64 ,      118 ,      184 ,      110 ,      117 ,       26 ,      151 ,      122 ,       58 ,      105 ,      158 ,       78 ,       31 ,       77 ,       84 ,       60 ,        7 ,      149 ,      111 ,      142 ,      147 ,       91 ,       38 ,       89 ,       72 ,      100 ,      157 ,        0 ,      199 ,      143 ,       93 ,      103 ,       79 ,      190 ,       18 ,      153 ,      164 ,       53 ,      138 ,      119 ,       28 ,       54 ,      192 ,      154 ,       44 ,       61 ,       50 ,      156 ,      104 ,      144 ,      173 ,      139 ,      146 ,      133 ,       87 ,       19 ,       22 ,      160 ,      126 ,      137 ,      177 ,        5 ,      163 ,       34 ,      195 ,       73 ,      186 ,        3 ,       13 ,        2 ,       97 ,      196 ,        1 ,       11 ,      171 ,      193 ,      128 ,      112 ,       75 ,       66 ,       39 ,       36 ,      141 ,      150 ,      134 ,       10 ,      168 ,      107 ,      182 ,       62 ,      155 ,       47 ,        9 ,      191 ,      101 ,       24 ,      174 ,       67 ,       85 ,       81 ,       32 ,      108 ,       27 ,       83 ,      123 ,      102 ,      161 ,       63 ,       57 ,       21 ,       17 ,        4 ,       74 ,      109 ,       12 ,       40 ,      106 ,      185 ,       86 ,       37 ,       76 ,      129 ,      136 ,      121 ,       82 ,       55 ,      145 ,      162 ,      127 ,       51 ,      187 ,       15 ,      130 ,      165 ,      116 ,      172 ,      181 ,      170 ,       48 ,       52 ,       95 ,       43 ,      178 ,      189 ,      188 ,       35 ,       49 ,      169 ,       65 ,      115 ,       45 ,       20 ,      152 ,       56 ,      159 ,       96 ,      197 ,       33 ,       41 ,       69 ,      179 ,      194 ,       70 ,      124 ,       42 ,      140 ,      125 ,       16 ,       25 ,      114 ,       99 , 
