1307 , 200 , 10 , 67128 , IGT
       5 ,      187 ,       21 ,      160 ,      151 ,      143 ,       53 ,       95 ,       17 ,       57 ,      192 ,       12 ,       64 ,       69 ,       84 ,       72 ,       25 ,       35 ,      158 ,      107 ,       75 ,       88 ,      120 ,      111 ,        6 ,       11 ,       49 ,      121 ,      185 ,      173 ,      189 ,      148 ,      181 ,       54 ,       26 ,      114 ,      139 ,      137 ,       50 ,      119 ,       29 ,      130 ,       41 ,       90 ,       30 ,        9 ,      142 ,      106 ,       83 ,       38 ,      126 ,      101 ,      172 ,       92 ,       55 ,      103 ,      180 ,      182 ,       62 ,      124 ,      115 ,       80 ,      145 ,        4 ,       73 ,       16 ,       33 ,      100 ,      191 ,       44 ,       19 ,      186 ,      147 ,       42 ,        0 ,        3 ,      134 ,       36 ,      141 ,       63 ,       27 ,      123 ,      155 ,       52 ,       22 ,       56 ,       81 ,       70 ,      122 ,      135 ,       91 ,       93 ,       77 ,      116 ,      168 ,      197 ,       89 ,       87 ,       10 ,      104 ,      136 ,      152 ,       28 ,       86 ,      178 ,      127 ,       65 ,       20 ,      190 ,       32 ,      159 ,       82 ,      129 ,       58 ,       67 ,       61 ,       74 ,      140 ,      195 ,      105 ,      112 ,        8 ,      138 ,       39 ,       99 ,      131 ,        7 ,      154 ,      175 ,       71 ,      193 ,       78 ,       46 ,      163 ,       79 ,       66 ,      162 ,      161 ,       31 ,      156 ,       37 ,       23 ,       14 ,      110 ,      194 ,      102 ,       94 ,       24 ,      183 ,      174 ,      133 ,      169 ,      150 ,      165 ,      196 ,       85 ,       47 ,       48 ,      179 ,      128 ,        2 ,      157 ,      144 ,      188 ,      113 ,       59 ,       43 ,      117 ,       45 ,       98 ,      199 ,      149 ,      184 ,      176 ,      153 ,      132 ,       97 ,      164 ,      171 ,       15 ,       40 ,      146 ,       34 ,      118 ,       96 ,      167 ,       13 ,        1 ,       76 ,      170 ,       60 ,      108 ,      166 ,      109 ,       51 ,      125 ,       68 ,      177 ,       18 ,      198 , 
      21 ,      160 ,        5 ,      143 ,      187 ,       53 ,       17 ,      151 ,      192 ,       57 ,       95 ,       64 ,       69 ,       84 ,       72 ,       12 ,       25 ,      158 ,       35 ,      107 ,       75 ,       88 ,      111 ,      120 ,        6 ,      121 ,       49 ,       11 ,      173 ,      189 ,      185 ,      148 ,       54 ,      114 ,      181 ,      139 ,      137 ,      119 ,       26 ,      130 ,       50 ,       29 ,       41 ,       90 ,        9 ,       30 ,       83 ,      142 ,      106 ,      126 ,       38 ,      172 ,       92 ,       55 ,      101 ,      103 ,      182 ,      180 ,       62 ,      124 ,       80 ,      145 ,      115 ,       16 ,        4 ,       33 ,       73 ,       44 ,       19 ,      100 ,      186 ,      191 ,        0 ,      147 ,        3 ,       42 ,      141 ,      134 ,       63 ,      123 ,       27 ,       52 ,       36 ,      155 ,       81 ,       56 ,       22 ,       70 ,      122 ,       91 ,      135 ,       77 ,      116 ,      168 ,       93 ,      197 ,       87 ,       10 ,       89 ,      136 ,      104 ,       28 ,      152 ,       86 ,      127 ,       65 ,      178 ,       32 ,       20 ,       82 ,      190 ,      129 ,      159 ,       67 ,       58 ,       74 ,       61 ,      195 ,      140 ,      105 ,        8 ,      138 ,       39 ,      112 ,      131 ,       99 ,      175 ,      154 ,        7 ,       71 ,      156 ,       46 ,      193 ,       79 ,      102 ,      161 ,      162 ,       66 ,       31 ,       14 ,       37 ,       23 ,      110 ,       78 ,      194 ,       24 ,      163 ,       94 ,      183 ,      169 ,      133 ,      174 ,      165 ,      196 ,      150 ,       48 ,       85 ,      179 ,       47 ,        2 ,      157 ,      128 ,      144 ,      188 ,       59 ,       43 ,      117 ,       98 ,      113 ,      199 ,      149 ,      176 ,      184 ,       45 ,       97 ,       13 ,       60 ,      170 ,      132 ,      164 ,       15 ,      146 ,       34 ,       96 ,      167 ,      166 ,       76 ,      118 ,        1 ,      171 ,      108 ,      109 ,      125 ,      153 ,       51 ,       40 ,      177 ,      198 ,       18 ,       68 , 
     160 ,        5 ,       21 ,      143 ,       17 ,      187 ,      192 ,      151 ,       57 ,       53 ,       95 ,       64 ,       84 ,       69 ,       25 ,       72 ,       12 ,      107 ,      158 ,       35 ,       75 ,      111 ,       88 ,      120 ,        6 ,      121 ,      173 ,       11 ,       49 ,      148 ,      189 ,       54 ,      181 ,      185 ,      114 ,      137 ,      139 ,      119 ,       26 ,       50 ,       41 ,      130 ,       90 ,       29 ,       30 ,        9 ,      142 ,       83 ,      126 ,      106 ,      172 ,       38 ,       55 ,       92 ,      103 ,      124 ,      182 ,      101 ,       62 ,      180 ,      115 ,       16 ,       33 ,        4 ,       80 ,      145 ,       73 ,       44 ,      100 ,       19 ,      186 ,      191 ,        3 ,       42 ,        0 ,      134 ,      147 ,      141 ,      123 ,       63 ,       27 ,       52 ,      155 ,       36 ,       56 ,       81 ,       22 ,       70 ,      122 ,       91 ,      135 ,      116 ,       77 ,      197 ,      168 ,       93 ,       87 ,       10 ,      104 ,      136 ,       89 ,       86 ,      152 ,       28 ,       65 ,      127 ,      178 ,       32 ,       82 ,       20 ,      190 ,      129 ,      159 ,       67 ,       74 ,      195 ,       58 ,      105 ,        8 ,       61 ,      140 ,      138 ,      112 ,      131 ,       39 ,      175 ,       99 ,       71 ,        7 ,      154 ,      193 ,       79 ,      156 ,       46 ,      102 ,      162 ,      161 ,       66 ,       14 ,       23 ,       31 ,       78 ,      194 ,      110 ,       37 ,       24 ,      163 ,      169 ,      183 ,      133 ,       94 ,      174 ,      165 ,      196 ,      150 ,      179 ,       47 ,       85 ,       48 ,        2 ,      128 ,      157 ,      144 ,       59 ,      188 ,       43 ,      117 ,      113 ,       98 ,      176 ,      184 ,       45 ,      149 ,      199 ,       60 ,      170 ,       97 ,       96 ,       15 ,      132 ,      146 ,      167 ,      164 ,       34 ,       13 ,       76 ,      118 ,      108 ,      171 ,      166 ,        1 ,      109 ,      153 ,       40 ,      125 ,       51 ,      198 ,       18 ,      177 ,       68 , 
       5 ,      160 ,       17 ,      143 ,       21 ,      187 ,      192 ,       53 ,      151 ,       95 ,       57 ,       69 ,       64 ,       84 ,       72 ,      107 ,       25 ,       12 ,       35 ,      158 ,      111 ,      120 ,       88 ,        6 ,       75 ,      173 ,       49 ,       11 ,      121 ,      148 ,       54 ,      189 ,      181 ,      137 ,      139 ,      185 ,      119 ,      114 ,       50 ,       41 ,      130 ,       26 ,       90 ,        9 ,      142 ,       29 ,       30 ,      126 ,      106 ,       83 ,      172 ,       38 ,      103 ,       92 ,       55 ,      124 ,       62 ,      182 ,      101 ,      115 ,       16 ,       33 ,      180 ,       80 ,      145 ,        4 ,      100 ,       19 ,       73 ,      186 ,       44 ,      191 ,       42 ,      134 ,      147 ,        0 ,        3 ,      141 ,       27 ,      123 ,       52 ,       63 ,       36 ,      155 ,       56 ,       81 ,       22 ,      122 ,       70 ,      135 ,       91 ,      116 ,      168 ,       77 ,       93 ,       87 ,       10 ,      197 ,      104 ,      136 ,       86 ,       89 ,       65 ,      152 ,      127 ,       28 ,       82 ,      178 ,       20 ,       32 ,      129 ,       67 ,      159 ,      190 ,       74 ,       58 ,      195 ,        8 ,      105 ,       61 ,      140 ,      138 ,      131 ,       39 ,      112 ,       99 ,      175 ,      154 ,        7 ,       71 ,       79 ,      193 ,      102 ,      156 ,      162 ,       46 ,       14 ,       23 ,      161 ,       78 ,       66 ,       31 ,       37 ,       24 ,      163 ,      194 ,      110 ,      133 ,      183 ,      169 ,       94 ,      165 ,      174 ,      196 ,      150 ,      179 ,       48 ,       47 ,       85 ,      157 ,      128 ,        2 ,       59 ,      144 ,      188 ,       43 ,      117 ,       98 ,      176 ,      113 ,      149 ,      184 ,      199 ,       45 ,       60 ,       97 ,      170 ,      132 ,       96 ,      146 ,       15 ,       34 ,      164 ,      167 ,       13 ,      108 ,       76 ,      166 ,      118 ,      171 ,        1 ,      153 ,      125 ,      109 ,      198 ,       18 ,       51 ,       68 ,       40 ,      177 , 
     160 ,        5 ,      143 ,       17 ,      187 ,       21 ,      192 ,       95 ,       53 ,       57 ,       64 ,      151 ,       72 ,       69 ,       25 ,      107 ,       84 ,       35 ,       12 ,      158 ,      111 ,        6 ,       88 ,      120 ,      173 ,       75 ,       49 ,      121 ,       11 ,       54 ,      148 ,      189 ,      181 ,      137 ,      185 ,      139 ,      114 ,      119 ,       50 ,       41 ,       90 ,      130 ,       26 ,        9 ,       30 ,       29 ,      142 ,      126 ,      106 ,       83 ,      172 ,       38 ,      103 ,       92 ,       55 ,      182 ,      124 ,       62 ,      101 ,       16 ,      180 ,      115 ,      145 ,       33 ,        4 ,       80 ,      100 ,      186 ,       73 ,       19 ,      191 ,       44 ,      147 ,       42 ,      134 ,        0 ,       27 ,      141 ,       52 ,        3 ,       63 ,      123 ,      155 ,       36 ,       56 ,       22 ,       81 ,      122 ,       70 ,      116 ,       91 ,      135 ,      168 ,       93 ,       77 ,       10 ,      197 ,       87 ,      136 ,       89 ,      104 ,       65 ,      152 ,       86 ,      127 ,       82 ,       20 ,       28 ,      129 ,      178 ,       32 ,       67 ,       74 ,      190 ,      159 ,       58 ,      105 ,      195 ,       61 ,      138 ,      131 ,        8 ,      140 ,       39 ,      112 ,       99 ,      154 ,       71 ,      175 ,        7 ,      193 ,       79 ,      156 ,      102 ,      162 ,       23 ,       14 ,      161 ,       46 ,       66 ,       37 ,       78 ,       31 ,      163 ,       24 ,      110 ,      194 ,      133 ,      169 ,      183 ,      165 ,       94 ,      150 ,      196 ,      174 ,       47 ,      179 ,       48 ,       85 ,      157 ,        2 ,      144 ,       59 ,      128 ,      188 ,       43 ,       98 ,      117 ,      113 ,      176 ,      149 ,      184 ,      199 ,       45 ,      170 ,       97 ,       60 ,      132 ,      146 ,       15 ,       96 ,      167 ,       34 ,       13 ,      164 ,      108 ,      166 ,      118 ,       76 ,        1 ,      171 ,      153 ,      125 ,      109 ,      198 ,       51 ,       18 ,       40 ,       68 ,      177 , 
     160 ,      143 ,      187 ,        5 ,       17 ,       21 ,       95 ,      192 ,       57 ,       53 ,       64 ,       69 ,       25 ,      151 ,       84 ,       72 ,       35 ,      107 ,      158 ,       12 ,        6 ,      120 ,      111 ,       88 ,       49 ,       75 ,      121 ,      173 ,       11 ,       54 ,      148 ,      189 ,      185 ,      181 ,      139 ,      114 ,       50 ,      137 ,       41 ,      119 ,       90 ,        9 ,       26 ,      130 ,       30 ,      142 ,      106 ,       29 ,      126 ,      172 ,       38 ,       83 ,       92 ,       55 ,      103 ,      124 ,      182 ,       16 ,      180 ,       62 ,      101 ,       33 ,      115 ,        4 ,      145 ,      100 ,       73 ,       80 ,      186 ,      191 ,       19 ,       44 ,      147 ,      134 ,       42 ,      141 ,       27 ,        0 ,        3 ,       52 ,       63 ,      123 ,       56 ,      155 ,       22 ,      122 ,       81 ,       36 ,       91 ,      116 ,      135 ,       70 ,       93 ,      168 ,       10 ,       77 ,       87 ,      136 ,       89 ,      197 ,      104 ,       65 ,      152 ,      127 ,       82 ,       20 ,       86 ,      178 ,      129 ,       32 ,       28 ,      190 ,       67 ,       58 ,      159 ,       74 ,      105 ,      195 ,       61 ,        8 ,      131 ,      138 ,      140 ,       39 ,      112 ,       99 ,      154 ,       71 ,      175 ,       79 ,        7 ,      156 ,      193 ,      102 ,       23 ,       14 ,      162 ,       46 ,       37 ,      161 ,       66 ,       31 ,      163 ,       78 ,       24 ,      194 ,      169 ,      133 ,      110 ,      183 ,      150 ,      196 ,       94 ,      165 ,       47 ,      174 ,      179 ,       85 ,       48 ,      144 ,       59 ,      157 ,        2 ,      188 ,       43 ,       98 ,      128 ,      113 ,      176 ,      117 ,      199 ,      184 ,      149 ,       45 ,       97 ,      132 ,       60 ,      170 ,       15 ,      146 ,       96 ,      167 ,      164 ,       13 ,       34 ,      108 ,        1 ,      118 ,      166 ,      171 ,       76 ,      125 ,      109 ,      153 ,       51 ,      198 ,       18 ,       68 ,       40 ,      177 , 
     160 ,      187 ,      143 ,        5 ,       17 ,       21 ,       95 ,      192 ,       64 ,       57 ,       69 ,       53 ,      151 ,       84 ,       25 ,       35 ,      107 ,      158 ,       72 ,       12 ,        6 ,      120 ,      111 ,       49 ,      121 ,       88 ,       11 ,       75 ,      173 ,       54 ,      189 ,      148 ,      185 ,      181 ,      139 ,      114 ,       41 ,      137 ,       50 ,      119 ,       90 ,        9 ,       26 ,      142 ,      106 ,      130 ,       30 ,      126 ,      172 ,       29 ,       83 ,       55 ,       38 ,       92 ,      182 ,      124 ,      180 ,      103 ,      101 ,       62 ,       16 ,       33 ,      145 ,      115 ,        4 ,       73 ,      100 ,      186 ,       44 ,      191 ,       80 ,      147 ,       19 ,      141 ,       27 ,      134 ,       42 ,        0 ,       52 ,       63 ,        3 ,      123 ,       22 ,       56 ,      155 ,       81 ,       36 ,      116 ,      122 ,       91 ,       70 ,       93 ,      135 ,       77 ,      168 ,       87 ,       10 ,      136 ,      197 ,       89 ,       65 ,      127 ,      104 ,       20 ,      152 ,      178 ,       82 ,       86 ,       32 ,       28 ,      129 ,      190 ,      159 ,       67 ,       58 ,      105 ,       61 ,        8 ,      195 ,       74 ,      131 ,      140 ,      138 ,       99 ,      112 ,       39 ,       71 ,      154 ,        7 ,      175 ,       79 ,      156 ,      193 ,       14 ,      102 ,       23 ,       46 ,      161 ,      162 ,       37 ,      163 ,       78 ,       66 ,       31 ,       24 ,      194 ,      110 ,      133 ,      169 ,      183 ,       94 ,      150 ,      196 ,      165 ,      174 ,       47 ,      179 ,      144 ,       48 ,      157 ,       85 ,       59 ,      188 ,        2 ,       43 ,       98 ,      128 ,      176 ,      113 ,      199 ,      184 ,      117 ,      149 ,       97 ,       45 ,      132 ,       60 ,      170 ,       15 ,      167 ,      164 ,      146 ,       96 ,       34 ,      108 ,       13 ,        1 ,      118 ,      166 ,      171 ,       76 ,      125 ,      153 ,      109 ,       51 ,       18 ,      198 ,       68 ,      177 ,       40 , 
     160 ,      187 ,        5 ,       21 ,      143 ,       17 ,       95 ,      192 ,       57 ,       64 ,       53 ,       69 ,       84 ,       35 ,      151 ,       25 ,      158 ,       72 ,        6 ,      107 ,       12 ,       49 ,      120 ,      111 ,       11 ,       88 ,       75 ,       54 ,      121 ,      189 ,      185 ,      173 ,      181 ,      139 ,      148 ,       41 ,      137 ,      114 ,       90 ,       50 ,      119 ,        9 ,       26 ,      106 ,      130 ,      142 ,       30 ,      126 ,      172 ,       29 ,       83 ,       38 ,       55 ,      124 ,       92 ,      182 ,      101 ,      103 ,      180 ,       33 ,      145 ,       62 ,       16 ,        4 ,      115 ,       73 ,      186 ,      191 ,      100 ,       44 ,      147 ,       80 ,      141 ,       27 ,      134 ,       19 ,       42 ,       52 ,       63 ,        0 ,      123 ,       22 ,      155 ,        3 ,       81 ,       36 ,       56 ,      122 ,      116 ,       91 ,       70 ,       77 ,      135 ,       93 ,       10 ,       87 ,      197 ,      168 ,       65 ,      136 ,       89 ,      127 ,       20 ,      152 ,       82 ,      178 ,      104 ,       28 ,      129 ,       86 ,      190 ,       32 ,       58 ,      159 ,       67 ,      105 ,        8 ,      195 ,       74 ,       61 ,      131 ,      140 ,      138 ,       39 ,      112 ,       99 ,      154 ,      175 ,       71 ,        7 ,      193 ,       14 ,       79 ,      102 ,      156 ,      161 ,      162 ,       46 ,       23 ,       37 ,       66 ,      163 ,       78 ,       31 ,      194 ,      110 ,       24 ,      133 ,       94 ,      150 ,      169 ,      183 ,      196 ,      165 ,       47 ,      179 ,      174 ,       48 ,       85 ,      144 ,      157 ,      188 ,        2 ,       59 ,       43 ,       98 ,      113 ,      128 ,      176 ,      199 ,      184 ,      117 ,       45 ,      149 ,      132 ,       97 ,       15 ,       60 ,      167 ,      164 ,      170 ,       34 ,      146 ,       96 ,       13 ,      108 ,        1 ,      118 ,      166 ,      125 ,       76 ,      171 ,      109 ,      153 ,      198 ,       51 ,       18 ,       68 ,       40 ,      177 , 
     160 ,      187 ,        5 ,      143 ,       21 ,       17 ,       95 ,       64 ,      192 ,       57 ,       69 ,       35 ,       53 ,       84 ,       25 ,       72 ,      151 ,        6 ,      158 ,      107 ,       49 ,      111 ,       12 ,      120 ,       88 ,       11 ,       54 ,       75 ,      185 ,      121 ,      181 ,      189 ,      148 ,      173 ,      139 ,       41 ,      137 ,      114 ,       90 ,       50 ,      119 ,        9 ,       26 ,      106 ,      142 ,      126 ,      130 ,       30 ,      172 ,       38 ,       83 ,       29 ,      124 ,       55 ,      182 ,       92 ,      180 ,      101 ,      103 ,      145 ,       33 ,       62 ,       16 ,       73 ,      186 ,      115 ,      191 ,        4 ,      147 ,      100 ,       44 ,      141 ,      134 ,       80 ,       19 ,       27 ,       42 ,        0 ,      123 ,       52 ,      155 ,       63 ,       22 ,       81 ,        3 ,       36 ,       56 ,      116 ,       70 ,      122 ,       77 ,       91 ,       93 ,      135 ,      197 ,       10 ,       87 ,      168 ,       89 ,       65 ,       20 ,      136 ,      127 ,      178 ,      152 ,       82 ,      104 ,       28 ,      129 ,       86 ,      190 ,       58 ,       67 ,       32 ,      105 ,      159 ,       74 ,      195 ,       61 ,        8 ,      131 ,      138 ,       39 ,      140 ,      154 ,      112 ,       71 ,      175 ,       99 ,      193 ,       14 ,        7 ,       79 ,      161 ,      162 ,      102 ,       23 ,      156 ,       37 ,       66 ,       78 ,       46 ,      163 ,       31 ,       24 ,      110 ,      194 ,       94 ,      150 ,      133 ,      169 ,      196 ,      183 ,      179 ,      174 ,       47 ,      165 ,      157 ,       48 ,       85 ,      188 ,       43 ,      144 ,       98 ,        2 ,       59 ,      113 ,      128 ,      176 ,      199 ,      117 ,      184 ,      149 ,      132 ,       45 ,       15 ,       97 ,       60 ,      170 ,      146 ,      164 ,       96 ,       34 ,       13 ,      108 ,      167 ,        1 ,      166 ,      125 ,       76 ,      171 ,      118 ,      198 ,      153 ,      109 ,       51 ,       18 ,       68 ,       40 ,      177 , 
       5 ,      160 ,      187 ,      143 ,       17 ,       21 ,       95 ,      192 ,       64 ,       69 ,       57 ,       35 ,       84 ,       53 ,       72 ,       25 ,      151 ,      107 ,        6 ,      158 ,       12 ,       49 ,      111 ,      120 ,       88 ,       54 ,      185 ,       75 ,      181 ,      121 ,       11 ,      148 ,      189 ,      139 ,       41 ,      173 ,      137 ,       90 ,      114 ,       50 ,      119 ,        9 ,       26 ,      106 ,      130 ,      142 ,      126 ,       30 ,       38 ,      172 ,      124 ,       29 ,       55 ,       83 ,      182 ,      180 ,       92 ,      145 ,      103 ,       16 ,      101 ,       62 ,       33 ,      186 ,       73 ,        4 ,      115 ,      191 ,      100 ,      147 ,       44 ,      141 ,       19 ,      134 ,       42 ,       27 ,       80 ,       52 ,      123 ,        0 ,       63 ,       22 ,        3 ,       36 ,      155 ,       81 ,      116 ,       70 ,       56 ,      122 ,       77 ,       91 ,       93 ,      197 ,      135 ,       87 ,      168 ,       10 ,       89 ,       20 ,       65 ,      127 ,      178 ,      152 ,      136 ,      104 ,       82 ,       86 ,      129 ,      190 ,       28 ,       67 ,       32 ,       58 ,      159 ,      105 ,      195 ,       74 ,       61 ,        8 ,      131 ,       39 ,      138 ,       71 ,      140 ,      112 ,      154 ,       99 ,      193 ,        7 ,      175 ,       79 ,      162 ,       14 ,      161 ,      156 ,       23 ,      102 ,       78 ,       66 ,       46 ,       37 ,      163 ,       24 ,      110 ,       31 ,      194 ,      133 ,      169 ,      150 ,       94 ,      196 ,      183 ,      179 ,       47 ,      165 ,      174 ,      157 ,       85 ,       48 ,      188 ,       98 ,        2 ,       43 ,       59 ,      144 ,      176 ,      113 ,      199 ,      117 ,      128 ,      184 ,      149 ,      132 ,       15 ,       45 ,       60 ,      170 ,      164 ,       97 ,      146 ,       34 ,       96 ,       13 ,        1 ,      108 ,      167 ,      166 ,      125 ,      171 ,      198 ,      118 ,       76 ,       51 ,      109 ,      153 ,       40 ,       18 ,       68 ,      177 , 
