1365 , 200 , 10 , 17448 , IG
     144 ,       82 ,      124 ,      103 ,       74 ,       57 ,      153 ,      130 ,      176 ,        0 ,      127 ,       48 ,      165 ,       84 ,      152 ,      138 ,       79 ,       78 ,       90 ,       12 ,      187 ,       69 ,       81 ,        1 ,      139 ,       65 ,       85 ,      178 ,      197 ,      118 ,       36 ,      199 ,      154 ,      116 ,       70 ,       38 ,       60 ,       59 ,      167 ,       41 ,       97 ,      123 ,      141 ,       63 ,      110 ,      132 ,      186 ,      100 ,       56 ,       66 ,      126 ,       47 ,      191 ,      131 ,       76 ,        6 ,      148 ,      180 ,      164 ,       15 ,       35 ,      181 ,       24 ,       32 ,       51 ,       88 ,       45 ,      129 ,       18 ,      145 ,      122 ,       13 ,      171 ,      177 ,       26 ,      188 ,      157 ,      196 ,      194 ,       80 ,       33 ,       25 ,       64 ,      109 ,       31 ,      135 ,       92 ,       14 ,       91 ,       42 ,      119 ,       44 ,       96 ,      113 ,       19 ,      137 ,      151 ,      140 ,       21 ,      193 ,        5 ,      142 ,       30 ,       86 ,       89 ,      146 ,      155 ,       40 ,      166 ,      133 ,       87 ,      104 ,        4 ,       28 ,       61 ,       94 ,      150 ,       50 ,      168 ,      136 ,      170 ,      114 ,        7 ,      107 ,      198 ,      156 ,       98 ,      172 ,       77 ,      189 ,      161 ,       55 ,       68 ,       16 ,      160 ,      120 ,      112 ,      147 ,       29 ,       58 ,      163 ,      159 ,       27 ,       75 ,       95 ,       62 ,       20 ,       22 ,       71 ,       43 ,      183 ,      184 ,       46 ,      182 ,       72 ,       53 ,       39 ,       10 ,        8 ,      102 ,       67 ,       34 ,       93 ,       52 ,        2 ,        9 ,      121 ,      175 ,      128 ,       17 ,       11 ,       83 ,       54 ,      108 ,      105 ,      192 ,      106 ,      134 ,      125 ,      115 ,      169 ,      179 ,      149 ,      117 ,      143 ,      111 ,      162 ,      174 ,      158 ,       73 ,        3 ,      101 ,      173 ,       23 ,       37 ,      185 ,      195 ,      190 ,       49 ,       99 , 
     124 ,      144 ,       82 ,      103 ,       74 ,       57 ,      153 ,      127 ,      165 ,      130 ,        0 ,      138 ,       84 ,      176 ,      152 ,       48 ,       78 ,       69 ,       81 ,       90 ,      187 ,       79 ,       85 ,       12 ,      197 ,      118 ,        1 ,       65 ,      139 ,      116 ,      178 ,      199 ,      154 ,       36 ,       59 ,       70 ,       97 ,       38 ,      167 ,      123 ,       60 ,      141 ,       41 ,      110 ,      186 ,      100 ,       63 ,       56 ,       47 ,      132 ,      191 ,       66 ,        6 ,      148 ,       76 ,      180 ,       35 ,      126 ,      131 ,       32 ,      181 ,      164 ,       51 ,       15 ,       24 ,       45 ,       88 ,       13 ,      145 ,      129 ,       18 ,      122 ,      177 ,      188 ,      157 ,       80 ,       26 ,       25 ,      171 ,       64 ,      194 ,       33 ,       92 ,      196 ,       91 ,      135 ,      119 ,       44 ,       31 ,      109 ,       42 ,      193 ,       19 ,      113 ,      151 ,       14 ,      140 ,       96 ,      142 ,        5 ,       30 ,      137 ,       89 ,       40 ,       21 ,       86 ,      155 ,       87 ,        4 ,      146 ,      166 ,      133 ,      150 ,      104 ,       50 ,      136 ,       28 ,       61 ,       94 ,        7 ,      168 ,      107 ,      114 ,      170 ,      198 ,       98 ,      161 ,      172 ,      156 ,      189 ,      160 ,      120 ,       55 ,       68 ,      112 ,       77 ,      147 ,      163 ,       16 ,       29 ,       58 ,      159 ,       62 ,       20 ,       27 ,       75 ,       95 ,       22 ,       71 ,       46 ,       43 ,      183 ,      184 ,       39 ,      182 ,       53 ,       10 ,       34 ,      102 ,       72 ,       52 ,       67 ,      121 ,       93 ,        8 ,        9 ,      128 ,       83 ,        2 ,       11 ,      175 ,       17 ,       54 ,      106 ,      125 ,      115 ,      192 ,      105 ,      134 ,      108 ,      179 ,      149 ,      169 ,      111 ,      162 ,      117 ,      143 ,       73 ,      174 ,        3 ,       23 ,       37 ,      158 ,      190 ,      185 ,      173 ,       49 ,      101 ,      195 ,       99 , 
     124 ,       74 ,      103 ,      144 ,      153 ,       82 ,       57 ,      130 ,        0 ,      127 ,      165 ,       48 ,      152 ,      138 ,       69 ,      176 ,       84 ,       90 ,      187 ,       79 ,      197 ,       78 ,       81 ,      118 ,       12 ,       85 ,      139 ,      178 ,        1 ,       65 ,      116 ,      154 ,       97 ,      199 ,       36 ,       38 ,       60 ,       59 ,       70 ,      167 ,      123 ,      186 ,      110 ,       63 ,       41 ,      141 ,      100 ,      191 ,       56 ,      132 ,       47 ,       66 ,      180 ,       35 ,      148 ,       76 ,      126 ,        6 ,       32 ,      181 ,      131 ,       15 ,       51 ,      164 ,       88 ,       24 ,       45 ,      122 ,      129 ,       13 ,      145 ,      188 ,       18 ,      177 ,       26 ,      157 ,      171 ,       80 ,       25 ,       33 ,       92 ,      196 ,       64 ,      194 ,      135 ,      109 ,       44 ,       91 ,       31 ,      119 ,       19 ,      151 ,      113 ,      193 ,       96 ,       14 ,        5 ,       42 ,      137 ,       30 ,      142 ,      140 ,       89 ,       86 ,       87 ,        4 ,      166 ,       40 ,      150 ,      133 ,      155 ,       21 ,       50 ,      146 ,      104 ,      136 ,      168 ,       94 ,      107 ,      114 ,       28 ,       61 ,      170 ,      198 ,       98 ,        7 ,      161 ,      160 ,       55 ,      172 ,      156 ,       68 ,      189 ,      112 ,      120 ,      163 ,       58 ,      147 ,       77 ,      159 ,       62 ,       29 ,       16 ,       95 ,       75 ,       20 ,       27 ,      183 ,       22 ,       71 ,       46 ,      182 ,      184 ,       39 ,       43 ,       34 ,       10 ,       72 ,       53 ,      121 ,      102 ,       93 ,       52 ,       83 ,       67 ,        9 ,       11 ,        8 ,      175 ,       17 ,        2 ,      115 ,      128 ,      192 ,      106 ,      134 ,      125 ,      108 ,      105 ,      179 ,       54 ,      111 ,        3 ,      169 ,      149 ,      117 ,      174 ,       23 ,      162 ,       73 ,      185 ,      143 ,       49 ,      158 ,      173 ,      190 ,       37 ,      101 ,      195 ,       99 , 
      74 ,      103 ,       82 ,      124 ,      130 ,      144 ,      153 ,       57 ,      165 ,      127 ,        0 ,      152 ,       48 ,       84 ,       90 ,       69 ,      138 ,       78 ,      176 ,      187 ,       12 ,      197 ,       81 ,       85 ,      118 ,       79 ,       65 ,      154 ,        1 ,      178 ,      139 ,       97 ,      116 ,      199 ,       38 ,       59 ,      123 ,       36 ,       60 ,       70 ,       63 ,      167 ,      141 ,      100 ,      186 ,       41 ,      110 ,       56 ,      191 ,      180 ,       47 ,       35 ,      132 ,       66 ,      126 ,        6 ,       76 ,      148 ,      181 ,      131 ,       15 ,       32 ,      164 ,       51 ,       88 ,       24 ,      122 ,      129 ,       45 ,      188 ,       13 ,      157 ,      177 ,       26 ,      145 ,       80 ,       18 ,       33 ,       64 ,       25 ,      194 ,      135 ,      171 ,      196 ,       44 ,       92 ,      119 ,      109 ,       19 ,      151 ,       91 ,      113 ,       31 ,       14 ,       42 ,      193 ,      137 ,       30 ,       89 ,        5 ,       96 ,       87 ,      142 ,       86 ,        4 ,      166 ,      140 ,      133 ,      150 ,       50 ,       21 ,       40 ,      168 ,      155 ,      136 ,      104 ,      146 ,      114 ,       61 ,       94 ,       98 ,      107 ,      161 ,       28 ,      160 ,      198 ,       55 ,        7 ,      170 ,      172 ,      156 ,       68 ,      120 ,      189 ,      112 ,      163 ,      147 ,       58 ,       16 ,       77 ,       75 ,       29 ,       20 ,      159 ,       22 ,       62 ,       71 ,      183 ,       46 ,       95 ,       43 ,       27 ,      184 ,      182 ,       39 ,       34 ,      121 ,       93 ,      102 ,       53 ,       72 ,       10 ,        9 ,       11 ,        8 ,       17 ,       52 ,       67 ,       83 ,      128 ,      175 ,      115 ,      134 ,      125 ,      106 ,        2 ,      108 ,      179 ,      192 ,      169 ,       54 ,        3 ,      105 ,      149 ,      111 ,      174 ,      162 ,       73 ,      117 ,      158 ,       23 ,      143 ,       49 ,      185 ,      190 ,      173 ,      101 ,      195 ,       37 ,       99 , 
      74 ,      103 ,      124 ,       57 ,      153 ,       82 ,        0 ,      130 ,      144 ,       48 ,       84 ,      165 ,      152 ,       90 ,      127 ,      138 ,       78 ,       69 ,      197 ,       85 ,       12 ,      176 ,      187 ,       81 ,       79 ,      154 ,       65 ,        1 ,      118 ,      178 ,       97 ,      139 ,      116 ,      199 ,       38 ,       36 ,      123 ,      167 ,       59 ,      100 ,       60 ,       70 ,       63 ,      141 ,      186 ,       41 ,      191 ,      110 ,      180 ,       56 ,      126 ,      132 ,       47 ,       76 ,       66 ,        6 ,       15 ,       35 ,      131 ,      181 ,       51 ,      148 ,      164 ,       24 ,      122 ,       32 ,       88 ,      188 ,       45 ,      129 ,       13 ,       26 ,      157 ,      177 ,       33 ,       25 ,      145 ,       80 ,       64 ,       18 ,      194 ,       44 ,       92 ,      171 ,      119 ,      151 ,      135 ,      196 ,       91 ,       31 ,      109 ,       19 ,      193 ,      113 ,       14 ,       42 ,        5 ,       89 ,      137 ,       86 ,       30 ,       87 ,       96 ,      142 ,      133 ,      166 ,        4 ,      140 ,       50 ,      150 ,       40 ,      155 ,      168 ,      104 ,      146 ,       21 ,      136 ,       61 ,       98 ,      161 ,       94 ,      114 ,      107 ,       28 ,      198 ,        7 ,       55 ,      170 ,      160 ,      120 ,       68 ,      189 ,      156 ,      172 ,      163 ,      112 ,      147 ,       75 ,       77 ,       58 ,       20 ,       16 ,       71 ,      183 ,       29 ,       46 ,       62 ,       22 ,      159 ,       27 ,      184 ,      182 ,      121 ,       95 ,       34 ,       39 ,       43 ,       53 ,       72 ,        9 ,       93 ,      102 ,       17 ,        8 ,       11 ,       10 ,       83 ,       67 ,       52 ,      134 ,      175 ,      128 ,      115 ,      179 ,      125 ,      108 ,      169 ,      106 ,       54 ,        2 ,      111 ,      192 ,      105 ,        3 ,      174 ,      117 ,      149 ,       23 ,       73 ,      162 ,      190 ,      158 ,      173 ,      143 ,      185 ,       49 ,       99 ,      101 ,      195 ,       37 , 
     103 ,       74 ,       57 ,      153 ,      124 ,       82 ,      130 ,      144 ,      165 ,       84 ,        0 ,       48 ,       90 ,      138 ,      127 ,       78 ,      152 ,      176 ,       69 ,      197 ,       85 ,       12 ,      187 ,        1 ,       81 ,      154 ,       79 ,      139 ,      118 ,       65 ,       97 ,      178 ,      199 ,      123 ,      167 ,      116 ,      100 ,       38 ,       36 ,       60 ,      186 ,       70 ,       59 ,      141 ,       63 ,      110 ,      126 ,      191 ,      180 ,       41 ,       66 ,       76 ,      132 ,       35 ,       47 ,       56 ,      131 ,        6 ,       51 ,      164 ,       15 ,       24 ,       32 ,      148 ,      122 ,      181 ,      129 ,       45 ,      188 ,       88 ,       26 ,       13 ,      177 ,      145 ,      157 ,       64 ,       18 ,       33 ,       92 ,       44 ,       25 ,       80 ,      194 ,      171 ,       91 ,      196 ,      119 ,      135 ,      151 ,      109 ,      113 ,      193 ,       19 ,       31 ,       42 ,       14 ,      137 ,       89 ,       87 ,        5 ,       30 ,       96 ,       86 ,      142 ,        4 ,      166 ,      133 ,      140 ,       50 ,      155 ,      150 ,      146 ,       40 ,      136 ,       21 ,       98 ,      168 ,      161 ,      104 ,      107 ,       28 ,       94 ,       61 ,      114 ,       55 ,      198 ,        7 ,      160 ,      156 ,      120 ,      170 ,      172 ,      163 ,      189 ,       68 ,      112 ,       77 ,       16 ,       20 ,       71 ,       75 ,      147 ,       58 ,       22 ,      159 ,       46 ,      183 ,       29 ,       62 ,      184 ,       27 ,       95 ,      182 ,       34 ,      121 ,       39 ,       53 ,       93 ,       43 ,        9 ,      102 ,       17 ,       72 ,       83 ,       10 ,       52 ,        8 ,      175 ,       11 ,      115 ,       67 ,      134 ,      128 ,      179 ,      106 ,      125 ,      108 ,      169 ,      111 ,        3 ,      174 ,       54 ,      149 ,        2 ,      105 ,      192 ,      117 ,      158 ,       73 ,       23 ,      143 ,      173 ,      162 ,      101 ,      190 ,       99 ,      185 ,      195 ,       49 ,       37 , 
     153 ,       57 ,      103 ,       74 ,      144 ,      130 ,      165 ,        0 ,       82 ,      124 ,       84 ,       48 ,       90 ,      138 ,       78 ,      127 ,      152 ,      176 ,       12 ,       85 ,       69 ,      187 ,      197 ,        1 ,      154 ,       81 ,       97 ,      139 ,       79 ,      118 ,      199 ,       65 ,      123 ,      178 ,      167 ,       38 ,      100 ,       60 ,      116 ,       36 ,      186 ,      141 ,       70 ,       59 ,       63 ,      191 ,      126 ,      180 ,      110 ,       41 ,       76 ,       66 ,      132 ,       35 ,      131 ,       56 ,       47 ,       51 ,      164 ,       24 ,      122 ,        6 ,       15 ,       45 ,      181 ,       32 ,      129 ,      148 ,       88 ,      177 ,      188 ,      157 ,       13 ,       26 ,       64 ,       18 ,       33 ,      145 ,       44 ,       92 ,       25 ,       91 ,       80 ,      194 ,      119 ,      171 ,      196 ,      109 ,      151 ,       19 ,      113 ,      135 ,      193 ,       89 ,       42 ,        5 ,       31 ,       14 ,       86 ,      137 ,      142 ,       30 ,       87 ,       96 ,      133 ,      155 ,      140 ,        4 ,      166 ,       50 ,       21 ,       40 ,      136 ,       98 ,      150 ,      146 ,       28 ,      107 ,      168 ,       94 ,      161 ,      104 ,       55 ,       61 ,      114 ,      198 ,      160 ,        7 ,      156 ,      170 ,      120 ,      163 ,      112 ,      172 ,      189 ,       71 ,       75 ,      147 ,       16 ,       77 ,       68 ,       58 ,       20 ,       22 ,      159 ,       29 ,      183 ,      184 ,       46 ,       34 ,      121 ,       95 ,       62 ,      182 ,       27 ,       43 ,        9 ,       39 ,       53 ,      102 ,       17 ,       72 ,       93 ,       52 ,       10 ,       83 ,        8 ,      134 ,      175 ,       67 ,       11 ,      179 ,      115 ,      128 ,      106 ,      111 ,      174 ,      108 ,      169 ,      125 ,       54 ,        2 ,      149 ,        3 ,      158 ,      105 ,       23 ,       73 ,      162 ,      192 ,      117 ,      173 ,      190 ,      143 ,      101 ,       49 ,       99 ,      185 ,      195 ,       37 , 
     153 ,      103 ,       74 ,       57 ,      144 ,       82 ,        0 ,      165 ,      130 ,      124 ,       90 ,       84 ,      127 ,      152 ,      138 ,      176 ,       48 ,       69 ,       78 ,       85 ,       12 ,      187 ,        1 ,       81 ,      197 ,      118 ,       97 ,      154 ,       65 ,      199 ,       79 ,       38 ,      167 ,      139 ,      178 ,      123 ,      100 ,      186 ,       60 ,       36 ,      116 ,      191 ,      141 ,       59 ,       63 ,      126 ,       70 ,       41 ,      180 ,      110 ,      132 ,       76 ,       35 ,      131 ,       66 ,       56 ,      164 ,       47 ,      122 ,       45 ,       24 ,       51 ,        6 ,       15 ,      181 ,      129 ,      148 ,      157 ,       32 ,       13 ,       26 ,      188 ,       88 ,       18 ,      177 ,       64 ,       92 ,       33 ,      145 ,       25 ,       44 ,       91 ,       80 ,      194 ,      151 ,      109 ,      119 ,       19 ,      113 ,      193 ,      196 ,       42 ,      135 ,      171 ,        5 ,       89 ,       14 ,       31 ,       86 ,      137 ,      142 ,       87 ,      133 ,      155 ,        4 ,       30 ,       21 ,       96 ,      140 ,       40 ,       50 ,      166 ,       98 ,      150 ,      136 ,      107 ,      168 ,       28 ,      146 ,       94 ,      104 ,       55 ,      161 ,      114 ,      156 ,      160 ,      120 ,      170 ,       61 ,      198 ,        7 ,      163 ,      112 ,      172 ,       75 ,      189 ,       16 ,       71 ,       77 ,       22 ,       58 ,      147 ,       20 ,       29 ,       68 ,       34 ,       46 ,      159 ,      121 ,      182 ,       95 ,      183 ,      184 ,       43 ,       39 ,       62 ,       27 ,      102 ,       72 ,       93 ,        9 ,       53 ,        8 ,       10 ,       52 ,      134 ,       17 ,       83 ,       67 ,       11 ,      179 ,      175 ,      115 ,      111 ,      128 ,      106 ,      108 ,      125 ,      149 ,      174 ,       54 ,        3 ,      158 ,      169 ,       73 ,        2 ,       23 ,      105 ,      173 ,      192 ,      101 ,      190 ,      162 ,      117 ,      143 ,       49 ,       99 ,      185 ,      195 ,       37 , 
     153 ,      103 ,       74 ,       57 ,      144 ,       82 ,        0 ,      130 ,      165 ,      127 ,      124 ,       90 ,      138 ,       84 ,      152 ,       48 ,       85 ,       69 ,      176 ,       12 ,      187 ,       78 ,        1 ,      197 ,       81 ,       65 ,       97 ,      154 ,       79 ,      199 ,      118 ,      167 ,       38 ,      186 ,      139 ,      123 ,       60 ,      100 ,      178 ,       36 ,      191 ,      116 ,      141 ,       63 ,       59 ,      180 ,      110 ,      126 ,       41 ,       70 ,       35 ,      132 ,       76 ,       56 ,       66 ,      131 ,       47 ,       24 ,       45 ,       51 ,      164 ,      122 ,      181 ,      157 ,       15 ,        6 ,       32 ,       13 ,      129 ,       26 ,       88 ,      148 ,       64 ,      177 ,       18 ,       33 ,      188 ,       92 ,      145 ,       44 ,       25 ,      194 ,      151 ,      119 ,       91 ,      193 ,       80 ,      109 ,      113 ,      196 ,       42 ,       19 ,       89 ,       31 ,      171 ,        5 ,      135 ,       14 ,       87 ,      133 ,      137 ,       86 ,      142 ,        4 ,       30 ,      155 ,      140 ,       50 ,       21 ,       98 ,       40 ,      150 ,       96 ,      168 ,      166 ,      107 ,      136 ,      146 ,      104 ,       28 ,      114 ,       55 ,       94 ,      160 ,      161 ,      120 ,      170 ,      198 ,        7 ,      163 ,      156 ,      112 ,       61 ,      189 ,      172 ,       22 ,       16 ,       58 ,       71 ,       75 ,       20 ,       77 ,      147 ,       29 ,       68 ,       34 ,       95 ,      182 ,      159 ,       46 ,       39 ,       43 ,      121 ,       27 ,      184 ,      183 ,       72 ,        9 ,       93 ,        8 ,       62 ,      102 ,       53 ,      134 ,       10 ,       17 ,       52 ,       11 ,       83 ,      111 ,       67 ,      115 ,      179 ,      128 ,      175 ,      125 ,      106 ,       54 ,      149 ,      174 ,      108 ,      158 ,        3 ,      105 ,       73 ,      169 ,        2 ,      192 ,       23 ,      117 ,      173 ,       49 ,      190 ,      101 ,       99 ,      162 ,      185 ,      143 ,      195 ,       37 , 
     103 ,       57 ,      153 ,       74 ,       82 ,      144 ,        0 ,      165 ,      130 ,      127 ,       90 ,      124 ,      152 ,       85 ,       84 ,      176 ,      138 ,       69 ,       48 ,       78 ,       12 ,        1 ,      197 ,      187 ,       79 ,       65 ,      199 ,       97 ,       81 ,      154 ,       38 ,      118 ,       60 ,      167 ,      123 ,      186 ,      100 ,      116 ,      191 ,      139 ,       36 ,      180 ,      178 ,       59 ,      141 ,       70 ,      110 ,       41 ,       63 ,      126 ,       35 ,       76 ,       56 ,      132 ,       66 ,      131 ,       47 ,       51 ,       24 ,      164 ,      181 ,       45 ,       15 ,      122 ,       13 ,       32 ,      129 ,       26 ,      157 ,        6 ,       64 ,       33 ,       18 ,      188 ,      148 ,       88 ,      177 ,      145 ,       25 ,       92 ,      119 ,       44 ,      194 ,       91 ,      151 ,      113 ,      196 ,      109 ,      193 ,       42 ,      171 ,       80 ,       89 ,       31 ,       19 ,        5 ,      135 ,       14 ,       87 ,      133 ,       86 ,       30 ,      142 ,      137 ,        4 ,      155 ,       50 ,       40 ,      140 ,      168 ,       21 ,      107 ,       98 ,      150 ,       96 ,      136 ,      104 ,      166 ,       55 ,      146 ,       28 ,       94 ,      114 ,      161 ,      170 ,      160 ,      120 ,      163 ,        7 ,      198 ,       61 ,      112 ,      172 ,      156 ,       58 ,      189 ,       75 ,       16 ,       22 ,       71 ,      147 ,       68 ,       20 ,       77 ,       95 ,      182 ,       29 ,       34 ,      159 ,       39 ,       46 ,      183 ,      184 ,       27 ,       43 ,        9 ,      121 ,      102 ,       62 ,       72 ,       93 ,       53 ,       17 ,        8 ,       83 ,       10 ,      134 ,      111 ,      179 ,       52 ,       67 ,       11 ,      115 ,      175 ,      106 ,      125 ,      108 ,      128 ,       54 ,        3 ,      158 ,      149 ,      174 ,      192 ,      105 ,      117 ,      169 ,      173 ,       73 ,       23 ,        2 ,       99 ,      101 ,      185 ,       49 ,      190 ,      162 ,      195 ,      143 ,       37 , 
