862 , 200 , 10 , 86685 , ILST
     141 ,      193 ,       20 ,       33 ,        9 ,       55 ,      199 ,       58 ,        8 ,      162 ,       38 ,      126 ,      170 ,       63 ,       66 ,        7 ,       17 ,      140 ,       83 ,      124 ,      158 ,       70 ,       51 ,      176 ,      183 ,      100 ,      146 ,      117 ,      163 ,      165 ,      132 ,      149 ,       94 ,      188 ,       45 ,      118 ,       42 ,      192 ,      179 ,        6 ,       98 ,      103 ,       92 ,      116 ,       34 ,      144 ,      109 ,      180 ,      178 ,      195 ,       75 ,      159 ,      167 ,       52 ,       88 ,       31 ,       71 ,      190 ,      139 ,      198 ,       76 ,      197 ,       35 ,      112 ,      153 ,      114 ,      138 ,      182 ,      177 ,      111 ,       77 ,       90 ,      184 ,       65 ,       37 ,      156 ,      131 ,        4 ,      185 ,       53 ,      137 ,      133 ,      128 ,       11 ,       43 ,      122 ,        2 ,       99 ,       82 ,      142 ,       60 ,      125 ,       69 ,      106 ,       74 ,       10 ,      121 ,       85 ,       95 ,       46 ,       79 ,        1 ,      151 ,       27 ,       30 ,       64 ,       81 ,       91 ,      120 ,      105 ,       68 ,       13 ,      134 ,       23 ,       80 ,       14 ,      155 ,      169 ,       21 ,       40 ,       78 ,      160 ,      104 ,        3 ,      130 ,      110 ,       96 ,      172 ,      166 ,      174 ,      164 ,       73 ,        0 ,      123 ,      175 ,       41 ,      152 ,      181 ,       54 ,       39 ,       36 ,       15 ,      147 ,       86 ,      107 ,      168 ,       25 ,       16 ,       87 ,       56 ,      135 ,       61 ,      191 ,       12 ,       26 ,      187 ,      194 ,       48 ,      102 ,        5 ,      154 ,      161 ,      127 ,       72 ,       50 ,       93 ,      108 ,       24 ,       57 ,      186 ,       47 ,      119 ,      143 ,       29 ,      189 ,       89 ,      173 ,       19 ,      113 ,       32 ,       59 ,       49 ,       22 ,      145 ,       84 ,       18 ,       67 ,      171 ,       44 ,      129 ,      196 ,      115 ,       62 ,       28 ,      148 ,      150 ,      157 ,      101 ,      136 ,       97 , 
      33 ,        9 ,      193 ,       20 ,      141 ,      162 ,       55 ,       58 ,      199 ,      126 ,       66 ,        8 ,       38 ,       63 ,       17 ,      170 ,      124 ,      140 ,        7 ,      158 ,       83 ,       70 ,       51 ,      176 ,      117 ,      100 ,      163 ,      183 ,      146 ,       94 ,       45 ,      149 ,      165 ,       42 ,      132 ,      192 ,        6 ,      188 ,      179 ,      118 ,       98 ,      116 ,      103 ,       92 ,      180 ,       34 ,       75 ,      159 ,      144 ,      109 ,      178 ,       52 ,      195 ,       88 ,       71 ,      139 ,      167 ,      190 ,       31 ,       76 ,      197 ,      153 ,      198 ,       35 ,      114 ,      112 ,      138 ,       77 ,      111 ,      182 ,      177 ,      184 ,       90 ,       37 ,      131 ,       65 ,      156 ,      185 ,       53 ,        4 ,      137 ,      128 ,       43 ,      133 ,      122 ,       99 ,       11 ,      142 ,        2 ,       82 ,      106 ,       69 ,       60 ,      125 ,       85 ,       10 ,       95 ,       74 ,        1 ,      121 ,       79 ,       46 ,       81 ,      151 ,       27 ,       64 ,       30 ,      105 ,      134 ,       91 ,      120 ,       80 ,       68 ,       13 ,      169 ,      155 ,       40 ,       14 ,       21 ,       23 ,      160 ,      130 ,      104 ,       96 ,        3 ,       78 ,      174 ,      110 ,      172 ,       73 ,      164 ,      166 ,        0 ,      123 ,       54 ,      181 ,       39 ,       41 ,       15 ,      175 ,      147 ,      152 ,       86 ,       36 ,      107 ,       16 ,      135 ,       25 ,      168 ,       87 ,       56 ,      187 ,       26 ,      191 ,       48 ,      102 ,       61 ,       12 ,      154 ,      194 ,       72 ,      127 ,       50 ,        5 ,      161 ,       57 ,       93 ,       24 ,      119 ,      143 ,      108 ,      189 ,       29 ,       47 ,       89 ,      186 ,      173 ,       49 ,       19 ,       22 ,      113 ,      145 ,       59 ,       18 ,       32 ,       44 ,       67 ,      171 ,       84 ,       62 ,      115 ,      129 ,      196 ,      148 ,       28 ,      157 ,      101 ,      136 ,      150 ,       97 , 
       9 ,       33 ,       20 ,       58 ,      141 ,      126 ,      193 ,      199 ,       55 ,      162 ,       66 ,      170 ,        8 ,       17 ,       38 ,       63 ,      158 ,      124 ,        7 ,       51 ,      140 ,       83 ,       70 ,      100 ,      163 ,      176 ,      117 ,      146 ,      149 ,      183 ,      165 ,      132 ,      192 ,       45 ,       94 ,       42 ,      118 ,        6 ,      188 ,      179 ,       98 ,       92 ,      116 ,      180 ,      103 ,      144 ,       75 ,       34 ,      109 ,      178 ,      159 ,       71 ,      195 ,      167 ,      190 ,      139 ,       52 ,       76 ,       88 ,      198 ,       31 ,      153 ,      112 ,      197 ,      138 ,       77 ,       35 ,      114 ,      182 ,      111 ,      184 ,      131 ,       37 ,      177 ,       65 ,       90 ,       53 ,      185 ,        4 ,      133 ,      128 ,      156 ,       99 ,       11 ,       43 ,       82 ,        2 ,      137 ,      122 ,      106 ,      142 ,       85 ,      125 ,       69 ,       10 ,       60 ,       95 ,        1 ,       79 ,       74 ,      121 ,      151 ,       81 ,       46 ,      105 ,       27 ,      120 ,       30 ,       64 ,      134 ,       80 ,       91 ,      155 ,       40 ,       14 ,       13 ,       68 ,      169 ,       23 ,      160 ,      104 ,        3 ,       21 ,       96 ,      130 ,       78 ,      164 ,      174 ,      172 ,      110 ,       73 ,      123 ,      166 ,       54 ,       41 ,        0 ,       39 ,      152 ,      181 ,      147 ,       15 ,      175 ,       36 ,       86 ,      135 ,       87 ,       16 ,      107 ,       26 ,      168 ,       25 ,       56 ,      191 ,       48 ,      187 ,      102 ,       12 ,       72 ,       61 ,      127 ,      194 ,      161 ,      154 ,       24 ,      119 ,       50 ,       93 ,      108 ,      189 ,       57 ,        5 ,       47 ,      173 ,      143 ,       49 ,       29 ,      113 ,      145 ,       89 ,       18 ,      186 ,       32 ,       67 ,       22 ,      129 ,       84 ,      115 ,       59 ,       44 ,       19 ,       62 ,      136 ,      157 ,      171 ,      148 ,      196 ,       97 ,       28 ,      101 ,      150 , 
      20 ,        9 ,       58 ,      141 ,      193 ,       33 ,      126 ,      162 ,      170 ,      199 ,       17 ,       55 ,       66 ,       38 ,        8 ,       63 ,      158 ,      124 ,      140 ,      100 ,        7 ,       51 ,       83 ,       70 ,      149 ,      117 ,      183 ,      163 ,      176 ,      132 ,      146 ,       94 ,      192 ,       45 ,      165 ,        6 ,      188 ,      118 ,       42 ,       98 ,      179 ,      180 ,      116 ,       92 ,      103 ,      144 ,      109 ,       75 ,      178 ,      167 ,       71 ,      159 ,       34 ,      195 ,      139 ,       52 ,      198 ,       76 ,       88 ,      190 ,      153 ,       31 ,      197 ,       77 ,      114 ,      138 ,      112 ,      111 ,       35 ,      177 ,       65 ,      131 ,       37 ,      133 ,       90 ,      184 ,      185 ,       53 ,      182 ,        4 ,       99 ,       11 ,      156 ,       43 ,      128 ,      106 ,       82 ,      142 ,      137 ,        2 ,       60 ,       85 ,      125 ,      122 ,       10 ,       69 ,      151 ,       79 ,       95 ,       74 ,       46 ,      121 ,       27 ,      105 ,       81 ,       64 ,      134 ,       30 ,       80 ,        1 ,      120 ,       91 ,       13 ,       68 ,       40 ,       14 ,      160 ,      155 ,        3 ,      169 ,       96 ,      104 ,      130 ,       23 ,       21 ,      164 ,      172 ,       78 ,      123 ,      110 ,      174 ,       73 ,       54 ,      166 ,       41 ,        0 ,      181 ,      152 ,       39 ,       15 ,      147 ,       86 ,      175 ,       16 ,      135 ,      107 ,       87 ,       36 ,       26 ,      168 ,      191 ,       56 ,       48 ,       25 ,       12 ,      127 ,      187 ,      102 ,      194 ,       72 ,      154 ,      119 ,      161 ,       61 ,       93 ,      108 ,      189 ,       24 ,       50 ,       57 ,      143 ,        5 ,      173 ,       49 ,       47 ,      145 ,       29 ,      186 ,      113 ,       18 ,       89 ,       67 ,       22 ,       32 ,      129 ,       84 ,       19 ,      136 ,       44 ,       59 ,      115 ,      148 ,      157 ,      196 ,       28 ,      101 ,      150 ,       97 ,      171 ,       62 , 
      20 ,       58 ,        9 ,      126 ,       33 ,      141 ,      193 ,      162 ,      199 ,      170 ,       17 ,       55 ,       38 ,       66 ,       63 ,        8 ,      140 ,      100 ,       51 ,      124 ,      158 ,       70 ,        7 ,       83 ,      117 ,      163 ,      132 ,      149 ,      183 ,       94 ,      192 ,      176 ,      146 ,      118 ,      188 ,       42 ,       45 ,      165 ,      179 ,       98 ,        6 ,      180 ,      116 ,      103 ,       92 ,      178 ,       75 ,      109 ,      167 ,      144 ,      159 ,      139 ,      198 ,       52 ,       71 ,       34 ,      195 ,       31 ,      190 ,       76 ,       88 ,      114 ,      153 ,       77 ,      197 ,      112 ,      111 ,       65 ,      131 ,      138 ,      177 ,       35 ,      133 ,      184 ,       37 ,       90 ,       53 ,        4 ,      182 ,      185 ,       99 ,      156 ,       82 ,       11 ,       43 ,      137 ,      128 ,      106 ,      142 ,        2 ,       85 ,       69 ,       60 ,       79 ,      125 ,       10 ,       46 ,      122 ,       95 ,       74 ,      105 ,      151 ,       27 ,      134 ,      121 ,       81 ,       80 ,      120 ,       30 ,       64 ,       13 ,       14 ,       68 ,       40 ,       91 ,        1 ,      155 ,        3 ,      160 ,      169 ,      104 ,       96 ,       21 ,      130 ,       78 ,      110 ,       23 ,      164 ,       73 ,      172 ,      166 ,      123 ,        0 ,       41 ,       39 ,       54 ,      174 ,       15 ,      152 ,       86 ,      181 ,      147 ,       87 ,       16 ,      175 ,      135 ,       36 ,      107 ,       26 ,       48 ,       56 ,      127 ,       12 ,      168 ,      191 ,       72 ,      187 ,      102 ,      194 ,      119 ,       25 ,      108 ,      161 ,      154 ,      189 ,       93 ,       61 ,       50 ,        5 ,      173 ,       47 ,       24 ,      143 ,       57 ,      145 ,       49 ,       29 ,      113 ,      186 ,       32 ,       18 ,       84 ,       89 ,       22 ,       67 ,      129 ,      136 ,       19 ,      148 ,      115 ,       28 ,       44 ,       59 ,      157 ,      196 ,       97 ,       62 ,      150 ,      101 ,      171 , 
      20 ,        9 ,      126 ,       58 ,      162 ,       33 ,      170 ,      141 ,      193 ,       38 ,      199 ,       66 ,       63 ,       17 ,       55 ,      124 ,      140 ,        8 ,       51 ,      100 ,       70 ,        7 ,      158 ,      163 ,      183 ,      117 ,       83 ,      149 ,      132 ,      118 ,       42 ,       94 ,      192 ,      165 ,      176 ,       98 ,      146 ,      188 ,       45 ,      179 ,       92 ,      180 ,       75 ,      116 ,      178 ,      103 ,      167 ,        6 ,      109 ,      144 ,      159 ,      139 ,       52 ,      198 ,       31 ,       34 ,       71 ,      190 ,      153 ,      195 ,      114 ,       77 ,       76 ,       88 ,      111 ,      131 ,      197 ,       65 ,      138 ,      112 ,      133 ,      177 ,       90 ,       35 ,       37 ,      182 ,      184 ,      185 ,        4 ,       53 ,       43 ,       99 ,       11 ,      128 ,      156 ,        2 ,      137 ,      106 ,       82 ,      142 ,       69 ,       60 ,       10 ,       46 ,       79 ,       85 ,       27 ,      125 ,      105 ,      151 ,      122 ,       81 ,       95 ,       80 ,       74 ,      121 ,       13 ,      134 ,       68 ,       14 ,       64 ,      120 ,       30 ,      155 ,       40 ,      160 ,        1 ,       91 ,        3 ,       96 ,      169 ,      130 ,      104 ,       78 ,       23 ,       21 ,       73 ,      166 ,      164 ,        0 ,      110 ,      123 ,       54 ,      172 ,      174 ,       15 ,       39 ,       41 ,       86 ,      181 ,      152 ,       87 ,      107 ,       16 ,       26 ,      135 ,      175 ,       48 ,      147 ,       36 ,       12 ,      127 ,      168 ,       56 ,      191 ,      187 ,      119 ,      194 ,       72 ,      161 ,      102 ,      108 ,       61 ,       25 ,      154 ,      189 ,      173 ,       93 ,       47 ,        5 ,       57 ,       24 ,       49 ,       50 ,      143 ,      145 ,       32 ,       18 ,       29 ,      113 ,       22 ,      186 ,      129 ,       84 ,      148 ,       89 ,      136 ,      115 ,       28 ,       67 ,       19 ,       97 ,      157 ,      150 ,       44 ,       59 ,      196 ,       62 ,      101 ,      171 , 
      20 ,      126 ,        9 ,       58 ,       33 ,      141 ,       38 ,      162 ,       66 ,      170 ,      193 ,       63 ,      199 ,      140 ,       55 ,       51 ,      124 ,        7 ,       17 ,        8 ,      163 ,       70 ,      100 ,      158 ,      183 ,      132 ,       42 ,      117 ,      149 ,       83 ,      176 ,      118 ,       98 ,       94 ,      146 ,      165 ,      192 ,      188 ,       45 ,      179 ,       75 ,      116 ,       92 ,      180 ,      103 ,      178 ,      159 ,      109 ,        6 ,      167 ,      139 ,      144 ,       31 ,       52 ,       71 ,      190 ,      198 ,      153 ,      195 ,       34 ,      111 ,       88 ,      114 ,       77 ,       76 ,       65 ,      112 ,      131 ,      197 ,      138 ,      133 ,      182 ,       35 ,      177 ,       90 ,       53 ,       43 ,       37 ,        4 ,      184 ,       99 ,        2 ,      185 ,       11 ,      156 ,      142 ,      137 ,      128 ,       69 ,       60 ,      106 ,       85 ,       27 ,       10 ,       82 ,       79 ,      151 ,      122 ,      125 ,       46 ,       74 ,      105 ,       95 ,       80 ,      121 ,       68 ,       81 ,       14 ,      134 ,       13 ,       40 ,      120 ,       64 ,      155 ,       30 ,      160 ,      169 ,       96 ,      130 ,      104 ,       23 ,        1 ,       91 ,       21 ,        3 ,       73 ,      164 ,       78 ,      110 ,      166 ,        0 ,      174 ,      123 ,       54 ,       39 ,      172 ,      181 ,       87 ,      152 ,       15 ,       16 ,       86 ,       26 ,      135 ,       41 ,      175 ,      147 ,      107 ,      168 ,       48 ,       36 ,       56 ,      127 ,      191 ,       12 ,      187 ,       72 ,      119 ,      161 ,      194 ,       61 ,      108 ,      154 ,      102 ,       25 ,      173 ,       57 ,      189 ,        5 ,       93 ,       47 ,      145 ,       49 ,       24 ,       18 ,       32 ,      113 ,       29 ,      143 ,       50 ,      129 ,       22 ,      148 ,      136 ,       89 ,       84 ,      186 ,       28 ,       67 ,      115 ,       19 ,       97 ,       59 ,      150 ,       44 ,      157 ,      171 ,      196 ,       62 ,      101 , 
      20 ,        9 ,      126 ,      141 ,       33 ,       58 ,       66 ,      162 ,       38 ,      199 ,      193 ,      170 ,       63 ,       55 ,       51 ,      140 ,      124 ,        7 ,       17 ,        8 ,      163 ,      158 ,      100 ,       70 ,      149 ,       42 ,      176 ,      132 ,      118 ,       94 ,       83 ,      183 ,      146 ,      117 ,      165 ,      188 ,      192 ,       98 ,       45 ,       75 ,       92 ,      116 ,      103 ,      179 ,        6 ,      109 ,      178 ,      159 ,      180 ,      167 ,      139 ,       71 ,      144 ,       52 ,       31 ,      190 ,      195 ,      153 ,      198 ,      114 ,       34 ,       77 ,       65 ,      131 ,      111 ,       88 ,       76 ,      133 ,      112 ,      177 ,      197 ,       90 ,      138 ,       37 ,       43 ,      182 ,      184 ,       35 ,        4 ,       53 ,        2 ,      185 ,      142 ,       99 ,       69 ,       60 ,       11 ,      156 ,      137 ,       10 ,       85 ,      106 ,       82 ,      128 ,       27 ,      125 ,      151 ,      122 ,       46 ,       74 ,       80 ,       79 ,      121 ,      105 ,       81 ,       95 ,       68 ,       14 ,       13 ,       40 ,      155 ,      134 ,      160 ,       30 ,      120 ,       96 ,      169 ,      130 ,       64 ,       23 ,       91 ,       73 ,       21 ,      104 ,      164 ,       78 ,        1 ,      110 ,        3 ,      166 ,      174 ,        0 ,      123 ,       39 ,       54 ,      172 ,      181 ,       26 ,       15 ,       87 ,      152 ,      147 ,      135 ,       86 ,       41 ,       16 ,      107 ,      168 ,      175 ,      127 ,       12 ,       56 ,       48 ,       36 ,      187 ,       72 ,      119 ,      191 ,      194 ,      161 ,      108 ,       61 ,      154 ,      173 ,      102 ,      189 ,       25 ,       93 ,       57 ,       49 ,       18 ,        5 ,      145 ,       32 ,       47 ,       24 ,      113 ,      143 ,       22 ,       29 ,      136 ,       50 ,      129 ,       84 ,      186 ,      148 ,      115 ,       28 ,       89 ,      150 ,       67 ,       19 ,       59 ,      196 ,       97 ,      171 ,       44 ,       62 ,      157 ,      101 , 
      20 ,      141 ,        9 ,      126 ,       58 ,       33 ,       38 ,       66 ,      162 ,      193 ,       55 ,      199 ,      170 ,       63 ,      124 ,       17 ,       51 ,      140 ,        7 ,      158 ,       70 ,      163 ,      100 ,        8 ,      149 ,      118 ,       94 ,       42 ,       83 ,      132 ,      176 ,      183 ,      188 ,      117 ,      165 ,      146 ,      192 ,       45 ,       98 ,      116 ,       92 ,      103 ,      179 ,       75 ,      180 ,      109 ,      167 ,      178 ,        6 ,      159 ,       31 ,       52 ,       71 ,      139 ,      153 ,      144 ,      195 ,      198 ,       34 ,       65 ,      190 ,       77 ,      114 ,      111 ,       88 ,       76 ,      133 ,      131 ,       90 ,      177 ,      112 ,      197 ,      138 ,       35 ,      184 ,        2 ,       53 ,       37 ,       43 ,      182 ,       69 ,        4 ,       99 ,      142 ,      185 ,      137 ,       85 ,       11 ,      156 ,       60 ,       27 ,      125 ,      128 ,       82 ,       10 ,       46 ,       80 ,      106 ,      122 ,      151 ,       74 ,       95 ,      121 ,       81 ,       79 ,       68 ,       40 ,      105 ,       13 ,       14 ,      134 ,      160 ,       30 ,      155 ,      120 ,       64 ,      169 ,       91 ,       96 ,       21 ,       23 ,        1 ,       78 ,      130 ,       73 ,      110 ,        3 ,      104 ,      166 ,      164 ,        0 ,       54 ,      174 ,       39 ,      123 ,      172 ,      181 ,       15 ,      152 ,       26 ,      147 ,       87 ,      107 ,       41 ,      127 ,       16 ,       86 ,      175 ,       12 ,      135 ,       56 ,       36 ,       48 ,      168 ,       72 ,      187 ,      194 ,      161 ,      119 ,      108 ,      191 ,      154 ,       61 ,      102 ,      173 ,       25 ,      189 ,       18 ,       93 ,       49 ,       57 ,       24 ,      145 ,        5 ,      113 ,       47 ,      129 ,      136 ,       29 ,      186 ,       22 ,      143 ,       32 ,       50 ,       84 ,      115 ,       89 ,      148 ,       28 ,       19 ,      150 ,      196 ,       67 ,       59 ,       97 ,      171 ,       62 ,       44 ,      101 ,      157 , 
      20 ,      126 ,        9 ,       58 ,      141 ,       33 ,       66 ,       38 ,      199 ,       55 ,      170 ,      162 ,      193 ,      140 ,      124 ,        7 ,       63 ,      158 ,       17 ,       70 ,       51 ,      149 ,       94 ,      100 ,       83 ,      132 ,        8 ,      118 ,      163 ,      117 ,      176 ,       42 ,      188 ,      183 ,       45 ,      165 ,      146 ,      192 ,      179 ,       98 ,      180 ,      103 ,      116 ,       75 ,      109 ,       92 ,      159 ,       52 ,        6 ,      178 ,      167 ,       71 ,      144 ,      153 ,       31 ,      195 ,      139 ,       77 ,      190 ,       34 ,      198 ,      114 ,       65 ,      111 ,       90 ,      133 ,       76 ,       88 ,      131 ,      177 ,      197 ,       35 ,      112 ,      138 ,       53 ,      184 ,        2 ,       37 ,       43 ,       99 ,        4 ,      185 ,      137 ,       11 ,       85 ,       69 ,      182 ,      142 ,       60 ,      128 ,       10 ,      125 ,       46 ,      156 ,       27 ,       82 ,       74 ,      106 ,       80 ,      121 ,      151 ,      122 ,       79 ,       40 ,       81 ,      105 ,       95 ,       68 ,       13 ,      134 ,       14 ,      160 ,      155 ,       91 ,       30 ,       64 ,       21 ,      169 ,      120 ,       96 ,       78 ,       23 ,        1 ,      104 ,      110 ,      164 ,        3 ,      166 ,       54 ,      130 ,       73 ,       39 ,      181 ,      123 ,      174 ,        0 ,      147 ,      172 ,      152 ,       15 ,       41 ,       87 ,       86 ,       26 ,      107 ,       16 ,      127 ,       56 ,       12 ,      168 ,      175 ,       36 ,      135 ,       72 ,       48 ,      108 ,      194 ,      187 ,      191 ,      119 ,      161 ,      102 ,       61 ,      154 ,      173 ,      189 ,       25 ,       57 ,       93 ,        5 ,       18 ,       24 ,       49 ,       47 ,      145 ,       29 ,      113 ,      186 ,      129 ,      143 ,      136 ,      115 ,       22 ,      148 ,       50 ,       32 ,       89 ,       19 ,       84 ,       28 ,      150 ,       59 ,       67 ,       44 ,      196 ,      171 ,       97 ,      157 ,       62 ,      101 , 
