436 , 150 , 10 , 222146 , IG
     100 ,      147 ,       55 ,       30 ,       72 ,      133 ,      134 ,       49 ,      141 ,        8 ,       95 ,        5 ,       64 ,      116 ,      129 ,       89 ,       54 ,      143 ,      109 ,       36 ,       40 ,       19 ,      115 ,      113 ,       25 ,       53 ,       20 ,      139 ,       76 ,       42 ,      128 ,       41 ,        4 ,      114 ,       31 ,       16 ,       67 ,       13 ,      106 ,        6 ,      126 ,       88 ,      124 ,       52 ,       28 ,       27 ,      107 ,      101 ,       44 ,       62 ,       70 ,      123 ,       93 ,      132 ,      131 ,       57 ,       60 ,       50 ,       85 ,       21 ,       33 ,      118 ,        2 ,       29 ,        0 ,      102 ,       46 ,       78 ,      104 ,       98 ,       87 ,       94 ,       99 ,       97 ,        7 ,       63 ,        3 ,      119 ,       66 ,       22 ,       61 ,       96 ,       12 ,      130 ,       45 ,       56 ,        1 ,       77 ,       75 ,       68 ,       71 ,      117 ,      112 ,       43 ,       82 ,      135 ,      120 ,      127 ,       37 ,       24 ,       51 ,       38 ,      122 ,      108 ,       84 ,       18 ,       69 ,      105 ,       65 ,       17 ,       11 ,      121 ,       91 ,       39 ,       26 ,       80 ,        9 ,       79 ,      145 ,       83 ,       10 ,       90 ,       73 ,       15 ,       34 ,      138 ,      125 ,      144 ,      111 ,       92 ,       86 ,       58 ,       23 ,      137 ,       59 ,       48 ,      103 ,      110 ,      142 ,       81 ,       47 ,       35 ,      140 ,       14 ,      146 ,      136 ,      148 ,      149 ,       74 ,       32 , 
      55 ,      147 ,       72 ,       30 ,      100 ,       49 ,      141 ,      133 ,      134 ,        8 ,        5 ,       64 ,       95 ,      129 ,      116 ,       89 ,       54 ,      143 ,      109 ,       19 ,       36 ,       40 ,       25 ,      113 ,      115 ,       20 ,       76 ,       42 ,      128 ,      139 ,       53 ,        4 ,       41 ,      114 ,       31 ,       67 ,      106 ,       13 ,       16 ,       88 ,      126 ,        6 ,      124 ,       52 ,      107 ,       28 ,      101 ,       27 ,       70 ,       62 ,       44 ,      123 ,      131 ,       93 ,      132 ,       60 ,       50 ,       85 ,       21 ,       33 ,      118 ,       57 ,        0 ,       29 ,      102 ,        2 ,       78 ,       98 ,       87 ,       46 ,      104 ,       99 ,       94 ,       63 ,        7 ,       97 ,        3 ,       66 ,       22 ,       61 ,      119 ,       12 ,      130 ,       45 ,       96 ,        1 ,       75 ,       56 ,       71 ,       68 ,       77 ,      117 ,       43 ,      112 ,       82 ,      120 ,      135 ,       24 ,       37 ,      127 ,      122 ,       38 ,       51 ,       18 ,       69 ,      108 ,       84 ,      105 ,       17 ,       11 ,       65 ,      121 ,       91 ,       80 ,       26 ,        9 ,       79 ,       39 ,      145 ,       10 ,       83 ,       90 ,       34 ,      138 ,      125 ,       15 ,       73 ,      111 ,       92 ,      144 ,       86 ,       58 ,      137 ,       59 ,       23 ,      110 ,      103 ,       48 ,      142 ,       81 ,       35 ,       47 ,      140 ,      136 ,       14 ,      148 ,      149 ,      146 ,       32 ,       74 , 
      72 ,       30 ,      147 ,       55 ,      141 ,      133 ,      100 ,      134 ,       49 ,       64 ,        5 ,        8 ,      129 ,       95 ,      116 ,       54 ,      143 ,      109 ,       89 ,       40 ,       19 ,       25 ,      113 ,       36 ,       76 ,       42 ,       20 ,      115 ,      128 ,      139 ,        4 ,       53 ,       31 ,       41 ,      114 ,      106 ,       16 ,       13 ,       67 ,        6 ,      126 ,       88 ,      124 ,      107 ,       52 ,      101 ,       28 ,       70 ,       62 ,       27 ,      123 ,       44 ,      131 ,       93 ,       50 ,      132 ,       85 ,       57 ,       60 ,      118 ,        0 ,       21 ,       33 ,       29 ,       78 ,      102 ,        2 ,       87 ,       46 ,       98 ,      104 ,       99 ,       94 ,       63 ,        7 ,        3 ,       97 ,       22 ,      119 ,       66 ,       12 ,       61 ,       45 ,        1 ,       96 ,      130 ,       75 ,       56 ,       77 ,       71 ,       68 ,      112 ,      117 ,       82 ,      135 ,       43 ,      120 ,       24 ,      127 ,       38 ,       51 ,       37 ,      122 ,       69 ,       84 ,       18 ,      108 ,      105 ,       11 ,       65 ,       17 ,       91 ,      121 ,       80 ,       26 ,        9 ,       79 ,       39 ,       83 ,      145 ,       10 ,      138 ,       90 ,      125 ,       73 ,       34 ,       15 ,       92 ,      111 ,       58 ,      144 ,      137 ,       86 ,       23 ,       59 ,      103 ,       48 ,      110 ,       47 ,       35 ,      140 ,      142 ,       81 ,       14 ,      136 ,      148 ,      146 ,      149 ,       74 ,       32 , 
      72 ,       30 ,       55 ,      147 ,      100 ,      141 ,      134 ,      133 ,       49 ,        5 ,      129 ,       64 ,       95 ,        8 ,      116 ,      143 ,      109 ,       54 ,       40 ,       89 ,       19 ,      113 ,       25 ,       76 ,       36 ,      115 ,       42 ,       20 ,      128 ,      139 ,        4 ,       53 ,       31 ,       41 ,      114 ,       16 ,       67 ,      106 ,      126 ,       13 ,        6 ,      107 ,       52 ,       88 ,      124 ,      101 ,       70 ,       62 ,       28 ,       44 ,       27 ,      131 ,      123 ,       93 ,       50 ,       85 ,       60 ,      132 ,      118 ,        0 ,       57 ,       21 ,       33 ,       29 ,       78 ,      102 ,       46 ,       98 ,        2 ,      104 ,       87 ,       94 ,       99 ,        7 ,       63 ,        3 ,       97 ,       22 ,       12 ,      119 ,       61 ,       66 ,       45 ,      130 ,       75 ,        1 ,       96 ,       77 ,       56 ,      112 ,      117 ,       71 ,       68 ,      135 ,       43 ,      120 ,       82 ,       24 ,      127 ,       37 ,       51 ,       38 ,      122 ,       69 ,       84 ,      108 ,      105 ,       18 ,       11 ,       17 ,       65 ,      121 ,       80 ,       26 ,       91 ,        9 ,       79 ,       39 ,       83 ,      138 ,      145 ,       10 ,      125 ,       90 ,       34 ,       92 ,       15 ,       73 ,      111 ,      137 ,       58 ,      144 ,       59 ,      103 ,       23 ,       86 ,       48 ,      110 ,       35 ,      140 ,       47 ,      142 ,      136 ,       14 ,       81 ,      148 ,      146 ,       32 ,      149 ,       74 , 
      72 ,       30 ,       55 ,      100 ,      147 ,      134 ,      133 ,        5 ,       64 ,      141 ,      129 ,       49 ,       95 ,      143 ,        8 ,      116 ,       54 ,       40 ,       89 ,      109 ,       25 ,       19 ,      113 ,       76 ,       36 ,      115 ,       42 ,      128 ,       20 ,        4 ,      139 ,       41 ,       31 ,       16 ,       53 ,      114 ,      126 ,       13 ,      106 ,      107 ,       67 ,       88 ,       52 ,        6 ,      124 ,       70 ,       62 ,       28 ,      101 ,       27 ,       44 ,      131 ,       93 ,       85 ,      123 ,       50 ,       60 ,      132 ,      118 ,        0 ,       21 ,       57 ,       33 ,       29 ,       78 ,       98 ,      102 ,       46 ,        2 ,      104 ,       87 ,       99 ,        7 ,       63 ,       94 ,       22 ,       97 ,        3 ,       12 ,      119 ,       61 ,       66 ,       45 ,        1 ,       75 ,      130 ,       77 ,       96 ,       56 ,      112 ,       68 ,       71 ,      117 ,      135 ,       43 ,       82 ,      120 ,      127 ,       24 ,       38 ,       37 ,       69 ,      122 ,      108 ,      105 ,       51 ,       84 ,       18 ,       65 ,       11 ,      121 ,       91 ,       80 ,        9 ,       17 ,       26 ,       79 ,       39 ,       83 ,      145 ,      138 ,       10 ,       90 ,       34 ,      125 ,       73 ,       92 ,       59 ,       15 ,      144 ,      111 ,       58 ,       48 ,      137 ,       86 ,      103 ,       35 ,      110 ,      140 ,      146 ,       14 ,      142 ,       47 ,       81 ,      136 ,       23 ,      148 ,      149 ,       32 ,       74 , 
      72 ,       30 ,       55 ,      100 ,      147 ,      133 ,        5 ,      134 ,      141 ,      129 ,       64 ,       95 ,       49 ,        8 ,      143 ,      116 ,       89 ,       54 ,       25 ,       19 ,       40 ,      109 ,      113 ,       76 ,       36 ,      115 ,      128 ,       20 ,       42 ,      139 ,       41 ,       31 ,        4 ,       16 ,       53 ,      114 ,      126 ,      106 ,      107 ,       13 ,       67 ,       88 ,        6 ,       52 ,       70 ,      124 ,       62 ,       28 ,      101 ,       44 ,      131 ,       27 ,       85 ,       93 ,      123 ,       60 ,      118 ,        0 ,       50 ,       57 ,      132 ,       33 ,       29 ,       21 ,      102 ,       98 ,       78 ,       46 ,       87 ,      104 ,        2 ,        7 ,       99 ,       94 ,       22 ,       63 ,        3 ,       97 ,       12 ,      119 ,       61 ,       45 ,        1 ,       66 ,       75 ,      130 ,       77 ,      112 ,       96 ,       56 ,       68 ,      135 ,       71 ,       43 ,      117 ,      127 ,       24 ,       82 ,      120 ,       69 ,       38 ,      122 ,      105 ,       37 ,      108 ,       51 ,       18 ,       65 ,       84 ,       91 ,       11 ,      121 ,       17 ,       80 ,        9 ,       26 ,       39 ,       79 ,      145 ,       83 ,      138 ,       34 ,       10 ,       90 ,       73 ,       59 ,      125 ,      144 ,       92 ,       15 ,       58 ,       48 ,      111 ,      137 ,       86 ,      103 ,      110 ,       35 ,      140 ,      146 ,       47 ,      142 ,       14 ,      136 ,      148 ,       23 ,       81 ,      149 ,       32 ,       74 , 
      72 ,       30 ,       55 ,      100 ,      133 ,        5 ,      147 ,      134 ,      129 ,      141 ,       64 ,       95 ,       49 ,      116 ,        8 ,      143 ,       25 ,       89 ,       40 ,      109 ,       54 ,       19 ,      113 ,       76 ,      128 ,       36 ,      115 ,       42 ,       20 ,       41 ,      139 ,        4 ,       53 ,       31 ,       16 ,      114 ,      126 ,      106 ,       67 ,       88 ,      107 ,       13 ,        6 ,      124 ,       52 ,       62 ,       70 ,       44 ,       28 ,      101 ,       85 ,       27 ,       93 ,      131 ,       60 ,      123 ,      118 ,       50 ,       57 ,        0 ,      132 ,       29 ,       33 ,       21 ,       78 ,      102 ,       98 ,       87 ,      104 ,       46 ,        7 ,       99 ,       94 ,        2 ,        3 ,       22 ,       63 ,       12 ,       61 ,      119 ,       97 ,       45 ,        1 ,      130 ,       66 ,      112 ,       77 ,       75 ,       68 ,       96 ,       56 ,      135 ,       43 ,      127 ,       71 ,       82 ,       24 ,      117 ,       38 ,      120 ,       69 ,       37 ,      105 ,      122 ,       51 ,      108 ,       18 ,       84 ,       65 ,      121 ,       17 ,       91 ,        9 ,       11 ,       80 ,       39 ,       26 ,      145 ,       79 ,       34 ,       83 ,      138 ,       10 ,       90 ,       73 ,      125 ,       59 ,       92 ,       15 ,      111 ,       58 ,       35 ,      103 ,      137 ,      144 ,      110 ,       86 ,       48 ,      140 ,      146 ,       14 ,      149 ,       47 ,       32 ,      136 ,      148 ,       81 ,       23 ,      142 ,       74 , 
      30 ,       72 ,      100 ,       55 ,      133 ,        5 ,      134 ,      129 ,      147 ,       64 ,       95 ,      141 ,      116 ,       49 ,        8 ,       89 ,      143 ,       40 ,       25 ,       19 ,       54 ,      109 ,      113 ,       76 ,       36 ,      115 ,      128 ,       41 ,       20 ,       42 ,      139 ,       31 ,       16 ,       53 ,        4 ,      106 ,      114 ,       67 ,      126 ,       88 ,      107 ,       13 ,        6 ,      124 ,       70 ,       44 ,       52 ,       62 ,       28 ,       85 ,       93 ,      101 ,       60 ,      123 ,      131 ,       57 ,       27 ,      118 ,       50 ,       29 ,       33 ,        0 ,      132 ,       78 ,       21 ,      102 ,       98 ,       46 ,      104 ,       87 ,        7 ,       94 ,        2 ,       99 ,       63 ,       22 ,        3 ,       12 ,      119 ,       97 ,       45 ,       61 ,      130 ,       66 ,        1 ,       77 ,       75 ,      112 ,       68 ,       56 ,       96 ,      127 ,      135 ,       82 ,       71 ,       43 ,       24 ,       38 ,      117 ,       69 ,      105 ,      122 ,       37 ,      120 ,       51 ,       84 ,       18 ,      108 ,       65 ,      121 ,       17 ,       91 ,        9 ,       11 ,       26 ,       80 ,       39 ,       79 ,      145 ,      138 ,       10 ,       34 ,       83 ,       90 ,      125 ,       73 ,       59 ,      111 ,       92 ,       15 ,       35 ,       58 ,      137 ,      103 ,       86 ,      110 ,      144 ,       48 ,      140 ,      149 ,      146 ,       47 ,       14 ,       32 ,      148 ,      136 ,       81 ,      142 ,       23 ,       74 , 
      30 ,       55 ,      133 ,       72 ,        5 ,      100 ,      147 ,      134 ,       95 ,      129 ,       64 ,      116 ,        8 ,      141 ,       89 ,       49 ,      143 ,       19 ,       40 ,       25 ,      109 ,       54 ,       76 ,      113 ,      128 ,       41 ,      115 ,       36 ,       42 ,      139 ,       20 ,       16 ,       53 ,       31 ,        4 ,       67 ,      106 ,       88 ,      126 ,      114 ,        6 ,      107 ,       70 ,      124 ,       52 ,       13 ,       44 ,       62 ,       85 ,       28 ,      101 ,       60 ,       93 ,      131 ,      123 ,      118 ,       27 ,       50 ,       57 ,       33 ,       29 ,      132 ,        0 ,       78 ,       98 ,       21 ,       46 ,      102 ,       87 ,        7 ,      104 ,       99 ,        2 ,       94 ,       22 ,        3 ,       63 ,       97 ,       45 ,      119 ,       12 ,       61 ,      130 ,       66 ,       75 ,        1 ,      112 ,       77 ,       68 ,       96 ,       56 ,      127 ,      135 ,       43 ,       24 ,       82 ,       71 ,       38 ,       69 ,      105 ,      117 ,      122 ,      120 ,       18 ,       84 ,       37 ,       51 ,       65 ,       17 ,      121 ,      108 ,       11 ,       91 ,        9 ,       39 ,       26 ,      145 ,       80 ,      138 ,       10 ,       79 ,       83 ,       73 ,       34 ,       90 ,      125 ,       59 ,       92 ,       15 ,      111 ,       58 ,      137 ,       35 ,      110 ,      103 ,       86 ,      140 ,      144 ,       48 ,      146 ,      149 ,       47 ,       14 ,      136 ,      148 ,       32 ,      142 ,       81 ,       23 ,       74 , 
      55 ,      133 ,       30 ,       72 ,      100 ,      147 ,        5 ,      134 ,       95 ,      129 ,        8 ,       64 ,      141 ,      116 ,      143 ,       89 ,       40 ,       49 ,       19 ,       54 ,       25 ,      109 ,      128 ,       76 ,      113 ,      115 ,       41 ,      139 ,       36 ,       42 ,       53 ,       31 ,       16 ,       20 ,      106 ,        4 ,      126 ,       88 ,       67 ,      114 ,      107 ,        6 ,       70 ,      124 ,       52 ,       13 ,       44 ,       62 ,      101 ,       85 ,       28 ,       60 ,       93 ,      118 ,      123 ,      131 ,       27 ,       50 ,       29 ,       57 ,       33 ,      132 ,        0 ,       78 ,       98 ,       21 ,       87 ,       46 ,      102 ,       99 ,        2 ,       94 ,        7 ,      104 ,       22 ,        3 ,       63 ,       97 ,       45 ,      119 ,       61 ,       66 ,       12 ,        1 ,      112 ,      130 ,       77 ,       75 ,       56 ,       68 ,       96 ,      127 ,      135 ,       82 ,       43 ,       71 ,       69 ,       24 ,       38 ,      117 ,      120 ,      122 ,      105 ,       18 ,       37 ,       84 ,       51 ,      121 ,      108 ,       65 ,       17 ,        9 ,       11 ,       91 ,       39 ,      145 ,       80 ,       26 ,      138 ,       10 ,       79 ,       34 ,       83 ,       90 ,      125 ,       73 ,       59 ,       15 ,       92 ,       58 ,      111 ,      137 ,       35 ,      103 ,       86 ,      110 ,      140 ,      146 ,       48 ,      144 ,      149 ,       14 ,      136 ,       47 ,      148 ,       32 ,      142 ,       23 ,       81 ,       74 , 
