1260 , 200 , 10 , 263277 , ILS
      61 ,       12 ,       76 ,       49 ,       26 ,      183 ,       25 ,       98 ,      124 ,       65 ,       47 ,       51 ,       41 ,      149 ,       95 ,       62 ,      145 ,      181 ,       67 ,      104 ,       63 ,       46 ,      102 ,      123 ,       56 ,       50 ,       58 ,      197 ,       32 ,       82 ,      130 ,      125 ,       73 ,      187 ,      137 ,       69 ,       85 ,      150 ,      105 ,       48 ,      109 ,       17 ,       83 ,       79 ,      118 ,       15 ,      191 ,       18 ,       77 ,       16 ,      195 ,      193 ,        4 ,      113 ,      147 ,      121 ,       86 ,       30 ,      110 ,       70 ,      184 ,       38 ,      164 ,      167 ,       43 ,      156 ,       35 ,      180 ,      111 ,       10 ,      166 ,       55 ,       24 ,      134 ,       57 ,       21 ,      174 ,        1 ,      175 ,      122 ,        6 ,      148 ,      127 ,      185 ,      103 ,      119 ,      194 ,      189 ,      153 ,      178 ,      140 ,      177 ,      157 ,      163 ,        7 ,       33 ,      152 ,        0 ,      126 ,       37 ,       74 ,      170 ,       80 ,       11 ,      144 ,        9 ,      136 ,       93 ,      169 ,       71 ,       54 ,      192 ,       64 ,      115 ,       28 ,       53 ,      154 ,      133 ,      196 ,      179 ,        2 ,      159 ,      146 ,      161 ,       68 ,      162 ,       13 ,       99 ,      172 ,      117 ,       91 ,      155 ,      120 ,      128 ,      139 ,       42 ,      129 ,        5 ,      116 ,      132 ,      141 ,       19 ,       23 ,      101 ,      158 ,      112 ,       22 ,       89 ,      108 ,       84 ,      186 ,       92 ,      171 ,       14 ,       36 ,      100 ,       66 ,      151 ,        3 ,       52 ,       31 ,      135 ,      168 ,       20 ,       90 ,       88 ,      160 ,      143 ,       94 ,       40 ,       97 ,      106 ,      198 ,       34 ,      190 ,       29 ,       81 ,       75 ,      165 ,       44 ,      114 ,        8 ,       87 ,       59 ,      176 ,      107 ,       78 ,       72 ,      138 ,       39 ,      182 ,      142 ,       27 ,       45 ,       96 ,      131 ,      173 ,      199 ,       60 ,      188 , 
      12 ,       49 ,       76 ,       26 ,       61 ,       25 ,      183 ,       98 ,       65 ,       47 ,      124 ,       51 ,       41 ,       95 ,      145 ,      149 ,       62 ,      181 ,      104 ,       67 ,      102 ,       46 ,      123 ,       63 ,       56 ,       50 ,       58 ,      197 ,       82 ,       32 ,      125 ,      130 ,       73 ,      187 ,       85 ,      150 ,      137 ,       69 ,      109 ,      105 ,       83 ,       48 ,       79 ,      118 ,       15 ,       17 ,       18 ,      191 ,       16 ,       77 ,      195 ,        4 ,      147 ,      113 ,      193 ,      121 ,      110 ,       30 ,       86 ,       70 ,       38 ,      164 ,       43 ,      167 ,      184 ,      156 ,      111 ,       35 ,      180 ,       10 ,      166 ,       24 ,       57 ,       55 ,       21 ,      134 ,      174 ,        1 ,        6 ,      148 ,      127 ,      122 ,      175 ,      103 ,      185 ,      194 ,      189 ,      163 ,      178 ,      140 ,      177 ,      119 ,      157 ,      153 ,       33 ,        7 ,       11 ,      126 ,       37 ,      152 ,      170 ,       74 ,       80 ,        0 ,        9 ,      136 ,      144 ,       93 ,       71 ,      192 ,      169 ,       54 ,      115 ,       28 ,      154 ,       64 ,       53 ,      133 ,      179 ,      196 ,        2 ,      161 ,      146 ,      159 ,      162 ,       13 ,       68 ,       99 ,       91 ,      155 ,      117 ,      172 ,      128 ,      139 ,      129 ,      120 ,       42 ,      116 ,        5 ,       19 ,      141 ,      132 ,       23 ,      158 ,      101 ,       22 ,      108 ,       84 ,      112 ,      186 ,       92 ,       89 ,      171 ,       14 ,       66 ,      100 ,        3 ,       36 ,       52 ,      135 ,      151 ,      168 ,       20 ,       31 ,       88 ,       90 ,      143 ,      160 ,       94 ,       40 ,      106 ,       97 ,      198 ,       34 ,       29 ,       81 ,       75 ,      190 ,      165 ,       44 ,       87 ,        8 ,       59 ,      176 ,      114 ,       78 ,      107 ,      138 ,       72 ,      182 ,      142 ,       39 ,       27 ,       45 ,       96 ,      199 ,      131 ,      188 ,      173 ,       60 , 
      49 ,       76 ,       12 ,       26 ,       61 ,       98 ,       25 ,      183 ,      124 ,       65 ,       47 ,       51 ,      145 ,       41 ,       62 ,       95 ,      149 ,      104 ,       67 ,      181 ,      123 ,       46 ,      102 ,       63 ,       58 ,       50 ,      197 ,       56 ,       32 ,       82 ,      130 ,       73 ,       85 ,      125 ,      187 ,      137 ,      150 ,       69 ,      105 ,       83 ,       48 ,      109 ,       15 ,       17 ,       79 ,      118 ,       18 ,       16 ,       77 ,      191 ,      147 ,      195 ,      193 ,      113 ,        4 ,       30 ,       86 ,      110 ,       70 ,      121 ,       38 ,      167 ,      184 ,      156 ,      164 ,       43 ,      111 ,       35 ,       10 ,      180 ,       57 ,       55 ,      166 ,       24 ,      134 ,       21 ,        6 ,      174 ,        1 ,      148 ,      175 ,      127 ,      122 ,      194 ,      185 ,      189 ,      103 ,      178 ,      163 ,      140 ,      157 ,      177 ,      119 ,       33 ,       11 ,      153 ,      126 ,        7 ,       37 ,       74 ,       93 ,       80 ,      152 ,      136 ,        9 ,      170 ,        0 ,      144 ,      192 ,       71 ,       54 ,      169 ,      115 ,      154 ,       28 ,      133 ,       64 ,       53 ,      179 ,      196 ,        2 ,      146 ,      161 ,      159 ,       68 ,      162 ,       99 ,      155 ,       13 ,      117 ,      172 ,      139 ,       91 ,      129 ,       42 ,      120 ,        5 ,      128 ,       19 ,      116 ,      141 ,      101 ,      132 ,       22 ,       84 ,       14 ,      108 ,      112 ,       23 ,       92 ,       89 ,      171 ,      186 ,       66 ,      158 ,        3 ,       36 ,      100 ,       52 ,      151 ,      135 ,      160 ,      168 ,       88 ,       20 ,       90 ,      143 ,      106 ,       40 ,       81 ,       97 ,       94 ,       34 ,      198 ,       31 ,       75 ,       29 ,      190 ,      165 ,       44 ,       87 ,      138 ,       72 ,      176 ,       78 ,       59 ,        8 ,      114 ,      182 ,       39 ,      107 ,      142 ,       96 ,      199 ,       45 ,      188 ,       27 ,      131 ,       60 ,      173 , 
      49 ,       12 ,       61 ,       76 ,       98 ,       26 ,       25 ,      183 ,      124 ,       51 ,      145 ,       65 ,       41 ,       47 ,      149 ,       95 ,       62 ,       67 ,      104 ,      123 ,       46 ,      181 ,       63 ,       58 ,       50 ,       56 ,      102 ,       82 ,      197 ,       32 ,      130 ,       85 ,       73 ,      125 ,      137 ,      187 ,      150 ,      105 ,       69 ,       48 ,      109 ,       83 ,       79 ,      118 ,       15 ,       17 ,       16 ,       18 ,       77 ,      191 ,      147 ,      195 ,      193 ,      113 ,       30 ,        4 ,      110 ,       86 ,       38 ,      121 ,       70 ,      184 ,      167 ,      164 ,      156 ,      111 ,       35 ,       10 ,       43 ,      180 ,       57 ,      166 ,       55 ,      134 ,       21 ,       24 ,        6 ,        1 ,      175 ,      174 ,      122 ,      127 ,      148 ,      189 ,      185 ,      194 ,      163 ,      103 ,      157 ,      178 ,      140 ,       33 ,      119 ,       11 ,      177 ,        7 ,      153 ,      126 ,       74 ,       37 ,       93 ,      136 ,      152 ,       80 ,        0 ,      170 ,      144 ,      192 ,        9 ,       71 ,      169 ,      154 ,      115 ,       54 ,       64 ,       28 ,      133 ,       53 ,      196 ,        2 ,      146 ,      179 ,      161 ,       68 ,       99 ,      159 ,      155 ,      162 ,       13 ,      117 ,       91 ,      139 ,      172 ,      129 ,        5 ,       42 ,      120 ,      116 ,       19 ,      128 ,      141 ,      101 ,       84 ,      132 ,       14 ,       22 ,      108 ,       92 ,       23 ,      112 ,       89 ,       66 ,      186 ,      171 ,       36 ,        3 ,      100 ,      158 ,      135 ,       75 ,      168 ,      151 ,      160 ,       88 ,       90 ,      106 ,       40 ,       20 ,       97 ,       81 ,      143 ,       94 ,       31 ,       34 ,       52 ,      198 ,      190 ,       39 ,       87 ,       60 ,       72 ,      165 ,       78 ,      138 ,      176 ,       44 ,       59 ,        8 ,      114 ,      182 ,       27 ,      199 ,      142 ,      173 ,       96 ,      107 ,       29 ,       45 ,      131 ,      188 , 
      49 ,       12 ,       61 ,       76 ,       26 ,       25 ,      183 ,       98 ,      124 ,      145 ,       51 ,       41 ,       47 ,       65 ,      149 ,       95 ,       62 ,      104 ,       67 ,      181 ,       46 ,      123 ,       63 ,       56 ,       58 ,       50 ,      197 ,      102 ,       82 ,       32 ,       85 ,      130 ,      125 ,       73 ,      187 ,      137 ,       69 ,      150 ,      105 ,       83 ,       48 ,       79 ,      118 ,      109 ,       16 ,       15 ,       17 ,       18 ,       77 ,      191 ,      195 ,      193 ,      147 ,        4 ,      110 ,      113 ,       30 ,       86 ,       38 ,      121 ,       70 ,      184 ,      156 ,      164 ,      111 ,      167 ,       10 ,      180 ,       35 ,       43 ,      166 ,       57 ,      134 ,       55 ,       21 ,       24 ,        6 ,      175 ,        1 ,      174 ,      122 ,      148 ,      185 ,      189 ,      127 ,      194 ,      157 ,      103 ,      163 ,      178 ,      140 ,      119 ,       33 ,       11 ,      177 ,        7 ,      153 ,      126 ,       74 ,      136 ,       37 ,       93 ,       80 ,      170 ,        0 ,      152 ,        9 ,      144 ,      169 ,      192 ,       71 ,      115 ,      154 ,       54 ,       64 ,       28 ,       53 ,      133 ,        2 ,      196 ,      146 ,       68 ,      179 ,       99 ,      159 ,      161 ,       13 ,      155 ,      162 ,      117 ,       91 ,      139 ,      129 ,        5 ,      172 ,       42 ,       19 ,      128 ,      116 ,      141 ,      120 ,      101 ,       84 ,      132 ,       14 ,      108 ,       23 ,       22 ,       92 ,      112 ,       89 ,       66 ,      186 ,       36 ,      171 ,      158 ,      135 ,       75 ,      168 ,        3 ,      151 ,      100 ,       90 ,       88 ,       40 ,       20 ,      160 ,      106 ,       81 ,       97 ,      143 ,       34 ,       94 ,       31 ,      190 ,       52 ,       87 ,      198 ,       78 ,       39 ,      165 ,      138 ,       72 ,       27 ,       60 ,       59 ,      182 ,        8 ,      107 ,      176 ,      114 ,      173 ,       96 ,      199 ,       44 ,      142 ,       29 ,      131 ,       45 ,      188 , 
      49 ,       12 ,       61 ,       76 ,       26 ,       25 ,       98 ,      183 ,      124 ,       51 ,       41 ,      145 ,       47 ,       95 ,      149 ,       62 ,       65 ,       67 ,      104 ,       46 ,      123 ,      181 ,       58 ,       63 ,       56 ,       50 ,      102 ,      197 ,       85 ,       82 ,       32 ,       73 ,      130 ,      187 ,      137 ,      125 ,       69 ,      105 ,      150 ,       48 ,       83 ,      109 ,       16 ,       15 ,       17 ,      118 ,       79 ,      191 ,       18 ,       77 ,      195 ,        4 ,      193 ,      110 ,      113 ,      147 ,       38 ,       30 ,      121 ,       70 ,       86 ,      156 ,      184 ,      164 ,       10 ,      167 ,      111 ,       43 ,      180 ,      166 ,       35 ,       57 ,      134 ,       24 ,       55 ,       21 ,        6 ,      175 ,      174 ,        1 ,      122 ,      148 ,      127 ,      185 ,      194 ,      157 ,      189 ,      103 ,      163 ,      140 ,      178 ,      119 ,       33 ,       11 ,        7 ,      177 ,      153 ,      126 ,      136 ,       93 ,       74 ,       80 ,       37 ,        0 ,      170 ,      144 ,      152 ,        9 ,       71 ,      192 ,      169 ,       54 ,      154 ,      115 ,       64 ,       28 ,      133 ,       53 ,        2 ,      146 ,      179 ,      196 ,       68 ,       99 ,      159 ,      161 ,       13 ,      117 ,      162 ,       91 ,      155 ,      139 ,      129 ,        5 ,       42 ,       19 ,      172 ,      141 ,      128 ,      116 ,      101 ,       84 ,      120 ,      132 ,       14 ,       23 ,       22 ,      108 ,       92 ,      112 ,       89 ,       66 ,       36 ,      186 ,      171 ,      135 ,      158 ,        3 ,       75 ,      168 ,      151 ,      100 ,       90 ,       88 ,      160 ,       20 ,       40 ,       97 ,       81 ,      106 ,       34 ,      143 ,       94 ,       31 ,      190 ,       52 ,       87 ,      198 ,      165 ,       39 ,       78 ,      138 ,       72 ,       59 ,      182 ,       60 ,        8 ,       27 ,      107 ,      176 ,       96 ,      114 ,      173 ,      199 ,      142 ,       29 ,       44 ,      131 ,       45 ,      188 , 
      49 ,       12 ,       61 ,       26 ,       25 ,       76 ,      124 ,      183 ,       51 ,       98 ,      145 ,       41 ,       95 ,       47 ,       62 ,      149 ,       67 ,       65 ,      104 ,      123 ,      181 ,       46 ,       58 ,       63 ,       56 ,      197 ,      102 ,       50 ,       85 ,       32 ,       82 ,       73 ,      187 ,      125 ,      137 ,      130 ,       69 ,      150 ,       83 ,      109 ,      105 ,       48 ,       17 ,       16 ,       15 ,       79 ,      118 ,       18 ,      195 ,        4 ,      191 ,       77 ,      193 ,      110 ,      147 ,      113 ,       38 ,       70 ,       86 ,      156 ,       30 ,      164 ,      121 ,       10 ,      184 ,      167 ,      111 ,       43 ,       35 ,      166 ,      180 ,       57 ,      134 ,       21 ,       55 ,       24 ,        6 ,      175 ,      174 ,        1 ,      148 ,      127 ,      122 ,      157 ,      194 ,      103 ,      185 ,      189 ,      163 ,      119 ,       33 ,      140 ,      178 ,       11 ,      177 ,        7 ,      153 ,      126 ,      136 ,       74 ,       93 ,       80 ,       37 ,        0 ,      170 ,      152 ,      144 ,        9 ,       71 ,      192 ,      169 ,      154 ,       54 ,      115 ,       64 ,      133 ,       28 ,       53 ,      146 ,      196 ,        2 ,       68 ,      179 ,       99 ,      161 ,       13 ,      159 ,      162 ,       91 ,      117 ,      155 ,      139 ,      129 ,        5 ,       19 ,      172 ,       42 ,      141 ,      128 ,      116 ,      120 ,      101 ,       14 ,       84 ,      132 ,       23 ,      108 ,       22 ,       92 ,      112 ,       89 ,       36 ,      186 ,       66 ,      135 ,      158 ,      171 ,       75 ,        3 ,      168 ,      100 ,      151 ,       88 ,      160 ,       40 ,       97 ,       20 ,       90 ,       81 ,      106 ,       34 ,      143 ,      190 ,       94 ,       31 ,       87 ,       52 ,       39 ,      198 ,      165 ,       78 ,      138 ,       72 ,      182 ,        8 ,       59 ,       27 ,       60 ,       96 ,      107 ,      176 ,      114 ,      173 ,       29 ,      142 ,      199 ,      131 ,       45 ,       44 ,      188 , 
      49 ,       12 ,       61 ,       26 ,      124 ,       76 ,       25 ,       98 ,      145 ,      183 ,       51 ,       95 ,       47 ,      149 ,       41 ,       62 ,       67 ,       65 ,      104 ,      181 ,      123 ,       46 ,       63 ,       56 ,      102 ,       58 ,       50 ,       32 ,      197 ,       85 ,       73 ,      187 ,       82 ,      137 ,      130 ,      125 ,      150 ,       83 ,       69 ,      105 ,      109 ,       16 ,       48 ,       79 ,       17 ,      118 ,       15 ,       18 ,        4 ,      195 ,      193 ,      191 ,       77 ,      147 ,      110 ,       70 ,      113 ,       38 ,       86 ,       30 ,      156 ,       10 ,      164 ,      121 ,      111 ,       35 ,      166 ,      184 ,       43 ,      167 ,      180 ,       57 ,      134 ,       24 ,       21 ,        6 ,       55 ,      174 ,      175 ,        1 ,      148 ,      127 ,      157 ,      194 ,      122 ,      185 ,      163 ,      189 ,      103 ,      140 ,      119 ,      178 ,       33 ,      177 ,       11 ,      153 ,      126 ,        7 ,       74 ,      136 ,       80 ,        0 ,       93 ,      170 ,       37 ,        9 ,       71 ,      144 ,      192 ,      152 ,      169 ,       54 ,      154 ,       64 ,      133 ,      115 ,       53 ,       28 ,        2 ,      196 ,      146 ,      179 ,       99 ,       68 ,      161 ,       13 ,      162 ,      159 ,       91 ,      139 ,      117 ,      129 ,      155 ,        5 ,       42 ,       19 ,      172 ,      141 ,      128 ,      120 ,      116 ,      101 ,      132 ,       14 ,       84 ,      108 ,       23 ,       22 ,       92 ,      112 ,       36 ,       89 ,      186 ,       66 ,      135 ,      158 ,      171 ,       75 ,        3 ,      151 ,      168 ,      160 ,      100 ,       40 ,       88 ,       20 ,       97 ,       90 ,       81 ,       34 ,      106 ,       94 ,      143 ,      190 ,       87 ,       31 ,       52 ,       39 ,      198 ,       78 ,      138 ,       72 ,      165 ,        8 ,       59 ,       27 ,      182 ,       60 ,       96 ,      107 ,      173 ,       29 ,      176 ,      114 ,      142 ,       45 ,      199 ,      131 ,      188 ,       44 , 
      49 ,       12 ,       61 ,       26 ,      124 ,       98 ,       25 ,       76 ,       51 ,      183 ,       95 ,      145 ,       41 ,       47 ,       62 ,      149 ,       67 ,      104 ,       65 ,      123 ,      181 ,       46 ,       56 ,      102 ,       63 ,       50 ,       58 ,       32 ,       85 ,      197 ,       82 ,      187 ,       73 ,      137 ,      150 ,      130 ,      125 ,       69 ,      109 ,       83 ,       16 ,       48 ,      105 ,      118 ,       15 ,       79 ,       17 ,        4 ,      195 ,       18 ,       77 ,      193 ,      191 ,      110 ,      147 ,       70 ,       38 ,       86 ,      113 ,       30 ,       10 ,      156 ,      111 ,      121 ,      164 ,       35 ,      166 ,      184 ,       43 ,      180 ,      134 ,       57 ,      167 ,       21 ,       55 ,        6 ,       24 ,      174 ,      175 ,      148 ,      157 ,      127 ,        1 ,      194 ,      122 ,      185 ,      103 ,       33 ,      189 ,      119 ,      140 ,      163 ,       11 ,      153 ,      178 ,      177 ,       74 ,        7 ,      126 ,      136 ,       80 ,       93 ,        0 ,        9 ,      170 ,       37 ,      192 ,      144 ,       71 ,      152 ,      169 ,       54 ,      133 ,      154 ,      115 ,       64 ,       28 ,        2 ,      146 ,       53 ,      196 ,       99 ,       68 ,      161 ,      179 ,      159 ,       13 ,      162 ,      117 ,       91 ,      129 ,      139 ,        5 ,      155 ,      172 ,      141 ,       42 ,      128 ,       19 ,      116 ,      132 ,       14 ,      120 ,      108 ,      101 ,       84 ,       23 ,       22 ,       92 ,       36 ,       89 ,      112 ,       66 ,      186 ,      135 ,      171 ,       75 ,        3 ,      151 ,      160 ,      158 ,      168 ,      100 ,       88 ,       40 ,       97 ,       90 ,       20 ,       81 ,      106 ,      143 ,       34 ,       87 ,       94 ,       31 ,       39 ,      190 ,       78 ,       52 ,      138 ,      198 ,      165 ,        8 ,       27 ,       72 ,       59 ,       60 ,       96 ,      182 ,      107 ,      176 ,      173 ,       29 ,      114 ,      142 ,       45 ,      188 ,      199 ,      131 ,       44 , 
      49 ,       12 ,       61 ,       26 ,      124 ,       98 ,       25 ,       76 ,       51 ,       95 ,       41 ,      183 ,       62 ,       67 ,      145 ,       47 ,      149 ,      181 ,      104 ,      123 ,       65 ,       46 ,       56 ,       63 ,      102 ,       50 ,       58 ,       85 ,       32 ,      197 ,       73 ,       82 ,      150 ,      187 ,      130 ,      137 ,      125 ,       83 ,       69 ,       16 ,      109 ,      118 ,       48 ,       15 ,      105 ,       79 ,       17 ,      195 ,        4 ,       18 ,      193 ,      191 ,      110 ,       77 ,       38 ,      147 ,       86 ,       70 ,      113 ,       10 ,      156 ,       30 ,      164 ,      111 ,       35 ,      121 ,      166 ,       43 ,      184 ,      180 ,       57 ,      134 ,      167 ,       21 ,       55 ,       24 ,        6 ,      148 ,      174 ,      175 ,      157 ,        1 ,      194 ,      127 ,      185 ,      103 ,      122 ,      189 ,      140 ,       33 ,      119 ,      153 ,       11 ,      163 ,       74 ,      178 ,        7 ,      177 ,      136 ,      126 ,       80 ,       93 ,      170 ,        0 ,        9 ,      144 ,       71 ,       37 ,      192 ,      169 ,       54 ,      152 ,      133 ,      154 ,      115 ,        2 ,       28 ,       64 ,      146 ,       99 ,       53 ,      196 ,      161 ,      179 ,      159 ,       68 ,       13 ,      117 ,      162 ,      129 ,       91 ,      139 ,        5 ,      155 ,      172 ,       42 ,      141 ,       19 ,      128 ,       14 ,      120 ,      132 ,      116 ,      108 ,      101 ,       23 ,       84 ,       22 ,       92 ,       36 ,      112 ,       89 ,      186 ,      135 ,       66 ,      171 ,        3 ,      151 ,      158 ,       75 ,      100 ,      168 ,      160 ,       40 ,       88 ,       97 ,       90 ,      106 ,      143 ,       81 ,       20 ,       34 ,       87 ,       94 ,      165 ,      190 ,       39 ,       52 ,       31 ,       78 ,      198 ,       72 ,       96 ,       27 ,       60 ,      173 ,       59 ,      138 ,      176 ,      107 ,      182 ,       29 ,      188 ,      114 ,       44 ,        8 ,      142 ,      131 ,      199 ,       45 , 
