1011 , 150 , 10 , 1937 , IG
       0 ,       55 ,      109 ,       48 ,      110 ,        8 ,       91 ,      149 ,      126 ,      129 ,       61 ,       77 ,      148 ,      131 ,       80 ,       84 ,       21 ,       42 ,      127 ,       65 ,       33 ,       58 ,       67 ,      118 ,       62 ,       79 ,      107 ,      140 ,       45 ,       60 ,      145 ,      139 ,       38 ,        1 ,      115 ,       94 ,      128 ,      116 ,       41 ,       63 ,      112 ,      137 ,      123 ,      132 ,       35 ,       12 ,       28 ,       51 ,       11 ,       31 ,       24 ,       57 ,        7 ,       95 ,       75 ,      122 ,      108 ,       10 ,      130 ,       66 ,      135 ,      121 ,      111 ,       36 ,       59 ,      120 ,      103 ,       40 ,       83 ,       54 ,       13 ,       39 ,        3 ,      138 ,       44 ,      141 ,       99 ,        4 ,       73 ,       56 ,       89 ,       15 ,      117 ,       90 ,       23 ,      133 ,       69 ,      134 ,        9 ,       20 ,       43 ,       34 ,       93 ,      144 ,      106 ,       72 ,       52 ,       46 ,      114 ,       16 ,       74 ,      142 ,      101 ,       71 ,       92 ,      146 ,       97 ,      147 ,      104 ,      100 ,       22 ,        2 ,       64 ,       86 ,       68 ,       49 ,       50 ,       88 ,      143 ,       17 ,       30 ,      125 ,       98 ,       37 ,       85 ,       29 ,       47 ,       27 ,       82 ,       32 ,       25 ,       81 ,       14 ,        6 ,       26 ,       76 ,       53 ,       18 ,       70 ,       19 ,      102 ,       96 ,      113 ,      136 ,        5 ,      124 ,      105 ,      119 ,       87 ,       78 , 
     110 ,      109 ,       48 ,       55 ,        0 ,        8 ,      149 ,       61 ,       91 ,      126 ,      129 ,      148 ,       80 ,       65 ,       77 ,       84 ,       42 ,      131 ,       21 ,       58 ,       62 ,      127 ,       67 ,      140 ,       33 ,      118 ,       79 ,       60 ,      107 ,        1 ,       45 ,       38 ,      145 ,      115 ,      139 ,      128 ,      116 ,       63 ,       94 ,       41 ,      132 ,       35 ,       28 ,      112 ,      137 ,       51 ,       24 ,       12 ,      123 ,       57 ,       11 ,       31 ,       75 ,       95 ,       10 ,        7 ,       66 ,      122 ,      121 ,      108 ,      135 ,      111 ,      120 ,       40 ,       83 ,      130 ,       36 ,       39 ,        3 ,       59 ,      103 ,       54 ,       13 ,       44 ,       73 ,       56 ,       89 ,      138 ,      141 ,       99 ,        4 ,       23 ,       15 ,      133 ,      134 ,       20 ,       34 ,       90 ,       43 ,       93 ,      106 ,       69 ,        9 ,       72 ,      144 ,      117 ,      114 ,      142 ,       52 ,       16 ,       74 ,       46 ,       92 ,       71 ,      101 ,      146 ,      100 ,       97 ,      147 ,        2 ,       64 ,      104 ,       86 ,       49 ,      143 ,       22 ,       50 ,       68 ,       98 ,       85 ,       30 ,       17 ,       47 ,      125 ,       88 ,       32 ,       27 ,       25 ,       37 ,       29 ,       82 ,       26 ,       53 ,       14 ,       18 ,       76 ,        6 ,       81 ,       96 ,       70 ,        5 ,      113 ,      102 ,       19 ,      105 ,      119 ,       78 ,      136 ,      124 ,       87 , 
      48 ,        0 ,      109 ,        8 ,      110 ,       55 ,      126 ,       91 ,      148 ,      149 ,       61 ,       80 ,      129 ,       65 ,       77 ,      131 ,       21 ,       42 ,      127 ,       84 ,       62 ,       58 ,      140 ,       67 ,      118 ,       33 ,       60 ,       38 ,       79 ,      115 ,      139 ,      107 ,        1 ,      145 ,       45 ,       63 ,      128 ,      116 ,       41 ,       94 ,       28 ,       35 ,      132 ,      137 ,       12 ,      112 ,       24 ,       51 ,      123 ,       31 ,       57 ,       11 ,       10 ,        7 ,       95 ,       75 ,      121 ,       66 ,      111 ,      135 ,      122 ,      108 ,      120 ,       83 ,       39 ,      130 ,       40 ,        3 ,      103 ,       36 ,       13 ,       56 ,       54 ,       44 ,       59 ,       73 ,        4 ,       99 ,       15 ,       89 ,      133 ,       23 ,      141 ,      138 ,       34 ,      134 ,       20 ,      106 ,       43 ,       90 ,       72 ,        9 ,       93 ,      144 ,       69 ,      114 ,      117 ,       74 ,      142 ,       52 ,      101 ,       16 ,       92 ,      100 ,      147 ,       71 ,       46 ,      104 ,        2 ,       64 ,       97 ,      146 ,       86 ,       49 ,       50 ,       85 ,       68 ,       22 ,      143 ,       17 ,       30 ,       98 ,       32 ,       47 ,       88 ,       37 ,       82 ,       27 ,      125 ,       14 ,       53 ,       29 ,       26 ,       25 ,       18 ,        6 ,       76 ,       70 ,      102 ,       81 ,       96 ,      119 ,       19 ,        5 ,      136 ,      113 ,      105 ,       78 ,      124 ,       87 , 
       0 ,      109 ,        8 ,       55 ,       48 ,      126 ,       91 ,      110 ,      148 ,      149 ,      129 ,       65 ,       80 ,       61 ,       21 ,       77 ,      127 ,       42 ,      131 ,       84 ,       67 ,      140 ,       62 ,       58 ,       60 ,      118 ,      115 ,       79 ,        1 ,      107 ,       38 ,       33 ,      145 ,      139 ,       45 ,      128 ,       63 ,       28 ,       41 ,      116 ,       35 ,      132 ,       94 ,       51 ,      137 ,       12 ,       31 ,      112 ,       24 ,       11 ,      123 ,       95 ,       75 ,       57 ,        7 ,       10 ,      135 ,      121 ,      111 ,       66 ,      108 ,       39 ,      122 ,      130 ,       40 ,       83 ,      120 ,      103 ,        3 ,       13 ,       36 ,       56 ,       44 ,        4 ,       15 ,       54 ,       99 ,       59 ,       73 ,       23 ,       89 ,      141 ,       20 ,      133 ,      106 ,       43 ,       93 ,       34 ,      134 ,       90 ,      138 ,      114 ,        9 ,       69 ,       72 ,      117 ,       52 ,       16 ,      144 ,       74 ,      101 ,      100 ,       46 ,      142 ,       92 ,      104 ,      147 ,       64 ,       86 ,       71 ,      146 ,       50 ,        2 ,       49 ,       97 ,       68 ,       85 ,       17 ,      143 ,       30 ,       22 ,       88 ,       47 ,       82 ,       98 ,      125 ,       32 ,       14 ,       37 ,       25 ,       26 ,       27 ,       76 ,       53 ,       29 ,        6 ,       18 ,       81 ,       96 ,       19 ,      102 ,       70 ,      136 ,      105 ,      119 ,        5 ,       87 ,       78 ,      124 ,      113 , 
       0 ,      109 ,       55 ,      126 ,      110 ,        8 ,       48 ,       91 ,       65 ,      148 ,       21 ,       77 ,      149 ,      129 ,       42 ,       61 ,      127 ,       80 ,       67 ,       84 ,      131 ,       60 ,       62 ,      140 ,      118 ,       58 ,       79 ,        1 ,      115 ,      139 ,       45 ,      145 ,      107 ,      128 ,       33 ,       38 ,      116 ,       28 ,       63 ,       35 ,       41 ,      132 ,       51 ,      137 ,       31 ,      112 ,       94 ,      123 ,       12 ,       11 ,       24 ,       75 ,       10 ,       95 ,       57 ,        7 ,       66 ,      108 ,      121 ,      111 ,      135 ,      130 ,      122 ,       39 ,       40 ,      120 ,       13 ,        3 ,       56 ,       36 ,       83 ,       44 ,      103 ,       15 ,       73 ,       99 ,       89 ,       23 ,        4 ,       20 ,       54 ,       59 ,      133 ,      106 ,       93 ,      141 ,       34 ,      134 ,       43 ,      114 ,       90 ,        9 ,      138 ,       72 ,       52 ,       74 ,       16 ,       69 ,      144 ,      142 ,      100 ,      101 ,       46 ,      117 ,      104 ,      147 ,       92 ,      146 ,       71 ,       64 ,       86 ,       85 ,        2 ,       50 ,       49 ,       97 ,       17 ,       22 ,       88 ,      143 ,       68 ,       30 ,      125 ,       98 ,       37 ,       25 ,       14 ,       47 ,       82 ,       26 ,       76 ,       27 ,       18 ,       53 ,       32 ,       29 ,       19 ,       81 ,        6 ,       70 ,       96 ,      102 ,      105 ,      119 ,       87 ,      136 ,       78 ,      124 ,        5 ,      113 , 
       0 ,       55 ,      110 ,       48 ,      109 ,      126 ,        8 ,       77 ,      148 ,      149 ,       65 ,       91 ,      127 ,       61 ,       21 ,      129 ,       42 ,       67 ,       80 ,       84 ,      131 ,       60 ,      118 ,      140 ,       62 ,        1 ,       58 ,       45 ,      139 ,      145 ,      128 ,      115 ,      107 ,       79 ,       28 ,       38 ,       33 ,       63 ,       51 ,      116 ,       35 ,       41 ,      137 ,      132 ,       31 ,      123 ,       12 ,       94 ,      112 ,       24 ,       11 ,       75 ,       10 ,        7 ,       57 ,       95 ,      108 ,      130 ,       66 ,      111 ,      121 ,      122 ,       39 ,       13 ,      135 ,       40 ,      120 ,       56 ,       83 ,        3 ,      103 ,       73 ,       15 ,       36 ,       89 ,       44 ,       99 ,        4 ,      133 ,       23 ,       54 ,      141 ,       93 ,       20 ,       59 ,      134 ,      106 ,       43 ,       90 ,       34 ,      114 ,       74 ,       52 ,        9 ,       69 ,       72 ,      138 ,       16 ,      144 ,      142 ,      101 ,      100 ,       46 ,      117 ,       71 ,      147 ,      146 ,       92 ,       64 ,      104 ,       85 ,       50 ,       86 ,        2 ,       49 ,       22 ,      143 ,       88 ,      125 ,       17 ,       97 ,       30 ,       25 ,       68 ,       82 ,       26 ,       14 ,       37 ,       98 ,       47 ,       27 ,       53 ,       29 ,       18 ,       32 ,       81 ,       76 ,       19 ,        6 ,      102 ,       70 ,       96 ,      105 ,      136 ,       78 ,      119 ,       87 ,      124 ,        5 ,      113 , 
       0 ,      110 ,       48 ,       55 ,      109 ,        8 ,       65 ,      126 ,      148 ,      149 ,       21 ,      127 ,       61 ,       77 ,       91 ,      129 ,       42 ,       67 ,       80 ,      140 ,      131 ,       84 ,       58 ,       60 ,      118 ,      139 ,       45 ,       62 ,        1 ,      145 ,      107 ,       38 ,      128 ,      115 ,       28 ,       79 ,      116 ,       33 ,       51 ,       63 ,      132 ,       35 ,      137 ,       12 ,       41 ,      123 ,       94 ,       31 ,       24 ,      112 ,       11 ,       57 ,       10 ,       75 ,        7 ,       95 ,       66 ,      108 ,      111 ,      130 ,      121 ,      135 ,      122 ,       39 ,       13 ,       40 ,        3 ,      120 ,      103 ,       36 ,       73 ,       44 ,       83 ,       56 ,       99 ,        4 ,       15 ,       89 ,      141 ,       23 ,       54 ,      133 ,       20 ,      134 ,       59 ,       93 ,       43 ,      106 ,       74 ,       34 ,      114 ,       90 ,       52 ,       69 ,        9 ,       72 ,      144 ,      101 ,      100 ,      142 ,      138 ,       16 ,       46 ,       71 ,       64 ,      117 ,      147 ,       92 ,       85 ,      146 ,      104 ,       50 ,        2 ,       86 ,      143 ,       22 ,       49 ,       97 ,       17 ,       88 ,       82 ,       25 ,       30 ,      125 ,       14 ,       47 ,       26 ,       98 ,       53 ,       27 ,       68 ,       37 ,       29 ,       76 ,       18 ,       19 ,       32 ,       70 ,      105 ,       81 ,        6 ,       78 ,      102 ,       87 ,      119 ,      124 ,        5 ,      136 ,       96 ,      113 , 
      48 ,        0 ,      109 ,       55 ,      110 ,      126 ,      148 ,       21 ,       65 ,        8 ,       91 ,      149 ,       61 ,      129 ,       77 ,      127 ,       67 ,      131 ,       42 ,       80 ,      140 ,       84 ,      139 ,       45 ,       58 ,      118 ,       60 ,       62 ,        1 ,       38 ,      107 ,      145 ,       28 ,      128 ,       51 ,      115 ,      116 ,       35 ,       63 ,       79 ,       33 ,      132 ,      137 ,       94 ,       31 ,       12 ,       24 ,      123 ,       41 ,       10 ,       11 ,        7 ,       57 ,       95 ,       75 ,      112 ,      108 ,       66 ,      121 ,      122 ,      130 ,      111 ,        3 ,       13 ,      120 ,       39 ,      135 ,       44 ,       36 ,      103 ,       83 ,       40 ,       15 ,       73 ,       99 ,        4 ,       56 ,      141 ,      133 ,       54 ,       23 ,      134 ,       89 ,       93 ,       20 ,       74 ,       43 ,      114 ,       34 ,       59 ,       52 ,      106 ,       72 ,       90 ,       69 ,        9 ,      144 ,      142 ,       16 ,      138 ,      101 ,      100 ,       71 ,       64 ,       85 ,       46 ,      146 ,      117 ,      147 ,       86 ,       92 ,       50 ,       22 ,      104 ,      143 ,       49 ,       17 ,       88 ,       30 ,        2 ,       14 ,       82 ,       97 ,       47 ,       26 ,      125 ,       98 ,       27 ,       25 ,       68 ,       29 ,       53 ,       37 ,       76 ,       70 ,       18 ,       32 ,        6 ,      102 ,       19 ,       81 ,       78 ,      105 ,      119 ,      136 ,      124 ,       96 ,       87 ,        5 ,      113 , 
      48 ,       55 ,        0 ,      110 ,      148 ,       21 ,      109 ,      126 ,       65 ,        8 ,      149 ,       61 ,      127 ,       91 ,       77 ,      129 ,       80 ,      140 ,       67 ,      131 ,       42 ,       84 ,       45 ,      139 ,       58 ,       60 ,       62 ,      118 ,        1 ,       28 ,      107 ,      145 ,       51 ,       38 ,      128 ,      115 ,       79 ,      116 ,       33 ,       35 ,       63 ,      137 ,      132 ,       12 ,      123 ,       94 ,       31 ,       24 ,       41 ,       10 ,       57 ,       11 ,       75 ,      108 ,       95 ,        7 ,      121 ,      112 ,       66 ,       13 ,      122 ,        3 ,      130 ,       39 ,      120 ,      135 ,      111 ,       40 ,       36 ,       15 ,       44 ,       83 ,       99 ,      103 ,        4 ,       73 ,       54 ,      141 ,       56 ,      134 ,      133 ,       23 ,       93 ,       20 ,       89 ,      114 ,       43 ,       52 ,       74 ,       34 ,       90 ,       59 ,      106 ,       72 ,        9 ,      144 ,       69 ,       16 ,      142 ,      138 ,       64 ,      100 ,      101 ,       71 ,       85 ,       46 ,      117 ,       92 ,      146 ,       86 ,       22 ,      147 ,       49 ,      143 ,      104 ,       50 ,        2 ,       17 ,       88 ,       14 ,       82 ,       30 ,      125 ,       47 ,       98 ,       97 ,       68 ,       26 ,       27 ,       29 ,       53 ,       25 ,       70 ,       18 ,       32 ,       37 ,       76 ,        6 ,      102 ,      119 ,       19 ,       81 ,       78 ,      124 ,       96 ,      113 ,      136 ,      105 ,        5 ,       87 , 
      48 ,       55 ,      148 ,        0 ,      109 ,       21 ,      110 ,      126 ,        8 ,       65 ,      127 ,       61 ,       91 ,      149 ,       80 ,       67 ,      129 ,       42 ,      140 ,       77 ,      131 ,       84 ,       60 ,       45 ,      139 ,      118 ,       28 ,       58 ,       62 ,        1 ,      128 ,      115 ,       79 ,      107 ,       51 ,       35 ,       33 ,      145 ,       38 ,      116 ,       63 ,      132 ,       94 ,      137 ,       12 ,      123 ,       24 ,       11 ,       41 ,       10 ,       31 ,       57 ,      108 ,       75 ,        7 ,       95 ,      121 ,      122 ,      112 ,       13 ,       66 ,      130 ,       39 ,      120 ,        3 ,       40 ,       15 ,       36 ,      135 ,        4 ,      103 ,       99 ,      111 ,       83 ,       73 ,       44 ,      133 ,      134 ,       23 ,      141 ,       54 ,      114 ,       56 ,       20 ,       89 ,       43 ,       52 ,       93 ,       34 ,       74 ,       90 ,      144 ,      106 ,       69 ,       59 ,        9 ,       72 ,       16 ,       64 ,      138 ,      142 ,       46 ,      100 ,       71 ,      101 ,       86 ,       85 ,      146 ,       22 ,      143 ,      147 ,       50 ,      117 ,       17 ,       92 ,       49 ,      104 ,       82 ,      125 ,       14 ,       47 ,       88 ,       68 ,        2 ,       97 ,       98 ,       30 ,       26 ,       53 ,       27 ,       29 ,       32 ,       25 ,       37 ,       18 ,       70 ,       76 ,      119 ,      102 ,       19 ,        6 ,       78 ,       96 ,      124 ,       81 ,      113 ,       87 ,      136 ,        5 ,      105 , 
