788 , 200 , 10 , 418019 , ILST
     195 ,      183 ,      189 ,      178 ,      147 ,      162 ,       84 ,      184 ,      121 ,      136 ,       77 ,      115 ,      151 ,       26 ,      196 ,      193 ,      117 ,       52 ,      163 ,      118 ,      194 ,       69 ,       71 ,      159 ,       43 ,        8 ,      102 ,      166 ,      103 ,       82 ,      152 ,       20 ,      106 ,       83 ,      114 ,       53 ,      126 ,       64 ,      157 ,      187 ,       67 ,      167 ,       86 ,      158 ,       34 ,       55 ,       62 ,      137 ,      144 ,      160 ,       95 ,      164 ,      101 ,      125 ,      161 ,      154 ,       25 ,      173 ,      112 ,       74 ,       57 ,      153 ,       81 ,      169 ,       38 ,       58 ,      179 ,       65 ,      107 ,       45 ,       91 ,      145 ,      134 ,      133 ,       42 ,      113 ,      119 ,      180 ,      172 ,       13 ,      197 ,        7 ,      139 ,       27 ,        6 ,      129 ,      146 ,       94 ,      185 ,       11 ,        9 ,      171 ,       12 ,       51 ,      140 ,       29 ,       75 ,       99 ,       70 ,      155 ,       15 ,      142 ,       88 ,       18 ,       19 ,      191 ,      168 ,       23 ,       60 ,       36 ,       93 ,      156 ,      182 ,       24 ,       46 ,       76 ,       89 ,      150 ,      110 ,       37 ,       17 ,       28 ,       50 ,      123 ,      174 ,       54 ,      120 ,      148 ,      188 ,      104 ,       78 ,      127 ,      100 ,       63 ,      130 ,      149 ,      141 ,      132 ,       66 ,       68 ,        3 ,       49 ,       85 ,        4 ,       90 ,      177 ,      176 ,       16 ,        1 ,      199 ,      175 ,      116 ,       44 ,      131 ,      138 ,       73 ,       72 ,        0 ,       33 ,      190 ,       96 ,      124 ,       32 ,       22 ,       40 ,       39 ,      128 ,       31 ,       97 ,      108 ,       87 ,        5 ,       61 ,       21 ,      186 ,       41 ,      192 ,      111 ,       80 ,       14 ,       35 ,      105 ,       47 ,       30 ,       48 ,      109 ,      198 ,       10 ,       56 ,       92 ,      181 ,      165 ,       59 ,      135 ,      143 ,        2 ,      122 ,       98 ,      170 ,       79 , 
     189 ,      178 ,      147 ,      195 ,       84 ,      184 ,      121 ,      183 ,      162 ,      115 ,       77 ,      136 ,       26 ,      151 ,      196 ,      117 ,      193 ,       52 ,      194 ,      163 ,      118 ,       69 ,      159 ,        8 ,       71 ,       43 ,      102 ,      166 ,      103 ,       82 ,      152 ,      106 ,       20 ,       83 ,       53 ,      126 ,       64 ,      114 ,      157 ,      187 ,       86 ,       67 ,      167 ,      158 ,       34 ,       55 ,      144 ,       62 ,       95 ,      137 ,      101 ,      160 ,      164 ,      161 ,      125 ,      154 ,      173 ,       25 ,       57 ,       74 ,      112 ,       81 ,      153 ,       38 ,      169 ,       65 ,       58 ,      179 ,      107 ,       91 ,      145 ,      134 ,       42 ,       45 ,      133 ,      113 ,      119 ,      172 ,      180 ,      197 ,       13 ,        7 ,       27 ,      129 ,      139 ,        6 ,      185 ,       94 ,      146 ,        9 ,       11 ,       12 ,      171 ,      140 ,       75 ,       99 ,       51 ,       29 ,       15 ,      155 ,       70 ,       18 ,      142 ,       88 ,       19 ,      168 ,      191 ,       60 ,       93 ,       23 ,       36 ,      156 ,       46 ,      182 ,       24 ,       89 ,      150 ,       76 ,      110 ,       37 ,       17 ,      123 ,       28 ,       54 ,       50 ,      120 ,      188 ,      174 ,       78 ,      148 ,      127 ,      100 ,      104 ,      130 ,      141 ,      149 ,       63 ,      132 ,       66 ,        3 ,       68 ,       85 ,       49 ,        4 ,       90 ,      176 ,        1 ,       16 ,      199 ,      177 ,      116 ,      175 ,      138 ,       73 ,       72 ,       44 ,      131 ,       33 ,        0 ,       96 ,      124 ,      190 ,       22 ,       32 ,       40 ,       39 ,      128 ,       31 ,      108 ,       97 ,        5 ,       87 ,      186 ,       61 ,       21 ,      111 ,      192 ,       41 ,       80 ,       14 ,      105 ,       35 ,       47 ,      109 ,       30 ,      198 ,       56 ,       48 ,       10 ,      181 ,       59 ,       92 ,      135 ,      143 ,      165 ,        2 ,       98 ,      170 ,      122 ,       79 , 
     178 ,      147 ,      195 ,      189 ,      184 ,      183 ,      121 ,       84 ,      162 ,       77 ,       26 ,      115 ,      151 ,      136 ,      117 ,      196 ,      193 ,      163 ,      118 ,       52 ,       69 ,        8 ,      194 ,      159 ,       43 ,       71 ,      102 ,      166 ,      152 ,      103 ,       82 ,      106 ,       20 ,       53 ,      126 ,       83 ,       64 ,      157 ,       86 ,      114 ,      187 ,       67 ,       34 ,      158 ,      167 ,       62 ,       55 ,      137 ,       95 ,      144 ,      101 ,      160 ,      161 ,      125 ,      164 ,       25 ,      154 ,      173 ,      112 ,       74 ,       57 ,       81 ,      153 ,       38 ,      169 ,       58 ,      179 ,       65 ,      107 ,      134 ,      145 ,       91 ,       45 ,      113 ,      133 ,       42 ,      119 ,      180 ,       13 ,      172 ,        7 ,      197 ,       27 ,      129 ,        6 ,       94 ,      185 ,      139 ,      146 ,       12 ,        9 ,       11 ,      140 ,      171 ,       99 ,       75 ,       51 ,      155 ,       29 ,       70 ,       15 ,      142 ,       88 ,       18 ,      191 ,       19 ,      168 ,       93 ,       23 ,       60 ,      156 ,       36 ,       24 ,       89 ,      182 ,       46 ,      110 ,      150 ,       76 ,       37 ,      123 ,       54 ,       50 ,       17 ,       28 ,      120 ,      188 ,      174 ,       78 ,      127 ,      148 ,      100 ,      130 ,      104 ,      141 ,      149 ,       63 ,        3 ,       66 ,      132 ,       49 ,       85 ,       68 ,        4 ,       90 ,        1 ,      176 ,       16 ,      177 ,      116 ,      199 ,      138 ,       72 ,       73 ,      175 ,       44 ,       33 ,        0 ,      131 ,      124 ,       96 ,      190 ,       32 ,       39 ,       40 ,       22 ,       31 ,      108 ,        5 ,       97 ,      128 ,       61 ,       21 ,      186 ,       87 ,       41 ,      111 ,       80 ,      192 ,       14 ,       35 ,      109 ,      105 ,       47 ,       30 ,       56 ,      198 ,      181 ,       59 ,       10 ,       48 ,      143 ,       92 ,      135 ,      165 ,       98 ,        2 ,       79 ,      170 ,      122 , 
     195 ,      189 ,      147 ,      183 ,      178 ,       84 ,      184 ,      121 ,       26 ,      115 ,      151 ,      162 ,      136 ,       77 ,      117 ,      193 ,      118 ,      196 ,      163 ,        8 ,      194 ,       69 ,       52 ,       43 ,      159 ,       71 ,      102 ,      103 ,       82 ,      152 ,      166 ,       20 ,      106 ,       53 ,       83 ,      126 ,      157 ,       86 ,       64 ,       67 ,      114 ,      187 ,       34 ,       62 ,      167 ,      158 ,       55 ,      144 ,      137 ,       95 ,      101 ,      125 ,      160 ,      161 ,       25 ,      164 ,      154 ,      173 ,      112 ,       57 ,      153 ,       74 ,      169 ,       81 ,      179 ,       38 ,       65 ,      107 ,       58 ,      145 ,       45 ,      113 ,       91 ,      134 ,      119 ,      133 ,      180 ,      172 ,       42 ,       13 ,       27 ,        7 ,      197 ,       94 ,        6 ,      129 ,      185 ,      139 ,       12 ,      146 ,      140 ,       11 ,        9 ,      171 ,       51 ,       75 ,       99 ,      155 ,       70 ,       29 ,       88 ,       15 ,       18 ,       19 ,      142 ,       93 ,      191 ,      168 ,       60 ,       23 ,      156 ,       24 ,       89 ,       36 ,      182 ,       46 ,      150 ,      110 ,       76 ,       37 ,      123 ,       54 ,       50 ,       28 ,      120 ,       17 ,      174 ,      188 ,      127 ,      148 ,       78 ,      100 ,      130 ,      141 ,      104 ,      149 ,       66 ,        3 ,       63 ,       49 ,      132 ,       68 ,       85 ,        4 ,        1 ,       90 ,      176 ,       16 ,      116 ,      199 ,      177 ,      138 ,      175 ,       44 ,       73 ,       72 ,      131 ,       33 ,        0 ,       96 ,      190 ,      124 ,       32 ,       22 ,       39 ,       40 ,        5 ,       97 ,      108 ,       31 ,      128 ,      186 ,       61 ,       21 ,       41 ,       80 ,      192 ,       87 ,       14 ,      111 ,      109 ,       35 ,      105 ,       47 ,      198 ,       30 ,      181 ,       56 ,       48 ,      143 ,       59 ,       10 ,       92 ,      165 ,      135 ,       79 ,       98 ,        2 ,      122 ,      170 , 
     195 ,      183 ,      189 ,      147 ,       84 ,      184 ,      178 ,      115 ,      121 ,       26 ,      136 ,      162 ,      151 ,       77 ,      117 ,      196 ,      193 ,      118 ,      194 ,       69 ,        8 ,      163 ,       52 ,       43 ,      102 ,      159 ,       71 ,      152 ,      103 ,       82 ,       20 ,      106 ,       83 ,      126 ,      166 ,      157 ,       53 ,       64 ,       86 ,       67 ,       34 ,      114 ,      187 ,      167 ,       62 ,      158 ,      144 ,      137 ,      101 ,       55 ,      160 ,      125 ,       25 ,       95 ,      161 ,      154 ,      164 ,       57 ,      153 ,      173 ,      169 ,      112 ,       74 ,      179 ,       38 ,       81 ,       65 ,       58 ,      107 ,      145 ,       91 ,      134 ,      119 ,       45 ,      113 ,      133 ,      180 ,       13 ,       42 ,      172 ,      197 ,       94 ,        6 ,        7 ,       27 ,      129 ,       12 ,      185 ,      146 ,      139 ,        9 ,       51 ,       11 ,      140 ,       99 ,      171 ,       75 ,      155 ,       70 ,       29 ,       88 ,       15 ,       19 ,       93 ,       18 ,      191 ,      142 ,       89 ,      156 ,      168 ,       60 ,       23 ,       36 ,       24 ,      182 ,      150 ,      110 ,       46 ,       37 ,      123 ,       76 ,       54 ,       50 ,      120 ,       28 ,       17 ,      174 ,      127 ,      188 ,      100 ,      148 ,       78 ,        3 ,      141 ,       66 ,      130 ,      104 ,       49 ,       63 ,      149 ,       68 ,       85 ,      132 ,        1 ,        4 ,       90 ,      176 ,      199 ,      177 ,       16 ,      116 ,      175 ,       44 ,      138 ,       73 ,       33 ,      131 ,        0 ,       72 ,       96 ,       32 ,      124 ,      190 ,       22 ,       40 ,       97 ,       39 ,        5 ,       31 ,      108 ,      128 ,      186 ,       61 ,       21 ,       80 ,       41 ,       87 ,      192 ,      111 ,      109 ,      105 ,       14 ,       47 ,      181 ,       35 ,      198 ,       30 ,       56 ,       59 ,       48 ,       10 ,      143 ,       92 ,      165 ,      135 ,       79 ,      122 ,        2 ,       98 ,      170 , 
     195 ,      183 ,      189 ,       84 ,      147 ,      184 ,      115 ,      121 ,       26 ,      178 ,      151 ,      162 ,      117 ,      136 ,      196 ,      193 ,       77 ,      118 ,      194 ,        8 ,      163 ,       52 ,       69 ,       43 ,      159 ,      152 ,      102 ,      103 ,       71 ,       20 ,       82 ,      126 ,      106 ,       83 ,      157 ,      166 ,       86 ,       53 ,       64 ,      114 ,       34 ,       67 ,       62 ,      187 ,      158 ,      167 ,      101 ,       55 ,      144 ,      125 ,      160 ,      137 ,       95 ,      154 ,       25 ,       57 ,      161 ,      153 ,      164 ,      173 ,      112 ,      179 ,      169 ,       74 ,       81 ,       65 ,       38 ,      107 ,       91 ,       58 ,      134 ,      113 ,      145 ,      119 ,      133 ,       45 ,       42 ,      180 ,       13 ,      197 ,      172 ,        7 ,      146 ,       94 ,       27 ,        6 ,      129 ,       12 ,      185 ,      139 ,        9 ,       51 ,       99 ,      171 ,       75 ,       11 ,      140 ,       70 ,       29 ,      155 ,       15 ,       88 ,       19 ,       93 ,      142 ,       18 ,      191 ,      168 ,       89 ,      156 ,       60 ,       36 ,       23 ,       24 ,      182 ,      110 ,      150 ,       37 ,      123 ,       54 ,       76 ,       46 ,       28 ,       50 ,      120 ,       17 ,      174 ,      127 ,      188 ,      148 ,      100 ,       78 ,        3 ,      141 ,      104 ,       49 ,       66 ,      149 ,       68 ,      130 ,       63 ,       85 ,        1 ,      132 ,        4 ,       90 ,      199 ,      176 ,       16 ,      177 ,      116 ,       44 ,      131 ,      175 ,        0 ,      138 ,       72 ,       96 ,       73 ,      190 ,       32 ,       33 ,       40 ,      124 ,       22 ,       97 ,        5 ,       39 ,      108 ,      128 ,       31 ,      186 ,       80 ,       61 ,       21 ,       87 ,       41 ,      111 ,      105 ,      109 ,      192 ,       14 ,       35 ,       47 ,      181 ,      198 ,       30 ,       56 ,       59 ,      143 ,       92 ,      165 ,       10 ,       48 ,      135 ,      122 ,       79 ,      170 ,       98 ,        2 , 
     195 ,      183 ,      189 ,      147 ,      115 ,       84 ,      121 ,      178 ,      184 ,      151 ,       26 ,      136 ,      162 ,      196 ,      117 ,       77 ,      118 ,      193 ,      194 ,       52 ,        8 ,      163 ,       69 ,       43 ,      152 ,      159 ,       71 ,       20 ,       82 ,      103 ,      102 ,      106 ,      126 ,       83 ,      157 ,       86 ,       53 ,      166 ,       34 ,      114 ,       62 ,       64 ,       67 ,      167 ,      158 ,      187 ,      144 ,      101 ,       55 ,      125 ,      160 ,      154 ,      137 ,       95 ,       57 ,      153 ,       25 ,      173 ,      161 ,      179 ,      169 ,      164 ,      112 ,       81 ,       38 ,       74 ,      107 ,       65 ,       58 ,       91 ,      134 ,      113 ,      119 ,      133 ,      145 ,       42 ,       45 ,      180 ,       13 ,      197 ,      172 ,      146 ,       27 ,        6 ,      129 ,        7 ,       94 ,      185 ,       12 ,      139 ,        9 ,       75 ,       99 ,      171 ,       11 ,       51 ,       29 ,      140 ,      155 ,       70 ,       88 ,       19 ,       93 ,       15 ,       18 ,      142 ,      191 ,      156 ,      168 ,       89 ,       23 ,       24 ,       60 ,      182 ,       36 ,       37 ,      150 ,      123 ,      110 ,       76 ,       54 ,       50 ,       28 ,       46 ,      120 ,       17 ,      127 ,      174 ,      188 ,       78 ,      100 ,      148 ,      141 ,      104 ,        3 ,      149 ,       66 ,       49 ,       63 ,       68 ,      130 ,       85 ,      132 ,        4 ,        1 ,      199 ,      176 ,       16 ,       90 ,       44 ,      177 ,      131 ,      116 ,      175 ,        0 ,       96 ,      138 ,       72 ,       73 ,      190 ,       33 ,       32 ,      124 ,       40 ,       97 ,       22 ,        5 ,       39 ,       31 ,      108 ,       80 ,      128 ,      186 ,       61 ,       21 ,       41 ,       87 ,      109 ,      105 ,      111 ,       14 ,       35 ,      192 ,       47 ,      181 ,       30 ,       56 ,      198 ,       59 ,       92 ,      143 ,      165 ,       10 ,       48 ,      122 ,      135 ,       79 ,       98 ,        2 ,      170 , 
     195 ,      147 ,      183 ,      189 ,      115 ,       84 ,      121 ,      178 ,      151 ,       26 ,      136 ,      184 ,      117 ,      162 ,      118 ,      196 ,       77 ,      193 ,      194 ,      163 ,       52 ,        8 ,       69 ,      159 ,      152 ,       71 ,       20 ,       43 ,      102 ,      103 ,       82 ,      106 ,       83 ,      126 ,      157 ,       53 ,       86 ,       34 ,      114 ,      166 ,       62 ,       67 ,       64 ,      167 ,      158 ,      187 ,      144 ,       55 ,      101 ,      137 ,      160 ,       95 ,      154 ,      125 ,       57 ,       25 ,      153 ,      173 ,      169 ,      179 ,      161 ,      164 ,       81 ,      112 ,       38 ,       74 ,       58 ,      107 ,       65 ,      134 ,      113 ,      119 ,       91 ,      145 ,       42 ,      180 ,       13 ,      133 ,       45 ,      172 ,      197 ,        6 ,       27 ,      146 ,      129 ,        7 ,       94 ,      139 ,       12 ,      185 ,        9 ,       75 ,       99 ,       11 ,      171 ,       51 ,      155 ,       29 ,      140 ,       70 ,       93 ,       88 ,       15 ,       18 ,       19 ,      191 ,      142 ,      156 ,      168 ,       89 ,       23 ,       60 ,       24 ,      182 ,      150 ,       36 ,       37 ,      123 ,       54 ,       76 ,      110 ,       50 ,       28 ,       46 ,      120 ,      174 ,      127 ,       17 ,      188 ,      100 ,      141 ,       78 ,      148 ,      104 ,        3 ,      149 ,       49 ,       66 ,       63 ,       68 ,       85 ,        4 ,      130 ,      132 ,        1 ,      199 ,       16 ,       44 ,       90 ,      176 ,      177 ,      116 ,      131 ,      175 ,       96 ,        0 ,      138 ,       72 ,       33 ,       73 ,       32 ,      190 ,      124 ,       97 ,       40 ,       39 ,        5 ,       22 ,      108 ,      128 ,       31 ,      186 ,       61 ,       41 ,       80 ,       21 ,       87 ,      111 ,      109 ,      105 ,      192 ,       14 ,       35 ,       47 ,       30 ,      198 ,       59 ,       56 ,      181 ,      143 ,       92 ,       48 ,       10 ,      122 ,      135 ,      165 ,       79 ,      170 ,       98 ,        2 , 
     195 ,      189 ,      183 ,      115 ,      147 ,      121 ,       84 ,      151 ,      178 ,      184 ,       26 ,      136 ,      117 ,      196 ,      162 ,       77 ,      118 ,      193 ,      194 ,       52 ,      163 ,        8 ,      159 ,       69 ,      152 ,       20 ,       71 ,      102 ,       43 ,      103 ,      106 ,       82 ,      157 ,      126 ,       53 ,       83 ,       86 ,      114 ,       34 ,       67 ,      166 ,      167 ,      158 ,       64 ,       62 ,       55 ,      187 ,      144 ,      101 ,      160 ,      137 ,       25 ,      125 ,       57 ,       95 ,      154 ,      169 ,      153 ,      173 ,      164 ,       81 ,      179 ,      161 ,      112 ,       38 ,       58 ,       74 ,       65 ,      107 ,      119 ,      134 ,      145 ,      113 ,      180 ,       91 ,       13 ,       42 ,      172 ,      133 ,      197 ,       27 ,       45 ,       94 ,        6 ,      129 ,      139 ,      146 ,        7 ,      185 ,       12 ,       75 ,        9 ,       99 ,      171 ,       29 ,       11 ,       51 ,       70 ,      155 ,      140 ,       93 ,       15 ,       18 ,       88 ,       19 ,      191 ,      168 ,      142 ,       89 ,       23 ,       24 ,      156 ,       60 ,      150 ,      182 ,       37 ,       36 ,      123 ,       54 ,      110 ,       76 ,       50 ,       46 ,      127 ,       28 ,      174 ,       17 ,      120 ,      188 ,       78 ,      141 ,      100 ,      148 ,        3 ,      149 ,      104 ,       49 ,       66 ,       68 ,       85 ,       63 ,      132 ,        4 ,      130 ,        1 ,      199 ,      176 ,       16 ,      177 ,       90 ,      131 ,      175 ,       44 ,      116 ,        0 ,       96 ,      138 ,       72 ,       33 ,      190 ,       32 ,       73 ,      124 ,       40 ,       97 ,       39 ,       22 ,      128 ,        5 ,       41 ,      186 ,       31 ,      108 ,       61 ,      111 ,       21 ,       80 ,       87 ,      192 ,      109 ,      105 ,       14 ,       30 ,      198 ,       35 ,       47 ,       56 ,      143 ,      181 ,       59 ,       92 ,      122 ,       10 ,      165 ,       48 ,      135 ,      170 ,       79 ,       98 ,        2 , 
     195 ,      115 ,      189 ,      147 ,      183 ,       84 ,      121 ,      151 ,       26 ,      136 ,      178 ,      184 ,      196 ,      117 ,      162 ,       77 ,      118 ,      193 ,      163 ,      194 ,       52 ,       69 ,        8 ,      159 ,       71 ,       20 ,       43 ,      152 ,      102 ,       82 ,      103 ,      106 ,      157 ,       83 ,       53 ,      126 ,       86 ,      114 ,       34 ,       67 ,      166 ,      158 ,       62 ,      167 ,       64 ,       55 ,      187 ,      144 ,      137 ,      101 ,      160 ,       25 ,       57 ,       95 ,      125 ,      169 ,      154 ,      173 ,       81 ,      179 ,      153 ,      112 ,       38 ,      164 ,       74 ,      161 ,       65 ,       58 ,      134 ,      119 ,      107 ,      145 ,      113 ,      180 ,       91 ,       42 ,      172 ,       13 ,      133 ,       27 ,       94 ,        6 ,      139 ,      197 ,      129 ,      146 ,       45 ,      185 ,       75 ,        7 ,        9 ,       99 ,       12 ,      171 ,       11 ,       70 ,       29 ,      140 ,      155 ,       51 ,       15 ,       18 ,       93 ,      191 ,       19 ,       88 ,       89 ,      142 ,      168 ,      156 ,       23 ,       24 ,       60 ,      150 ,       36 ,      182 ,       37 ,       54 ,      123 ,       76 ,       50 ,      110 ,      127 ,       46 ,      174 ,      120 ,       28 ,      188 ,       17 ,      141 ,       78 ,        3 ,      100 ,      148 ,       49 ,      149 ,       68 ,       66 ,      104 ,       85 ,       63 ,      132 ,        1 ,        4 ,      130 ,      176 ,      177 ,      199 ,       16 ,       90 ,      175 ,      131 ,      116 ,        0 ,       96 ,       44 ,       72 ,      138 ,      190 ,       32 ,       33 ,       40 ,       73 ,      124 ,       97 ,       39 ,      128 ,        5 ,       22 ,       41 ,       31 ,       61 ,      186 ,      108 ,      111 ,       87 ,       21 ,       80 ,      192 ,      109 ,      105 ,       14 ,      198 ,       30 ,       35 ,       56 ,       47 ,      181 ,       59 ,      143 ,       92 ,       10 ,      165 ,      122 ,       48 ,      135 ,      170 ,       79 ,       98 ,        2 , 
