1284 , 200 , 10 , 125 , IGT
     180 ,       73 ,      138 ,      107 ,      196 ,       32 ,      179 ,      170 ,       40 ,      109 ,      125 ,       52 ,      199 ,        6 ,       50 ,      190 ,      146 ,      194 ,      132 ,       17 ,       63 ,       57 ,      147 ,      100 ,       13 ,      149 ,      192 ,       79 ,       25 ,       26 ,       55 ,      148 ,       67 ,      189 ,       53 ,        3 ,      187 ,       20 ,       66 ,       72 ,       47 ,      174 ,       27 ,      114 ,       80 ,       11 ,       64 ,       95 ,      112 ,      122 ,      178 ,       33 ,       60 ,       30 ,       91 ,      116 ,       89 ,       69 ,      157 ,      123 ,      110 ,       93 ,       37 ,      136 ,      131 ,      108 ,       54 ,       85 ,      115 ,        7 ,      171 ,       45 ,       75 ,      167 ,      188 ,       21 ,      177 ,      198 ,      172 ,       28 ,       86 ,        5 ,      141 ,      117 ,       10 ,      159 ,       36 ,      121 ,       70 ,       12 ,      120 ,      151 ,       24 ,      162 ,      130 ,      154 ,      104 ,       59 ,       71 ,       42 ,       97 ,      183 ,       82 ,      156 ,       84 ,        0 ,       83 ,       94 ,      128 ,      135 ,       29 ,       31 ,      142 ,       90 ,       34 ,      113 ,      105 ,        9 ,      103 ,      140 ,      163 ,        2 ,      186 ,       23 ,      145 ,      181 ,      164 ,       92 ,       35 ,      118 ,      102 ,        4 ,        8 ,      129 ,      169 ,       58 ,      193 ,       68 ,      168 ,      182 ,      160 ,      195 ,      152 ,      106 ,       98 ,       48 ,      184 ,      161 ,       87 ,      124 ,      173 ,      101 ,       78 ,       44 ,      155 ,       39 ,      126 ,       14 ,       61 ,       46 ,        1 ,       62 ,       49 ,      111 ,       19 ,       16 ,      176 ,       38 ,      158 ,      119 ,      166 ,       15 ,       41 ,      127 ,      139 ,      133 ,      197 ,      150 ,       56 ,       81 ,      185 ,       96 ,      134 ,      143 ,       88 ,       18 ,       77 ,       43 ,       22 ,      175 ,       99 ,       76 ,      191 ,       51 ,       65 ,       74 ,      144 ,      153 ,      165 ,      137 , 
      73 ,      107 ,      138 ,       32 ,      180 ,      179 ,      170 ,      196 ,       40 ,      109 ,       52 ,      125 ,      199 ,        6 ,      190 ,       50 ,      146 ,      132 ,      194 ,       63 ,       57 ,       17 ,      100 ,      147 ,      192 ,      149 ,       13 ,       25 ,       55 ,       79 ,       26 ,      148 ,       53 ,       67 ,      187 ,      189 ,        3 ,       72 ,       66 ,      174 ,       20 ,       47 ,       27 ,       80 ,       64 ,      114 ,      112 ,       95 ,       11 ,      122 ,      178 ,       30 ,       60 ,       91 ,       33 ,      116 ,       89 ,      123 ,      157 ,       69 ,       37 ,      110 ,      131 ,      136 ,      108 ,       54 ,       45 ,      115 ,        7 ,      171 ,       75 ,       85 ,      167 ,       21 ,      188 ,       93 ,      177 ,      198 ,       86 ,       28 ,      172 ,      117 ,        5 ,      141 ,       36 ,      159 ,       10 ,       70 ,      121 ,       12 ,      151 ,      120 ,      162 ,      154 ,       97 ,      130 ,       59 ,      104 ,       24 ,       71 ,      183 ,       42 ,       82 ,      156 ,       83 ,        0 ,       84 ,      128 ,       94 ,       29 ,      135 ,       31 ,      142 ,       34 ,       90 ,      113 ,        9 ,      103 ,      105 ,      163 ,      186 ,        2 ,       23 ,      140 ,      181 ,      145 ,      164 ,       35 ,       92 ,        4 ,        8 ,      102 ,      118 ,       58 ,      193 ,       68 ,      129 ,      169 ,      182 ,      168 ,      160 ,      152 ,      195 ,       98 ,      106 ,      101 ,      184 ,      161 ,      124 ,      173 ,       44 ,       87 ,      155 ,       48 ,       39 ,       61 ,      126 ,       46 ,       62 ,       78 ,      158 ,       14 ,      111 ,       49 ,      150 ,       38 ,      176 ,       19 ,      119 ,        1 ,      166 ,       15 ,      127 ,       16 ,      139 ,      133 ,       41 ,      197 ,       56 ,       81 ,      185 ,      134 ,       96 ,      143 ,       18 ,       88 ,       22 ,       43 ,       77 ,       76 ,      175 ,       99 ,      191 ,       51 ,       74 ,       65 ,      153 ,      144 ,      165 ,      137 , 
     138 ,       73 ,      107 ,      179 ,       32 ,      180 ,       40 ,      196 ,      125 ,      170 ,      109 ,      199 ,       52 ,      190 ,       50 ,      132 ,        6 ,       63 ,      194 ,      146 ,       57 ,       17 ,      100 ,      147 ,      192 ,       13 ,      149 ,       79 ,       55 ,       25 ,       26 ,       53 ,      148 ,      189 ,      187 ,       67 ,       66 ,        3 ,       20 ,       72 ,       47 ,      174 ,       80 ,       27 ,      114 ,      112 ,       64 ,       11 ,       95 ,      122 ,       60 ,      178 ,       91 ,       30 ,       89 ,       33 ,      116 ,      123 ,       69 ,      110 ,      157 ,       37 ,      108 ,      131 ,      136 ,       45 ,        7 ,      171 ,      115 ,       54 ,      167 ,       75 ,       85 ,       21 ,       93 ,      198 ,      188 ,       28 ,       86 ,      177 ,      172 ,      141 ,      117 ,        5 ,       36 ,       10 ,      159 ,       70 ,      121 ,       12 ,      120 ,      151 ,      154 ,      162 ,       97 ,      130 ,       59 ,      104 ,      183 ,       42 ,       24 ,      156 ,        0 ,       83 ,       71 ,       82 ,       84 ,       94 ,       29 ,      128 ,       31 ,      142 ,      135 ,       90 ,       34 ,      103 ,        9 ,      113 ,      163 ,        2 ,      105 ,      186 ,       23 ,      145 ,      140 ,       35 ,      181 ,      164 ,       92 ,        8 ,      118 ,      102 ,        4 ,       68 ,      193 ,       58 ,      182 ,      169 ,      129 ,      152 ,      168 ,      160 ,       98 ,      195 ,      106 ,      101 ,      124 ,      161 ,      184 ,      173 ,      155 ,       87 ,       48 ,       61 ,       44 ,       39 ,       46 ,      126 ,       62 ,       78 ,      111 ,       14 ,      150 ,      158 ,      176 ,       38 ,       49 ,       19 ,      166 ,       15 ,       16 ,      119 ,        1 ,      127 ,       41 ,      133 ,      139 ,      197 ,       56 ,       81 ,      185 ,      143 ,       18 ,      134 ,       88 ,       96 ,       43 ,       76 ,       77 ,       99 ,       22 ,      175 ,      191 ,       65 ,       51 ,       74 ,      165 ,      144 ,      137 ,      153 , 
     138 ,      179 ,       73 ,      107 ,       32 ,      180 ,       40 ,      196 ,      109 ,      125 ,      170 ,      199 ,      190 ,       50 ,        6 ,       63 ,       52 ,      194 ,       57 ,      132 ,      146 ,      147 ,       17 ,      100 ,      192 ,       13 ,      149 ,       79 ,       25 ,       55 ,      148 ,       26 ,       53 ,      189 ,      187 ,       67 ,        3 ,       66 ,       20 ,       72 ,       47 ,      174 ,       27 ,       80 ,      114 ,       11 ,       64 ,       95 ,      112 ,      122 ,       60 ,      178 ,       30 ,       89 ,       91 ,      116 ,      123 ,       33 ,       69 ,      157 ,       37 ,      110 ,      136 ,      108 ,        7 ,      131 ,       45 ,       54 ,      167 ,      115 ,      171 ,       21 ,       85 ,       75 ,       93 ,      198 ,      188 ,       28 ,      172 ,       86 ,      177 ,      141 ,      117 ,       36 ,      159 ,        5 ,       10 ,       70 ,      121 ,       12 ,      120 ,      151 ,      154 ,      162 ,       59 ,       97 ,      130 ,      104 ,       24 ,      183 ,       42 ,      156 ,       71 ,        0 ,       84 ,       94 ,       82 ,       83 ,       29 ,      128 ,       31 ,      142 ,      135 ,       90 ,      103 ,       34 ,      113 ,        9 ,      163 ,        2 ,      186 ,      105 ,      145 ,       23 ,      181 ,      140 ,      164 ,       35 ,      118 ,        8 ,       92 ,       68 ,      102 ,      193 ,        4 ,      169 ,      182 ,       58 ,      152 ,      168 ,      129 ,      160 ,      161 ,      106 ,       98 ,      124 ,      195 ,      101 ,      173 ,       87 ,      184 ,      155 ,       61 ,       48 ,       46 ,       44 ,       39 ,       78 ,      126 ,       62 ,      111 ,      150 ,       14 ,       38 ,      158 ,       19 ,       49 ,      166 ,      176 ,      119 ,       15 ,       16 ,      127 ,        1 ,       41 ,      139 ,      133 ,       81 ,      185 ,      143 ,      197 ,       56 ,       18 ,       88 ,      134 ,       76 ,       96 ,       43 ,       22 ,       77 ,      191 ,       99 ,      175 ,       74 ,       51 ,      165 ,      144 ,       65 ,      153 ,      137 , 
     138 ,      179 ,      107 ,       73 ,      180 ,       40 ,      196 ,      109 ,       32 ,      170 ,      190 ,      199 ,        6 ,      125 ,       50 ,      194 ,       63 ,       57 ,      146 ,      132 ,       52 ,      147 ,       17 ,       13 ,      100 ,      149 ,      192 ,       25 ,       79 ,      148 ,       53 ,       55 ,       26 ,      189 ,        3 ,       66 ,       20 ,       67 ,      187 ,       72 ,      174 ,       27 ,       47 ,       80 ,       64 ,      114 ,       95 ,       11 ,       60 ,      122 ,      112 ,      178 ,       89 ,      116 ,       30 ,       33 ,       91 ,      123 ,       69 ,      157 ,      110 ,      108 ,       37 ,      136 ,      131 ,        7 ,       45 ,      167 ,       54 ,      171 ,      115 ,       75 ,       85 ,       93 ,       21 ,      198 ,       28 ,      188 ,      172 ,      141 ,       86 ,      177 ,       36 ,      159 ,       10 ,      117 ,       70 ,      121 ,        5 ,      162 ,      151 ,      120 ,       12 ,      154 ,       97 ,      130 ,      104 ,       59 ,      183 ,       42 ,      156 ,       24 ,       71 ,        0 ,       84 ,       82 ,       83 ,       29 ,       94 ,       31 ,      142 ,      128 ,      103 ,      135 ,       90 ,       34 ,        9 ,      113 ,      186 ,      163 ,      145 ,        2 ,      105 ,      181 ,       23 ,       35 ,      164 ,      140 ,      118 ,       68 ,        8 ,       92 ,      102 ,      193 ,      169 ,        4 ,       58 ,      168 ,      182 ,      160 ,      129 ,      152 ,      106 ,       98 ,      195 ,      161 ,      101 ,      124 ,      173 ,      184 ,       61 ,      155 ,       87 ,       48 ,       44 ,       78 ,      126 ,       46 ,       39 ,      111 ,      150 ,       14 ,       62 ,       19 ,       38 ,      158 ,      166 ,      176 ,      119 ,       49 ,       15 ,       16 ,      127 ,        1 ,       41 ,      133 ,      139 ,       81 ,      197 ,       56 ,       18 ,      185 ,      143 ,       88 ,       76 ,      134 ,       43 ,       96 ,       77 ,       99 ,       22 ,       74 ,      175 ,      165 ,      191 ,       51 ,       65 ,      144 ,      137 ,      153 , 
     138 ,      179 ,      107 ,       40 ,      196 ,      180 ,       73 ,       32 ,      190 ,      109 ,        6 ,       63 ,      170 ,       50 ,      199 ,      125 ,      146 ,       57 ,      194 ,      147 ,       52 ,      132 ,       17 ,       13 ,      149 ,      100 ,      192 ,       25 ,       79 ,      148 ,       53 ,       55 ,      189 ,       66 ,        3 ,       26 ,      187 ,       67 ,       20 ,       27 ,      174 ,       72 ,       64 ,       80 ,       95 ,       11 ,       47 ,       60 ,      114 ,      178 ,      122 ,      112 ,      116 ,       89 ,       33 ,       30 ,       69 ,       91 ,      123 ,      157 ,      110 ,       37 ,      108 ,      136 ,        7 ,       45 ,      131 ,      167 ,      171 ,       54 ,       75 ,       85 ,       21 ,       93 ,      115 ,      198 ,       28 ,      172 ,      188 ,      141 ,      177 ,       36 ,       86 ,      159 ,       70 ,      121 ,      117 ,       10 ,      151 ,        5 ,      120 ,       12 ,      162 ,      154 ,      130 ,      104 ,       97 ,       59 ,      183 ,        0 ,       24 ,       42 ,       71 ,      156 ,       84 ,       83 ,       82 ,       94 ,       29 ,      142 ,      103 ,      128 ,       31 ,       34 ,       90 ,      135 ,      113 ,        9 ,      186 ,      163 ,        2 ,      105 ,      181 ,      145 ,       23 ,      164 ,       35 ,      140 ,      118 ,        8 ,       68 ,      193 ,       92 ,      102 ,      169 ,       58 ,        4 ,      182 ,      160 ,      168 ,      129 ,       98 ,      106 ,      152 ,      161 ,      101 ,      195 ,      124 ,      184 ,      173 ,       87 ,       48 ,      155 ,       78 ,      126 ,       61 ,       44 ,       46 ,       39 ,      150 ,       14 ,       62 ,       38 ,      111 ,       19 ,      158 ,      119 ,      176 ,       15 ,       16 ,      166 ,       49 ,      127 ,        1 ,       41 ,      133 ,      139 ,       81 ,      197 ,       18 ,      143 ,      185 ,       56 ,       88 ,       76 ,      134 ,       96 ,       77 ,       99 ,       43 ,       74 ,      175 ,       22 ,      191 ,      165 ,       51 ,       65 ,      137 ,      153 ,      144 , 
     138 ,      107 ,      179 ,      196 ,       40 ,      180 ,      190 ,       73 ,       32 ,        6 ,       63 ,      109 ,      170 ,       50 ,      125 ,      146 ,       57 ,      199 ,      147 ,       52 ,      194 ,      132 ,       17 ,       13 ,      149 ,       25 ,       79 ,      148 ,      192 ,      100 ,       55 ,       53 ,        3 ,       66 ,      189 ,      187 ,       26 ,       27 ,       67 ,       72 ,       64 ,       20 ,      174 ,       95 ,       11 ,       80 ,       47 ,      114 ,       60 ,      122 ,      178 ,       89 ,      112 ,      116 ,       69 ,       30 ,       33 ,      123 ,      157 ,       91 ,       37 ,      110 ,      108 ,        7 ,      136 ,      167 ,       45 ,      131 ,      171 ,       54 ,       85 ,       75 ,       93 ,      115 ,      198 ,       21 ,       28 ,      172 ,      177 ,      188 ,       36 ,      141 ,      159 ,       86 ,       70 ,      121 ,      117 ,       10 ,        5 ,      151 ,      120 ,       12 ,      162 ,      130 ,       97 ,      154 ,      104 ,       59 ,      183 ,       24 ,        0 ,       42 ,      156 ,       71 ,       84 ,       83 ,       29 ,       94 ,      128 ,       82 ,       31 ,      142 ,       34 ,      103 ,       90 ,      135 ,      186 ,        9 ,      113 ,      105 ,        2 ,      163 ,      145 ,      181 ,       23 ,      164 ,       35 ,      118 ,      140 ,       68 ,      193 ,        8 ,       92 ,      102 ,        4 ,      169 ,       58 ,      182 ,      168 ,      160 ,      106 ,      129 ,       98 ,      152 ,      161 ,      124 ,      101 ,      173 ,      184 ,      195 ,       87 ,       48 ,      155 ,       78 ,       44 ,      126 ,       61 ,       46 ,       39 ,      150 ,       62 ,      111 ,       14 ,      158 ,       38 ,      119 ,       19 ,       15 ,      176 ,       16 ,      166 ,       49 ,       41 ,      133 ,        1 ,      127 ,      139 ,      197 ,       81 ,       18 ,       56 ,      143 ,       76 ,      185 ,       88 ,       96 ,       77 ,      134 ,       99 ,       43 ,       22 ,      191 ,       74 ,      165 ,       65 ,      175 ,       51 ,      137 ,      153 ,      144 , 
     138 ,      196 ,      107 ,      179 ,      190 ,       40 ,      180 ,        6 ,       63 ,       32 ,      170 ,       73 ,       50 ,      109 ,      125 ,      199 ,       57 ,      146 ,      147 ,      194 ,       52 ,       17 ,       13 ,      132 ,       79 ,      149 ,       25 ,      192 ,      148 ,       55 ,      100 ,       53 ,        3 ,      187 ,      189 ,       66 ,       26 ,       67 ,       27 ,       20 ,       64 ,       72 ,      174 ,       11 ,       95 ,       47 ,       80 ,      122 ,      114 ,       60 ,      178 ,      116 ,       89 ,       69 ,       33 ,      112 ,      157 ,       30 ,      123 ,      108 ,       37 ,      110 ,      136 ,        7 ,       91 ,      131 ,       45 ,      167 ,      171 ,       54 ,       75 ,       85 ,      198 ,      115 ,       93 ,      172 ,       21 ,       28 ,      177 ,       36 ,      188 ,      141 ,      159 ,       86 ,      121 ,       70 ,        5 ,      117 ,       10 ,       12 ,      151 ,      120 ,       97 ,      154 ,      130 ,      162 ,      183 ,       24 ,      104 ,       59 ,       42 ,        0 ,       84 ,       71 ,      156 ,       29 ,       94 ,       83 ,       82 ,      142 ,       31 ,      128 ,      103 ,       34 ,      186 ,       90 ,      135 ,      105 ,        9 ,      163 ,      113 ,        2 ,      145 ,       23 ,       35 ,      164 ,      118 ,      181 ,       68 ,      193 ,      140 ,      102 ,        8 ,        4 ,       92 ,      169 ,       58 ,      168 ,      182 ,      160 ,      106 ,      129 ,       98 ,      124 ,      101 ,      152 ,      161 ,      173 ,      184 ,      195 ,       87 ,       48 ,      155 ,      126 ,       78 ,       44 ,       46 ,       61 ,       39 ,       62 ,      111 ,      158 ,       14 ,       38 ,      150 ,      119 ,       19 ,       15 ,      176 ,       49 ,      166 ,       16 ,       41 ,      133 ,      139 ,      127 ,       81 ,        1 ,      197 ,       56 ,       18 ,       76 ,       88 ,      143 ,      185 ,       77 ,       96 ,      134 ,       22 ,       99 ,       43 ,       74 ,      191 ,       65 ,      165 ,       51 ,      137 ,      144 ,      175 ,      153 , 
     138 ,      196 ,      107 ,      179 ,      190 ,      180 ,       40 ,       32 ,        6 ,       63 ,      170 ,      109 ,       73 ,       50 ,       57 ,      146 ,      125 ,      199 ,      147 ,      194 ,       13 ,       52 ,      132 ,       17 ,      149 ,       25 ,      148 ,       79 ,       55 ,      192 ,      100 ,       53 ,      187 ,        3 ,       26 ,       66 ,      189 ,       67 ,       64 ,       27 ,       20 ,      174 ,       72 ,       11 ,       95 ,       47 ,       80 ,      122 ,      114 ,       60 ,       89 ,      178 ,       69 ,      116 ,      112 ,       33 ,       30 ,      108 ,      123 ,      157 ,      110 ,        7 ,      136 ,       37 ,       91 ,       45 ,      167 ,      171 ,      198 ,       75 ,      131 ,       54 ,       85 ,      115 ,       93 ,      172 ,       21 ,       28 ,      177 ,      188 ,       36 ,      141 ,      159 ,      121 ,       86 ,      117 ,       10 ,       70 ,        5 ,      120 ,       12 ,      151 ,      130 ,      154 ,       97 ,      183 ,      162 ,       59 ,      104 ,       24 ,       84 ,       42 ,       71 ,        0 ,      156 ,       29 ,       82 ,      142 ,       31 ,       94 ,       83 ,      128 ,      103 ,       34 ,      135 ,      105 ,       90 ,      186 ,      163 ,      113 ,      145 ,        9 ,       23 ,        2 ,      164 ,       35 ,      181 ,      118 ,      193 ,       68 ,        8 ,      140 ,      102 ,        4 ,       92 ,      169 ,       58 ,      182 ,      160 ,      168 ,      106 ,      124 ,       98 ,      129 ,      101 ,      173 ,      152 ,      161 ,      195 ,      184 ,       87 ,      155 ,       48 ,       78 ,      126 ,       46 ,       61 ,       44 ,      111 ,      158 ,       62 ,       39 ,       14 ,       38 ,      150 ,      119 ,       15 ,       19 ,      166 ,      176 ,       16 ,       49 ,      139 ,       41 ,      133 ,       81 ,      127 ,      197 ,        1 ,       56 ,       18 ,       76 ,      143 ,       88 ,       77 ,      185 ,      134 ,       96 ,       22 ,       74 ,       99 ,       43 ,      191 ,       65 ,      137 ,      165 ,       51 ,      144 ,      153 ,      175 , 
     138 ,      107 ,      190 ,      196 ,      179 ,       32 ,      180 ,       63 ,       40 ,      109 ,        6 ,      170 ,       57 ,       73 ,       50 ,      199 ,      146 ,      125 ,      194 ,      147 ,       13 ,       52 ,       17 ,      132 ,       25 ,       79 ,      149 ,      148 ,      100 ,      192 ,       55 ,        3 ,      187 ,       53 ,       26 ,       67 ,       66 ,       64 ,      189 ,      174 ,       27 ,       20 ,       72 ,       47 ,       11 ,       95 ,       80 ,      114 ,      122 ,       60 ,       69 ,      178 ,      112 ,       89 ,      116 ,       33 ,      123 ,       30 ,      108 ,      157 ,      110 ,        7 ,      136 ,       91 ,       37 ,       45 ,      171 ,      198 ,      167 ,      131 ,       75 ,       54 ,       85 ,       93 ,      115 ,       21 ,      172 ,       28 ,       36 ,      188 ,      159 ,      177 ,      121 ,      141 ,       86 ,       70 ,       10 ,      117 ,       12 ,        5 ,      120 ,      154 ,      130 ,       97 ,      162 ,      151 ,      104 ,      183 ,       24 ,       59 ,       42 ,       71 ,       84 ,        0 ,      156 ,       82 ,       29 ,       31 ,      142 ,       83 ,      103 ,       94 ,      135 ,       34 ,      105 ,      128 ,       90 ,      186 ,      113 ,      163 ,      145 ,       23 ,        9 ,       35 ,      164 ,        2 ,      181 ,       68 ,      118 ,      193 ,      140 ,        8 ,        4 ,      102 ,       92 ,      182 ,       58 ,      168 ,      169 ,      106 ,      160 ,      124 ,      101 ,      129 ,      173 ,       98 ,      195 ,      152 ,      161 ,      184 ,       87 ,      155 ,       48 ,       78 ,      126 ,       61 ,       44 ,       46 ,       62 ,      111 ,       14 ,      158 ,       39 ,      119 ,       38 ,      150 ,       19 ,       15 ,      166 ,       16 ,      139 ,      176 ,       41 ,       81 ,      127 ,       49 ,      133 ,        1 ,       56 ,       76 ,      197 ,      143 ,       88 ,       18 ,       77 ,       96 ,      185 ,       22 ,      134 ,       74 ,       99 ,      191 ,       43 ,       65 ,      137 ,      165 ,       51 ,      153 ,      144 ,      175 , 
