420 , 150 , 10 , 282977 , ILS
      40 ,       98 ,       36 ,      114 ,      143 ,      104 ,       89 ,       96 ,       85 ,       35 ,       57 ,      111 ,       14 ,      145 ,      108 ,       50 ,      149 ,      133 ,      113 ,      148 ,       79 ,      141 ,       34 ,       76 ,      110 ,       61 ,       32 ,       72 ,      135 ,       46 ,       64 ,      134 ,      102 ,       95 ,      126 ,      147 ,       16 ,      117 ,       33 ,      112 ,        6 ,       19 ,       39 ,       59 ,       66 ,      122 ,        2 ,      103 ,      144 ,      116 ,       67 ,      139 ,       69 ,       71 ,       23 ,       81 ,       31 ,       80 ,      107 ,      125 ,        8 ,       55 ,      120 ,       22 ,      131 ,       53 ,       99 ,       87 ,       62 ,       74 ,       49 ,      142 ,       18 ,       47 ,       78 ,      105 ,      138 ,       10 ,       84 ,      132 ,      101 ,      146 ,      129 ,      140 ,       77 ,      136 ,       54 ,        7 ,       13 ,       88 ,       65 ,       41 ,       28 ,       91 ,       45 ,       25 ,       58 ,      127 ,      118 ,       37 ,      121 ,       51 ,       17 ,       97 ,        4 ,        9 ,        3 ,      137 ,       70 ,      130 ,      124 ,       24 ,       83 ,       12 ,       29 ,       82 ,       15 ,       52 ,       60 ,       27 ,       73 ,       43 ,       48 ,      128 ,        5 ,       26 ,       20 ,      100 ,       86 ,      119 ,      109 ,        1 ,       94 ,      115 ,        0 ,       68 ,       30 ,       38 ,       11 ,       93 ,       44 ,       21 ,       63 ,       75 ,       56 ,       42 ,      106 ,       90 ,      123 ,       92 , 
      98 ,       40 ,      143 ,       36 ,       89 ,      114 ,       85 ,       96 ,      104 ,       35 ,       14 ,       57 ,      108 ,      145 ,      111 ,      133 ,       50 ,      148 ,      113 ,      149 ,       34 ,       61 ,       79 ,       76 ,      141 ,       32 ,      110 ,       46 ,       72 ,      134 ,      135 ,       64 ,      102 ,      126 ,       95 ,      147 ,      117 ,       33 ,       16 ,      112 ,       19 ,       39 ,        6 ,      122 ,       66 ,       59 ,        2 ,      103 ,      144 ,       67 ,      116 ,      139 ,       69 ,       71 ,       81 ,       31 ,       80 ,      125 ,       23 ,      107 ,        8 ,       55 ,      131 ,       53 ,       22 ,      120 ,       99 ,       74 ,       62 ,      142 ,       87 ,       47 ,       78 ,      105 ,       49 ,       10 ,       84 ,       18 ,      132 ,      101 ,      138 ,      146 ,      129 ,      140 ,       77 ,      136 ,        7 ,       54 ,       13 ,       65 ,       88 ,       41 ,       45 ,       58 ,       28 ,       25 ,       91 ,      127 ,      118 ,       37 ,       17 ,       51 ,      121 ,        4 ,        9 ,      137 ,        3 ,       97 ,      130 ,       70 ,      124 ,       24 ,       83 ,       12 ,       15 ,       82 ,       29 ,       52 ,       60 ,       27 ,       43 ,       73 ,       48 ,        5 ,      128 ,       20 ,      100 ,      119 ,        1 ,       26 ,      109 ,      115 ,        0 ,       94 ,       30 ,       68 ,       86 ,       93 ,       44 ,       21 ,       38 ,       11 ,       75 ,       42 ,       63 ,      123 ,       56 ,      106 ,       92 ,       90 , 
      40 ,       98 ,       36 ,      114 ,       85 ,      143 ,      104 ,       89 ,       96 ,       35 ,       57 ,       14 ,      108 ,      133 ,      111 ,      145 ,      148 ,      149 ,      113 ,       50 ,       34 ,       76 ,      141 ,       32 ,      110 ,       61 ,       72 ,       79 ,       46 ,       64 ,      134 ,      135 ,      102 ,      147 ,      117 ,      126 ,       33 ,       95 ,       19 ,       16 ,       39 ,      112 ,      122 ,       59 ,        6 ,        2 ,      144 ,       66 ,      116 ,      103 ,       67 ,       69 ,       71 ,       81 ,      139 ,       31 ,      125 ,      107 ,       23 ,       80 ,        8 ,      131 ,       55 ,      120 ,       22 ,       53 ,       62 ,       99 ,      142 ,       87 ,       47 ,       74 ,      105 ,       78 ,       49 ,       18 ,       10 ,       84 ,      138 ,      146 ,      101 ,      132 ,       77 ,      140 ,      129 ,      136 ,        7 ,       54 ,       65 ,       88 ,       13 ,       45 ,       41 ,       58 ,       28 ,       25 ,      127 ,       91 ,      118 ,       37 ,       17 ,       51 ,        9 ,      121 ,       97 ,        4 ,        3 ,      130 ,      137 ,       70 ,      124 ,       24 ,       83 ,       12 ,       15 ,       29 ,       82 ,       27 ,       43 ,       60 ,       73 ,       52 ,       48 ,      128 ,        5 ,      100 ,       20 ,      119 ,        1 ,      109 ,       26 ,        0 ,      115 ,       68 ,       86 ,       94 ,       44 ,       93 ,       30 ,       11 ,       21 ,       38 ,       42 ,       75 ,      123 ,       63 ,       92 ,      106 ,       56 ,       90 , 
      36 ,       98 ,      114 ,       40 ,      104 ,      143 ,       96 ,       35 ,       85 ,       89 ,       14 ,       57 ,      108 ,      111 ,      145 ,      133 ,      113 ,       50 ,      148 ,      149 ,       76 ,      141 ,      110 ,       34 ,       32 ,       61 ,       79 ,       72 ,       46 ,       64 ,      102 ,      135 ,      134 ,      147 ,       33 ,      126 ,      117 ,       16 ,       19 ,       95 ,       39 ,      112 ,       59 ,      122 ,      144 ,        6 ,        2 ,      103 ,      116 ,       81 ,       69 ,       66 ,       67 ,       31 ,       71 ,      139 ,       23 ,      125 ,       80 ,      107 ,       55 ,      120 ,      131 ,        8 ,       22 ,       62 ,       99 ,      142 ,       53 ,       87 ,       74 ,       47 ,       49 ,      105 ,       78 ,       18 ,       10 ,      138 ,       84 ,      132 ,      146 ,      101 ,      140 ,      129 ,       77 ,       54 ,       65 ,        7 ,      136 ,       88 ,       45 ,       41 ,       58 ,       13 ,       25 ,       28 ,      127 ,      118 ,       17 ,       91 ,       37 ,       51 ,        9 ,        4 ,      121 ,      130 ,        3 ,       97 ,      137 ,      124 ,       70 ,       83 ,       24 ,       29 ,       15 ,       12 ,       82 ,       27 ,       43 ,       73 ,       60 ,      100 ,        5 ,       52 ,       20 ,      128 ,       48 ,      119 ,        0 ,        1 ,      109 ,      115 ,       26 ,       86 ,       68 ,       44 ,       94 ,       93 ,       30 ,       38 ,       42 ,       11 ,       21 ,      123 ,       75 ,      106 ,       63 ,       92 ,       56 ,       90 , 
      98 ,       36 ,      114 ,       40 ,       96 ,      104 ,       35 ,      143 ,       85 ,       89 ,       57 ,       14 ,      145 ,      133 ,      108 ,      111 ,       50 ,      148 ,      113 ,      149 ,      141 ,       76 ,       34 ,      110 ,       79 ,       61 ,       72 ,       32 ,       46 ,       64 ,      135 ,      102 ,      134 ,      147 ,      126 ,       33 ,      117 ,       95 ,       16 ,       39 ,       19 ,       59 ,      112 ,      122 ,        2 ,      144 ,        6 ,      116 ,      103 ,       81 ,       69 ,       31 ,       66 ,       71 ,       23 ,      139 ,       67 ,       80 ,      125 ,      107 ,       55 ,      131 ,      120 ,       62 ,        8 ,      142 ,       22 ,       53 ,       99 ,       74 ,       47 ,       87 ,       49 ,      105 ,       10 ,      138 ,       84 ,       18 ,       78 ,      132 ,      140 ,      101 ,      129 ,      146 ,       77 ,       65 ,       54 ,      136 ,        7 ,       41 ,       88 ,       45 ,       13 ,       58 ,       25 ,       28 ,      127 ,       91 ,      118 ,       51 ,       17 ,       37 ,      121 ,      130 ,        9 ,        4 ,       97 ,      137 ,      124 ,       29 ,       70 ,       83 ,        3 ,       12 ,       24 ,       15 ,       82 ,       73 ,       27 ,       43 ,      100 ,       52 ,        5 ,       60 ,      128 ,       20 ,       48 ,      119 ,        0 ,      115 ,        1 ,       26 ,      109 ,       44 ,       86 ,       68 ,       94 ,       38 ,       93 ,       11 ,       30 ,       42 ,       21 ,      123 ,       75 ,       92 ,      106 ,       63 ,       56 ,       90 , 
      98 ,       36 ,      114 ,       40 ,       96 ,      143 ,       35 ,      104 ,       85 ,       89 ,       14 ,       57 ,      145 ,      111 ,      133 ,      148 ,      108 ,       50 ,      113 ,       76 ,      110 ,       34 ,      141 ,      149 ,       79 ,       61 ,       72 ,       64 ,       32 ,      102 ,       46 ,      135 ,      126 ,      134 ,      147 ,       95 ,       33 ,       39 ,       16 ,      117 ,      112 ,      122 ,       19 ,       59 ,      144 ,        6 ,        2 ,      116 ,      103 ,       69 ,       81 ,       71 ,       66 ,       23 ,       31 ,       80 ,      139 ,      107 ,      125 ,       55 ,       67 ,       62 ,      120 ,      131 ,        8 ,      142 ,       22 ,       53 ,       99 ,       74 ,       49 ,       47 ,      105 ,       87 ,       10 ,       18 ,      138 ,      132 ,       78 ,       84 ,      101 ,      146 ,      140 ,      129 ,       65 ,       77 ,      136 ,       54 ,       41 ,        7 ,       88 ,       45 ,       13 ,       58 ,       25 ,       28 ,      127 ,       91 ,       17 ,      118 ,       51 ,      121 ,        9 ,       37 ,      130 ,        4 ,       97 ,      137 ,       70 ,      124 ,       83 ,       29 ,        3 ,       24 ,       12 ,       15 ,       82 ,       27 ,       73 ,       43 ,       52 ,      100 ,        5 ,       60 ,       48 ,      128 ,       20 ,        0 ,      119 ,        1 ,       26 ,       44 ,      109 ,      115 ,       68 ,       86 ,       94 ,       38 ,       11 ,       93 ,       30 ,      123 ,       21 ,       42 ,       75 ,       92 ,      106 ,       63 ,       90 ,       56 , 
      98 ,      114 ,       40 ,      143 ,       36 ,      104 ,       96 ,       89 ,       35 ,       14 ,       57 ,       85 ,      145 ,      133 ,      148 ,      111 ,       50 ,       76 ,      108 ,      110 ,       34 ,      141 ,      149 ,       79 ,      113 ,       61 ,       72 ,       64 ,       32 ,       46 ,      102 ,      135 ,      126 ,      134 ,      147 ,       95 ,       39 ,       33 ,      112 ,      117 ,       16 ,       19 ,      122 ,        6 ,       59 ,        2 ,      116 ,      144 ,      103 ,       81 ,       71 ,       23 ,       66 ,       31 ,       69 ,      107 ,       80 ,      139 ,      125 ,       67 ,       55 ,      131 ,        8 ,       62 ,      120 ,      142 ,       22 ,       74 ,       53 ,       99 ,       49 ,       87 ,       47 ,      105 ,       10 ,      138 ,       18 ,       84 ,      132 ,       78 ,      140 ,       65 ,      146 ,      101 ,      129 ,       77 ,       41 ,      136 ,       54 ,       88 ,        7 ,       45 ,       13 ,       58 ,      127 ,       25 ,       28 ,       91 ,       51 ,      118 ,      121 ,       17 ,        9 ,      130 ,       37 ,        4 ,       70 ,       97 ,      124 ,       83 ,      137 ,       29 ,       12 ,       15 ,        3 ,       24 ,       82 ,       27 ,       73 ,       52 ,      100 ,       43 ,       48 ,       60 ,        5 ,      128 ,        0 ,        1 ,       20 ,      119 ,       26 ,      109 ,       44 ,       86 ,       68 ,      115 ,       94 ,       11 ,       93 ,       30 ,       38 ,      123 ,       42 ,       92 ,      106 ,       21 ,       75 ,       63 ,       56 ,       90 , 
      98 ,      114 ,       40 ,       36 ,      143 ,       89 ,      104 ,       14 ,       96 ,       35 ,       57 ,       85 ,      145 ,      133 ,      148 ,       50 ,      111 ,       76 ,      108 ,      110 ,      141 ,       34 ,       79 ,      113 ,       72 ,      149 ,       61 ,       46 ,      102 ,       64 ,       32 ,      134 ,      135 ,       39 ,      126 ,       95 ,      147 ,       33 ,      112 ,       19 ,       16 ,      117 ,        6 ,      122 ,       59 ,        2 ,      116 ,      103 ,      144 ,       81 ,       71 ,       31 ,       23 ,       66 ,      107 ,       69 ,       80 ,      125 ,      139 ,      131 ,       55 ,       62 ,       67 ,        8 ,      142 ,      120 ,       74 ,       22 ,       53 ,       99 ,      105 ,       49 ,       47 ,       87 ,       18 ,       10 ,      132 ,      138 ,       78 ,       65 ,       84 ,      140 ,      146 ,      101 ,      129 ,       77 ,       54 ,      136 ,        7 ,       41 ,       88 ,       13 ,       45 ,       58 ,      127 ,       25 ,       91 ,       28 ,       51 ,      121 ,       17 ,      118 ,        9 ,      130 ,       37 ,       70 ,        4 ,       97 ,      137 ,       83 ,       15 ,       29 ,      124 ,       12 ,       24 ,        3 ,       82 ,       27 ,       73 ,       43 ,      100 ,       52 ,       48 ,        5 ,        0 ,       60 ,        1 ,      128 ,       20 ,      119 ,       26 ,      109 ,       44 ,       86 ,       94 ,       68 ,      115 ,       11 ,       93 ,       38 ,       42 ,       30 ,       75 ,      106 ,       21 ,      123 ,       56 ,       90 ,       92 ,       63 , 
      98 ,      114 ,       40 ,      143 ,       36 ,       89 ,      104 ,       14 ,       96 ,       57 ,       35 ,       85 ,      133 ,      148 ,      145 ,       50 ,       76 ,      108 ,      111 ,      110 ,       34 ,      141 ,      113 ,       72 ,       79 ,      149 ,       61 ,       46 ,       64 ,      102 ,       32 ,       39 ,      134 ,      135 ,      147 ,      126 ,      112 ,       95 ,       33 ,       16 ,       19 ,      122 ,      117 ,        6 ,       59 ,      116 ,        2 ,      144 ,       81 ,      103 ,       23 ,       71 ,       31 ,      107 ,       66 ,       80 ,      125 ,       69 ,      139 ,       62 ,      131 ,       55 ,        8 ,      120 ,       74 ,       67 ,      142 ,       22 ,       53 ,       99 ,       47 ,      105 ,       87 ,       18 ,       49 ,       10 ,      138 ,      132 ,       78 ,       84 ,      140 ,       65 ,      101 ,      146 ,       54 ,       77 ,        7 ,      129 ,      136 ,       88 ,       41 ,       45 ,      127 ,       13 ,       58 ,       25 ,       91 ,      121 ,       28 ,       17 ,       51 ,      118 ,        9 ,       37 ,       70 ,       97 ,      130 ,      137 ,        4 ,       29 ,       15 ,      124 ,       83 ,        3 ,       24 ,       12 ,       73 ,       27 ,       82 ,      100 ,       48 ,       43 ,       52 ,       60 ,        0 ,        5 ,        1 ,       20 ,      128 ,      119 ,       44 ,       26 ,       86 ,      109 ,       94 ,       11 ,      115 ,       93 ,       68 ,       42 ,       38 ,       30 ,       21 ,      106 ,       75 ,       90 ,       92 ,       63 ,       56 ,      123 , 
      98 ,       40 ,      114 ,      143 ,       36 ,       89 ,       14 ,      104 ,       57 ,       96 ,       35 ,      133 ,       85 ,      148 ,      145 ,      108 ,       50 ,       76 ,       34 ,      111 ,      110 ,      141 ,       79 ,      149 ,      113 ,       72 ,       61 ,       46 ,      102 ,       64 ,       32 ,       39 ,      135 ,      134 ,      126 ,      147 ,       33 ,      112 ,       19 ,       95 ,       16 ,        6 ,      122 ,      117 ,      116 ,       59 ,        2 ,      103 ,      144 ,       81 ,       71 ,       31 ,       66 ,       23 ,      107 ,       80 ,      125 ,       69 ,      131 ,       62 ,      139 ,      120 ,       55 ,       67 ,       74 ,        8 ,       53 ,      142 ,       99 ,       47 ,      105 ,       22 ,       49 ,       18 ,       87 ,      132 ,      138 ,       10 ,       84 ,      140 ,       78 ,      146 ,       65 ,      101 ,       54 ,       77 ,      136 ,      129 ,        7 ,       45 ,       88 ,       13 ,       41 ,      127 ,       91 ,       58 ,       25 ,       28 ,      121 ,       17 ,       51 ,        9 ,      118 ,       70 ,       37 ,      137 ,       97 ,      130 ,        4 ,       29 ,       15 ,      124 ,       83 ,       24 ,        3 ,       27 ,       12 ,      100 ,       73 ,       52 ,       48 ,       43 ,       82 ,       60 ,        5 ,        0 ,      128 ,       20 ,        1 ,      119 ,       26 ,       44 ,       86 ,      109 ,      115 ,       94 ,       11 ,       68 ,       93 ,       30 ,       38 ,       42 ,       21 ,       90 ,       92 ,      106 ,       63 ,       75 ,       56 ,      123 , 
