1372 , 200 , 10 , 27 , IGT
     155 ,      138 ,       36 ,        2 ,      191 ,      147 ,       80 ,      137 ,       89 ,      195 ,      192 ,       22 ,      169 ,      180 ,       79 ,       96 ,      176 ,       23 ,      164 ,      158 ,      159 ,       67 ,       62 ,       10 ,      134 ,      111 ,      189 ,       33 ,      166 ,       81 ,       91 ,       60 ,      150 ,      199 ,      110 ,      183 ,      107 ,       95 ,      153 ,       48 ,       72 ,       37 ,       14 ,      161 ,      173 ,        3 ,      130 ,      174 ,      162 ,       12 ,       47 ,        6 ,       38 ,       28 ,      184 ,       97 ,       32 ,      157 ,      136 ,      163 ,      124 ,       75 ,       41 ,       78 ,       88 ,      140 ,        4 ,      127 ,        9 ,       71 ,       35 ,      103 ,       19 ,       18 ,       65 ,      196 ,      109 ,      117 ,      168 ,      148 ,      135 ,      139 ,      145 ,      131 ,      172 ,      105 ,       99 ,       43 ,       13 ,        7 ,       61 ,        8 ,       90 ,      114 ,      197 ,      123 ,       26 ,       68 ,       64 ,       82 ,      160 ,       59 ,      170 ,      152 ,      120 ,       92 ,      185 ,       45 ,      146 ,      119 ,       17 ,      113 ,      106 ,      125 ,       49 ,      129 ,      141 ,       94 ,       58 ,        5 ,      112 ,       66 ,      151 ,      165 ,       20 ,        0 ,       73 ,       77 ,      190 ,       63 ,       24 ,       54 ,      178 ,       40 ,       53 ,      101 ,       83 ,       31 ,       87 ,       39 ,      187 ,       27 ,       21 ,       70 ,       76 ,       29 ,       56 ,      133 ,      118 ,       30 ,       16 ,       51 ,      104 ,       74 ,       52 ,       69 ,      126 ,      177 ,      194 ,      156 ,      149 ,      179 ,       93 ,       15 ,      167 ,      181 ,      198 ,      171 ,       50 ,      193 ,       98 ,      182 ,      121 ,      144 ,       84 ,       46 ,      128 ,       86 ,       55 ,      142 ,      108 ,       34 ,      100 ,        1 ,      188 ,      186 ,      132 ,       85 ,      115 ,       57 ,       25 ,      102 ,       44 ,      122 ,      143 ,      175 ,       11 ,      116 ,       42 ,      154 , 
       2 ,      138 ,      191 ,       36 ,      147 ,      155 ,       80 ,      137 ,       89 ,       22 ,      195 ,      192 ,       96 ,      169 ,       79 ,      180 ,      158 ,      176 ,       23 ,      164 ,       10 ,      159 ,       67 ,      111 ,      134 ,       33 ,      189 ,       62 ,      150 ,       60 ,      166 ,       91 ,      199 ,       95 ,       81 ,      153 ,      110 ,      107 ,      183 ,       14 ,       72 ,       37 ,      161 ,       48 ,      173 ,      174 ,      130 ,      162 ,        3 ,       12 ,       28 ,       38 ,       47 ,      157 ,        6 ,       32 ,       97 ,       75 ,      124 ,       78 ,      184 ,       41 ,      136 ,      163 ,       88 ,      127 ,      140 ,       71 ,        4 ,        9 ,       35 ,       18 ,      196 ,      109 ,       65 ,      103 ,      148 ,      117 ,       19 ,      139 ,      145 ,      168 ,       99 ,       43 ,      135 ,      131 ,      105 ,        8 ,      172 ,        7 ,      197 ,       61 ,      114 ,       13 ,      123 ,       26 ,       90 ,      160 ,       82 ,       64 ,       68 ,      170 ,       92 ,      120 ,       59 ,      146 ,      152 ,      185 ,      119 ,       45 ,       17 ,      113 ,      129 ,       49 ,       58 ,      125 ,      112 ,      106 ,        5 ,      141 ,       94 ,      165 ,       66 ,       73 ,        0 ,       63 ,      151 ,       77 ,       20 ,      178 ,       53 ,      190 ,       54 ,       24 ,      101 ,       87 ,       83 ,       40 ,      187 ,       27 ,       31 ,       29 ,       39 ,       70 ,      118 ,       21 ,       16 ,       76 ,      104 ,       74 ,       56 ,       30 ,      133 ,       52 ,       51 ,      156 ,      126 ,      149 ,       69 ,      177 ,       93 ,      194 ,      179 ,      198 ,      167 ,       15 ,       98 ,       50 ,      181 ,      193 ,      171 ,       84 ,      121 ,      144 ,       86 ,       46 ,      108 ,      182 ,      142 ,      128 ,       34 ,       55 ,      100 ,        1 ,      186 ,      188 ,      115 ,      102 ,       25 ,      122 ,      132 ,       85 ,       11 ,       44 ,      143 ,       57 ,      116 ,      154 ,       42 ,      175 , 
       2 ,      147 ,      138 ,      191 ,      155 ,       36 ,       80 ,      137 ,       89 ,       96 ,      195 ,       22 ,       79 ,      169 ,      192 ,      176 ,      158 ,       10 ,      180 ,      164 ,       23 ,       33 ,      189 ,      159 ,       67 ,      111 ,      134 ,       60 ,      150 ,      166 ,       62 ,       95 ,      199 ,       91 ,      153 ,       81 ,      110 ,      183 ,      107 ,       72 ,       48 ,       14 ,      161 ,       37 ,      130 ,      173 ,      174 ,       28 ,      162 ,       38 ,        3 ,       12 ,       97 ,       32 ,       47 ,        6 ,       78 ,      157 ,       41 ,       75 ,      136 ,      124 ,       88 ,      184 ,      163 ,      140 ,        9 ,        4 ,      127 ,       71 ,      196 ,       18 ,      109 ,       35 ,      148 ,       65 ,      139 ,      117 ,      168 ,      145 ,      103 ,       19 ,      131 ,      135 ,       43 ,      172 ,      197 ,        8 ,       99 ,      114 ,      105 ,       26 ,       90 ,        7 ,       61 ,       13 ,      123 ,       82 ,      160 ,      120 ,       64 ,      146 ,       59 ,       68 ,      152 ,       92 ,       45 ,      170 ,      129 ,      185 ,       17 ,      125 ,      119 ,       49 ,       58 ,        5 ,      113 ,      106 ,      112 ,       94 ,      141 ,       73 ,       63 ,       66 ,      165 ,        0 ,       53 ,       77 ,      178 ,      151 ,      190 ,       87 ,      101 ,       20 ,       40 ,      187 ,       24 ,       54 ,       83 ,       27 ,       31 ,      118 ,       29 ,       39 ,       70 ,       21 ,      104 ,       16 ,       30 ,       56 ,       74 ,      156 ,       76 ,      133 ,       69 ,       51 ,       93 ,      126 ,      149 ,       52 ,      198 ,      177 ,      179 ,       98 ,      167 ,      194 ,      193 ,      171 ,       15 ,      121 ,       50 ,       46 ,      181 ,      144 ,       86 ,       84 ,       34 ,      142 ,      108 ,      128 ,       55 ,      182 ,        1 ,      100 ,      186 ,      115 ,      122 ,      102 ,       85 ,      188 ,      132 ,      143 ,       25 ,       44 ,      154 ,       11 ,      175 ,      116 ,       57 ,       42 , 
     147 ,      155 ,      191 ,      138 ,        2 ,       80 ,       36 ,      137 ,      195 ,       96 ,      169 ,       89 ,       22 ,       79 ,      176 ,      158 ,      192 ,      180 ,       10 ,      189 ,       67 ,       23 ,      164 ,      159 ,       60 ,       33 ,      111 ,      166 ,      134 ,       91 ,       62 ,      150 ,       95 ,      199 ,      153 ,      110 ,      107 ,      183 ,       72 ,       81 ,       14 ,       48 ,      173 ,      174 ,      161 ,       37 ,      130 ,       38 ,       28 ,       32 ,      162 ,        6 ,        3 ,       97 ,       12 ,       41 ,       75 ,       47 ,      136 ,       78 ,      157 ,      124 ,      140 ,       88 ,        9 ,      163 ,      184 ,      127 ,      196 ,        4 ,       35 ,       71 ,      139 ,       65 ,      109 ,       18 ,      103 ,      168 ,      148 ,      135 ,      145 ,       19 ,      117 ,      131 ,       99 ,        8 ,       43 ,      197 ,       26 ,      105 ,      114 ,      172 ,       90 ,        7 ,       13 ,       61 ,      123 ,      146 ,      160 ,       68 ,       82 ,       59 ,       64 ,      120 ,      170 ,      152 ,      185 ,       17 ,       45 ,       92 ,      119 ,       58 ,      125 ,      129 ,       49 ,      113 ,        5 ,      112 ,      106 ,       66 ,      141 ,      165 ,       94 ,       53 ,       73 ,       63 ,      190 ,      151 ,      178 ,       20 ,        0 ,       77 ,      101 ,       24 ,       87 ,       54 ,      187 ,       83 ,       27 ,       40 ,       31 ,       21 ,      118 ,       16 ,       39 ,       29 ,      104 ,       70 ,       76 ,       56 ,       74 ,       69 ,       30 ,      156 ,      149 ,      133 ,      126 ,       51 ,       52 ,       93 ,       98 ,      177 ,      198 ,      193 ,      171 ,       15 ,      167 ,      179 ,      194 ,       46 ,       50 ,      181 ,      121 ,      142 ,       34 ,      144 ,       84 ,       86 ,        1 ,      108 ,       55 ,      128 ,      182 ,      122 ,      186 ,      100 ,      132 ,      102 ,      115 ,       25 ,      188 ,       44 ,       85 ,      175 ,      154 ,      143 ,       11 ,       57 ,       42 ,      116 , 
     138 ,      155 ,      147 ,      191 ,        2 ,       80 ,       36 ,      169 ,       89 ,      195 ,      137 ,       96 ,      192 ,      176 ,       10 ,       22 ,      158 ,      189 ,       79 ,      180 ,       60 ,      164 ,      111 ,      159 ,       23 ,       91 ,       67 ,      166 ,      134 ,       33 ,       62 ,       95 ,      199 ,      110 ,      150 ,      153 ,       72 ,      183 ,      107 ,       48 ,       81 ,       14 ,      173 ,      161 ,       37 ,      174 ,       28 ,       32 ,      130 ,       38 ,      162 ,        6 ,       97 ,       41 ,       12 ,       75 ,        3 ,       78 ,      157 ,      124 ,       47 ,      136 ,      140 ,        9 ,      184 ,       88 ,        4 ,       35 ,      163 ,       71 ,      127 ,      196 ,       65 ,       18 ,      103 ,      109 ,      139 ,      135 ,      168 ,      117 ,      131 ,        8 ,      145 ,       43 ,       19 ,      148 ,       99 ,      114 ,      172 ,       90 ,      105 ,       26 ,      123 ,      197 ,        7 ,      160 ,       13 ,       61 ,      146 ,       68 ,       59 ,      120 ,       82 ,       64 ,      185 ,      170 ,      152 ,       45 ,       58 ,      119 ,      112 ,       92 ,      125 ,      113 ,       17 ,       49 ,      129 ,      106 ,        5 ,       66 ,      165 ,      141 ,       94 ,       73 ,       53 ,      151 ,       63 ,      190 ,      178 ,       24 ,        0 ,      101 ,       77 ,       87 ,       20 ,       54 ,      187 ,       27 ,       40 ,      118 ,       83 ,       31 ,       16 ,       21 ,       29 ,       76 ,       39 ,      104 ,       70 ,       56 ,       74 ,       30 ,       69 ,      156 ,       52 ,       51 ,      133 ,      149 ,       93 ,      126 ,       98 ,      193 ,      177 ,      179 ,      198 ,      167 ,       46 ,      171 ,      194 ,       15 ,      181 ,       34 ,       50 ,      142 ,      144 ,      121 ,       55 ,       86 ,      108 ,       84 ,      182 ,        1 ,      186 ,      128 ,      122 ,       25 ,      132 ,       44 ,      100 ,      102 ,      188 ,      115 ,      154 ,       57 ,       85 ,       11 ,      116 ,      175 ,      143 ,       42 , 
     138 ,      155 ,      147 ,        2 ,      191 ,       80 ,       36 ,       89 ,      195 ,      169 ,      137 ,       10 ,      176 ,      192 ,      158 ,       96 ,       22 ,      189 ,      180 ,       60 ,      111 ,       79 ,      159 ,      164 ,       91 ,       23 ,       33 ,       95 ,       67 ,      166 ,      199 ,      134 ,      110 ,       62 ,      153 ,      150 ,       72 ,       48 ,      107 ,       81 ,      183 ,       14 ,      174 ,      161 ,      173 ,       28 ,       37 ,      130 ,      162 ,       32 ,        6 ,       38 ,       75 ,       97 ,       12 ,       41 ,       78 ,        3 ,       47 ,      124 ,      136 ,      157 ,        4 ,      140 ,       35 ,      163 ,        9 ,      184 ,       88 ,      196 ,       18 ,      109 ,       65 ,      127 ,      103 ,       71 ,      168 ,      135 ,      139 ,      131 ,       19 ,        8 ,      117 ,       99 ,      148 ,      145 ,      105 ,       43 ,      172 ,       90 ,       26 ,      114 ,      197 ,        7 ,       13 ,      123 ,      146 ,      120 ,       82 ,       68 ,       59 ,      160 ,       64 ,       61 ,       45 ,      119 ,      170 ,       58 ,      185 ,      152 ,      125 ,      113 ,      112 ,       92 ,       49 ,       17 ,      129 ,      165 ,        5 ,      106 ,       73 ,       66 ,       94 ,      151 ,      141 ,       63 ,       53 ,      190 ,       24 ,      178 ,      101 ,        0 ,       77 ,       27 ,       87 ,      187 ,       20 ,       40 ,       54 ,       21 ,      118 ,       83 ,       31 ,      104 ,       39 ,       76 ,       16 ,       56 ,       29 ,       74 ,       70 ,       30 ,       52 ,      149 ,      156 ,       69 ,       98 ,      126 ,       51 ,      133 ,       93 ,      198 ,       46 ,      193 ,      177 ,      179 ,      171 ,      181 ,      167 ,      142 ,      144 ,       50 ,      194 ,       15 ,      121 ,       84 ,       34 ,      182 ,       86 ,       55 ,      108 ,      186 ,        1 ,      132 ,      128 ,      122 ,      102 ,       25 ,       44 ,      154 ,      115 ,      100 ,       11 ,       57 ,      175 ,      188 ,       85 ,      116 ,       42 ,      143 , 
     138 ,      155 ,      147 ,        2 ,       80 ,      169 ,      191 ,       36 ,       89 ,      192 ,      158 ,      176 ,       10 ,      195 ,      189 ,      137 ,       96 ,       60 ,      180 ,       22 ,      111 ,       79 ,      159 ,      164 ,       91 ,       23 ,       67 ,       95 ,      166 ,      134 ,       33 ,       62 ,      199 ,      110 ,      150 ,      153 ,       81 ,       72 ,      183 ,       48 ,      107 ,       14 ,      161 ,      174 ,       37 ,      173 ,        6 ,       28 ,       32 ,      162 ,      130 ,       12 ,       38 ,       41 ,       78 ,       97 ,        3 ,       75 ,       47 ,      140 ,      124 ,      157 ,       35 ,      163 ,      136 ,        9 ,       88 ,        4 ,       18 ,      196 ,      127 ,      184 ,       65 ,      109 ,      103 ,       71 ,      131 ,      139 ,      168 ,      135 ,      148 ,       99 ,        8 ,       19 ,      117 ,       43 ,      105 ,      145 ,       13 ,      197 ,      172 ,      123 ,       90 ,        7 ,      114 ,      146 ,       26 ,      120 ,       82 ,       61 ,       68 ,       64 ,       45 ,       59 ,      160 ,      185 ,       58 ,      125 ,      170 ,      119 ,      112 ,      152 ,      113 ,       49 ,        5 ,       17 ,       73 ,      129 ,       92 ,      165 ,      106 ,       66 ,       94 ,       53 ,       24 ,      178 ,      190 ,      151 ,      101 ,       63 ,      141 ,      187 ,        0 ,       20 ,       87 ,       27 ,       77 ,       21 ,       40 ,       54 ,       39 ,       83 ,      118 ,       16 ,       31 ,       56 ,      104 ,       76 ,       29 ,       52 ,       30 ,       74 ,       70 ,      149 ,      156 ,      126 ,       98 ,       51 ,       69 ,       46 ,       93 ,      133 ,      177 ,      181 ,      198 ,      193 ,      179 ,      171 ,       50 ,      142 ,       15 ,      167 ,      144 ,       84 ,       86 ,      182 ,      108 ,      194 ,      121 ,        1 ,       34 ,      186 ,       55 ,      128 ,       25 ,       44 ,      132 ,      100 ,      122 ,      102 ,      154 ,      115 ,       11 ,      188 ,      175 ,       57 ,      116 ,       85 ,      143 ,       42 , 
     138 ,      147 ,      155 ,       80 ,        2 ,       89 ,      169 ,      191 ,      192 ,      158 ,       36 ,      137 ,      195 ,       60 ,       10 ,      176 ,      189 ,       22 ,      180 ,       96 ,      159 ,       79 ,      111 ,       23 ,       95 ,      164 ,       91 ,       67 ,       33 ,      166 ,      134 ,      150 ,      199 ,       62 ,      110 ,      107 ,       72 ,      183 ,      153 ,       81 ,       14 ,       48 ,      174 ,      161 ,       32 ,       28 ,        6 ,      173 ,       37 ,      162 ,       12 ,       41 ,       78 ,      130 ,       75 ,       38 ,        3 ,       47 ,      157 ,       97 ,      163 ,       35 ,      140 ,      136 ,      124 ,        4 ,        9 ,      196 ,      184 ,      127 ,       88 ,       18 ,      109 ,      103 ,       65 ,      135 ,      139 ,       71 ,      168 ,      131 ,      117 ,        8 ,      148 ,       43 ,       99 ,      105 ,       19 ,      172 ,      145 ,      123 ,      114 ,       13 ,       90 ,      197 ,       82 ,       61 ,        7 ,      146 ,       26 ,      120 ,       64 ,       59 ,      160 ,       68 ,       45 ,       58 ,      170 ,      152 ,      112 ,      113 ,      119 ,      185 ,       49 ,      125 ,       73 ,       92 ,      106 ,      165 ,        5 ,      129 ,       17 ,       94 ,      178 ,      190 ,       66 ,      101 ,       24 ,       53 ,       63 ,      151 ,       87 ,      187 ,       20 ,      141 ,        0 ,       54 ,       27 ,       83 ,       21 ,       39 ,      118 ,       77 ,       31 ,       40 ,       56 ,      104 ,       76 ,       16 ,       29 ,       52 ,       70 ,       74 ,      126 ,      156 ,       30 ,      149 ,       98 ,       51 ,       93 ,      181 ,      133 ,       69 ,       46 ,      177 ,      171 ,      179 ,      198 ,       50 ,       15 ,      193 ,       84 ,      142 ,      144 ,       86 ,      121 ,        1 ,      167 ,      182 ,      108 ,      186 ,      194 ,       25 ,       55 ,      128 ,       34 ,      132 ,      102 ,      122 ,      100 ,       44 ,      175 ,      154 ,      188 ,       11 ,      115 ,      116 ,       42 ,       57 ,      143 ,       85 , 
     138 ,      155 ,      147 ,        2 ,       80 ,      191 ,       89 ,      169 ,      158 ,       36 ,      137 ,      192 ,       60 ,      195 ,      176 ,      180 ,       10 ,       22 ,      189 ,       79 ,      159 ,       96 ,      111 ,      164 ,       95 ,       23 ,       33 ,       91 ,      199 ,      134 ,       67 ,       62 ,      166 ,      150 ,      110 ,       81 ,       14 ,      107 ,      183 ,       72 ,      153 ,      174 ,      161 ,       48 ,        6 ,      162 ,       28 ,       12 ,       41 ,       32 ,      173 ,       78 ,       37 ,       75 ,        3 ,       47 ,      130 ,       97 ,      157 ,      163 ,      140 ,       38 ,      136 ,       35 ,        9 ,      124 ,        4 ,      184 ,      196 ,      109 ,      127 ,       18 ,      103 ,       88 ,       65 ,      135 ,      131 ,      139 ,      168 ,      117 ,       99 ,      148 ,      105 ,       71 ,      172 ,       43 ,        8 ,      123 ,      145 ,       19 ,      114 ,      197 ,       90 ,       82 ,       13 ,       26 ,        7 ,       61 ,      120 ,      146 ,       68 ,       59 ,       64 ,      152 ,      160 ,       45 ,      119 ,      185 ,       49 ,      170 ,       58 ,       73 ,      112 ,      113 ,        5 ,      125 ,       92 ,      129 ,      165 ,      106 ,       17 ,      178 ,      101 ,       94 ,      190 ,      151 ,       24 ,       66 ,       53 ,       20 ,       63 ,      187 ,      141 ,       87 ,       27 ,        0 ,       54 ,       83 ,       21 ,      118 ,       39 ,       40 ,       77 ,       56 ,       31 ,       52 ,      104 ,       16 ,       74 ,       29 ,       70 ,      149 ,       76 ,      126 ,      156 ,       98 ,       30 ,       69 ,       93 ,       51 ,      177 ,      181 ,      133 ,      198 ,       46 ,       15 ,      171 ,      179 ,       50 ,       86 ,      144 ,       84 ,      142 ,      167 ,      193 ,      121 ,      186 ,      194 ,        1 ,      182 ,       55 ,       25 ,      108 ,      102 ,      128 ,      122 ,      100 ,       44 ,      132 ,       34 ,      175 ,      116 ,      115 ,      154 ,      188 ,       11 ,       42 ,      143 ,       57 ,       85 , 
     138 ,      147 ,       89 ,      191 ,      155 ,       80 ,        2 ,      169 ,      192 ,      158 ,      195 ,      176 ,       60 ,       36 ,      137 ,      180 ,      189 ,       10 ,       79 ,       96 ,       22 ,      159 ,      111 ,       33 ,       23 ,       95 ,      164 ,      134 ,      199 ,       91 ,      110 ,       67 ,       81 ,       62 ,       14 ,      183 ,       72 ,      166 ,      150 ,      107 ,      153 ,      174 ,      161 ,        6 ,       28 ,       48 ,      162 ,       12 ,      173 ,       78 ,       41 ,       32 ,      130 ,       37 ,       75 ,       47 ,       97 ,      157 ,       38 ,        3 ,      136 ,      140 ,      163 ,        9 ,       35 ,      124 ,      196 ,        4 ,      109 ,       88 ,      184 ,       18 ,      103 ,      127 ,       65 ,      131 ,      135 ,      117 ,      148 ,       71 ,      139 ,      168 ,      105 ,       43 ,       99 ,      123 ,      172 ,        8 ,      145 ,      197 ,      114 ,       19 ,       90 ,       82 ,       61 ,       13 ,        7 ,       26 ,       59 ,      146 ,       68 ,       64 ,      120 ,      160 ,       45 ,       49 ,      152 ,      170 ,      119 ,      185 ,       73 ,      125 ,      112 ,       58 ,      113 ,      129 ,       17 ,        5 ,      106 ,       94 ,       92 ,      178 ,      165 ,      151 ,      101 ,       66 ,       53 ,       20 ,       24 ,      190 ,       63 ,      141 ,       87 ,       27 ,      187 ,        0 ,       83 ,       21 ,       39 ,       54 ,       77 ,       40 ,       31 ,      118 ,      104 ,       52 ,       56 ,       29 ,      149 ,       74 ,       16 ,       70 ,      156 ,       98 ,       30 ,       69 ,       51 ,       93 ,       76 ,      126 ,      181 ,      177 ,      133 ,      198 ,      171 ,       46 ,       86 ,      144 ,       15 ,      179 ,       50 ,       84 ,      167 ,      142 ,      193 ,        1 ,      194 ,      121 ,      186 ,       25 ,      108 ,      102 ,      122 ,       55 ,      182 ,       44 ,      128 ,      132 ,      100 ,       34 ,      115 ,       11 ,      116 ,      188 ,      175 ,      154 ,      143 ,       42 ,       57 ,       85 , 
