366 , 150 , 10 , 51928 , ILST
      53 ,        6 ,       83 ,      106 ,       39 ,       36 ,       84 ,      148 ,       52 ,      126 ,       71 ,      136 ,       75 ,      143 ,       20 ,       54 ,       99 ,       66 ,      120 ,       31 ,      109 ,       93 ,      146 ,       38 ,       12 ,      110 ,       46 ,       42 ,       81 ,       35 ,       82 ,        7 ,      119 ,        0 ,       29 ,       67 ,      135 ,       74 ,       91 ,      108 ,       87 ,      137 ,      103 ,      134 ,       89 ,       95 ,       79 ,       56 ,       73 ,       72 ,       62 ,       69 ,      149 ,      127 ,      107 ,       43 ,       49 ,      105 ,       59 ,       47 ,      116 ,       21 ,        9 ,       27 ,      138 ,       80 ,       23 ,       77 ,       64 ,        2 ,       44 ,       15 ,       63 ,        1 ,       92 ,       51 ,      115 ,      124 ,       32 ,       50 ,       25 ,       61 ,       10 ,      125 ,       14 ,       33 ,      145 ,      121 ,       78 ,      140 ,      102 ,        3 ,      131 ,      123 ,      101 ,      133 ,       30 ,      113 ,       22 ,       76 ,       48 ,       11 ,       68 ,       55 ,       18 ,      147 ,       17 ,       96 ,      128 ,      139 ,       16 ,       40 ,       98 ,       65 ,       88 ,      118 ,       94 ,       97 ,       24 ,      100 ,       28 ,      114 ,       41 ,       86 ,       34 ,      144 ,      132 ,        4 ,       57 ,      112 ,        5 ,       13 ,       37 ,      141 ,       58 ,      129 ,      122 ,       45 ,       60 ,      117 ,      111 ,       90 ,       19 ,       85 ,       70 ,      104 ,      142 ,      130 ,       26 ,        8 , 
      53 ,      106 ,        6 ,       83 ,       39 ,      148 ,       84 ,      126 ,       36 ,       52 ,       71 ,      136 ,       20 ,       75 ,      143 ,       54 ,      120 ,       99 ,      109 ,       93 ,       66 ,       31 ,       12 ,      110 ,       46 ,       38 ,      146 ,       42 ,       82 ,       81 ,       35 ,      119 ,       29 ,        7 ,      137 ,       67 ,       91 ,       74 ,      135 ,        0 ,      108 ,       87 ,       89 ,       95 ,      134 ,      103 ,       73 ,       79 ,       56 ,       72 ,       62 ,      149 ,       69 ,      127 ,       43 ,       49 ,       59 ,      107 ,      105 ,       21 ,      116 ,        9 ,       47 ,       27 ,       80 ,      138 ,       23 ,       64 ,       77 ,       44 ,       63 ,        2 ,        1 ,       15 ,       92 ,      115 ,       32 ,       50 ,       25 ,      124 ,       51 ,       10 ,      125 ,       33 ,       61 ,       14 ,       78 ,      140 ,      145 ,      121 ,      102 ,      123 ,        3 ,      131 ,      101 ,      113 ,      133 ,       30 ,       88 ,      128 ,       22 ,       11 ,       55 ,       18 ,       68 ,       17 ,       96 ,      139 ,       48 ,      147 ,       98 ,       40 ,       65 ,       16 ,       94 ,       97 ,       76 ,      118 ,       24 ,      100 ,      114 ,       86 ,       28 ,        5 ,      144 ,       34 ,        4 ,      132 ,      112 ,       57 ,       13 ,       41 ,       37 ,      141 ,       58 ,      129 ,       45 ,       60 ,      104 ,       70 ,      117 ,      111 ,       19 ,      122 ,      130 ,        8 ,      142 ,       85 ,       26 ,       90 , 
      53 ,      106 ,       83 ,      148 ,        6 ,       39 ,       84 ,       36 ,       52 ,      126 ,       71 ,       20 ,      136 ,       75 ,      143 ,       54 ,      120 ,       99 ,      109 ,       66 ,       93 ,       31 ,       12 ,      110 ,       38 ,      146 ,       46 ,       82 ,       42 ,      119 ,       81 ,       35 ,        7 ,       29 ,      137 ,       67 ,       91 ,       74 ,      135 ,      108 ,       89 ,       87 ,        0 ,      134 ,      103 ,       79 ,       95 ,       73 ,       72 ,       56 ,       62 ,      149 ,      127 ,       43 ,       69 ,       59 ,      107 ,      105 ,       49 ,       21 ,      116 ,       27 ,        9 ,       47 ,       80 ,      138 ,       23 ,       64 ,       44 ,       77 ,       63 ,        2 ,        1 ,       92 ,      115 ,       32 ,       50 ,       15 ,       25 ,      124 ,      125 ,       10 ,       51 ,       61 ,       33 ,       78 ,       14 ,      140 ,      121 ,      145 ,      102 ,      123 ,        3 ,      101 ,      131 ,       30 ,      113 ,      133 ,      128 ,       88 ,       11 ,       22 ,       55 ,       18 ,       17 ,       96 ,       68 ,       48 ,      139 ,       98 ,      147 ,       16 ,       65 ,       40 ,       94 ,       97 ,      118 ,       76 ,      100 ,       24 ,       86 ,       28 ,      114 ,        5 ,        4 ,       34 ,      112 ,      144 ,      132 ,       41 ,       13 ,       57 ,       37 ,       58 ,      141 ,      129 ,       45 ,       70 ,      104 ,       60 ,      111 ,      117 ,       19 ,      122 ,      130 ,      142 ,       85 ,        8 ,       26 ,       90 , 
      53 ,      106 ,       83 ,      148 ,        6 ,       39 ,       52 ,       84 ,      126 ,       36 ,      136 ,       71 ,       75 ,       20 ,      143 ,      120 ,       54 ,      109 ,       99 ,       93 ,       66 ,       31 ,       38 ,       12 ,      146 ,      110 ,       46 ,       82 ,       42 ,       81 ,       35 ,      119 ,      137 ,       29 ,        7 ,       74 ,       67 ,      135 ,       91 ,       89 ,      108 ,        0 ,       87 ,      134 ,      103 ,       79 ,       72 ,       73 ,       56 ,       95 ,      149 ,       43 ,      127 ,       69 ,       62 ,       59 ,      107 ,      105 ,       49 ,      116 ,       21 ,       27 ,        9 ,       47 ,       23 ,      138 ,       80 ,       64 ,       44 ,       77 ,        2 ,        1 ,       63 ,       92 ,      115 ,       32 ,       50 ,       15 ,      124 ,       25 ,      125 ,       10 ,       61 ,       78 ,       33 ,       51 ,      140 ,       14 ,      102 ,      121 ,        3 ,      145 ,      123 ,       30 ,      101 ,      133 ,      128 ,      113 ,      131 ,       22 ,       88 ,       55 ,       18 ,       17 ,       96 ,       11 ,       68 ,       48 ,      139 ,       16 ,       98 ,      147 ,       65 ,       40 ,       97 ,       94 ,      118 ,      100 ,       76 ,       24 ,       86 ,      114 ,        4 ,        5 ,       34 ,       28 ,      112 ,      144 ,      132 ,       41 ,       57 ,       58 ,       13 ,       37 ,      129 ,      141 ,       45 ,       70 ,      111 ,       26 ,       19 ,      117 ,       60 ,      104 ,       85 ,      130 ,      122 ,        8 ,      142 ,       90 , 
     106 ,       53 ,      148 ,       83 ,        6 ,       39 ,      126 ,       84 ,       52 ,       71 ,       36 ,      136 ,       75 ,       20 ,      143 ,      120 ,       54 ,      109 ,       99 ,       66 ,       93 ,       38 ,       31 ,      110 ,      146 ,       82 ,       12 ,       42 ,       46 ,       35 ,       81 ,       29 ,      119 ,        7 ,      137 ,       67 ,      135 ,       74 ,       91 ,      108 ,       89 ,        0 ,       87 ,       79 ,      134 ,      103 ,       72 ,       95 ,       73 ,       56 ,      149 ,      127 ,       69 ,       62 ,       43 ,      107 ,       49 ,       59 ,       21 ,      105 ,      116 ,        9 ,       47 ,       27 ,       23 ,      138 ,       80 ,       64 ,       44 ,       77 ,        2 ,        1 ,       92 ,       63 ,      115 ,       32 ,       15 ,       50 ,      124 ,      125 ,       25 ,       78 ,       33 ,       10 ,       61 ,      140 ,       51 ,      102 ,       14 ,        3 ,      145 ,      121 ,      123 ,      101 ,       30 ,      133 ,      128 ,      113 ,       22 ,       55 ,       18 ,      131 ,       88 ,       17 ,       96 ,       68 ,       11 ,       48 ,      139 ,       16 ,      147 ,       98 ,       65 ,       40 ,      118 ,       94 ,       97 ,      100 ,       76 ,       24 ,      114 ,       86 ,        4 ,       34 ,       28 ,      112 ,        5 ,       41 ,      132 ,      144 ,       57 ,       58 ,       37 ,       13 ,      129 ,      141 ,       45 ,       70 ,      111 ,       19 ,       60 ,      117 ,       26 ,      130 ,      122 ,       85 ,      104 ,      142 ,        8 ,       90 , 
     106 ,      148 ,       83 ,       53 ,        6 ,       39 ,       84 ,      126 ,       52 ,      136 ,       71 ,       36 ,       75 ,       20 ,      143 ,      120 ,      109 ,       66 ,       54 ,       99 ,       31 ,       93 ,       38 ,      110 ,      146 ,       82 ,       46 ,       42 ,       81 ,       35 ,       12 ,       29 ,      137 ,      119 ,        7 ,       67 ,      135 ,       74 ,      108 ,       89 ,       91 ,        0 ,       87 ,      103 ,       79 ,      134 ,       73 ,       72 ,       95 ,      127 ,       56 ,      149 ,       43 ,       69 ,      107 ,       62 ,       59 ,      105 ,       49 ,        9 ,       21 ,      116 ,       47 ,       27 ,       80 ,       23 ,      138 ,       44 ,       64 ,       77 ,        2 ,       63 ,        1 ,       92 ,      115 ,       32 ,       15 ,       50 ,      125 ,      124 ,       25 ,       10 ,       61 ,       78 ,       33 ,      102 ,       14 ,       51 ,      140 ,        3 ,      145 ,      121 ,      101 ,       30 ,      123 ,      113 ,      128 ,      133 ,       22 ,       55 ,       18 ,       88 ,       17 ,      131 ,       96 ,       48 ,       68 ,       11 ,       16 ,      147 ,      139 ,       65 ,       98 ,       94 ,      118 ,       97 ,       40 ,       24 ,      100 ,       76 ,      114 ,       86 ,       28 ,        4 ,       34 ,       41 ,        5 ,      112 ,      144 ,      132 ,       57 ,       37 ,       58 ,      129 ,       13 ,      141 ,       70 ,       45 ,      111 ,      117 ,       60 ,       19 ,       26 ,      122 ,      104 ,      130 ,        8 ,      142 ,       85 ,       90 , 
     106 ,       83 ,      148 ,       53 ,        6 ,      126 ,       39 ,       84 ,      136 ,       71 ,       52 ,       75 ,       36 ,      120 ,       20 ,      143 ,      109 ,       99 ,       66 ,       31 ,       54 ,       38 ,       93 ,      110 ,       82 ,      146 ,       46 ,       81 ,       12 ,       35 ,       42 ,       29 ,      119 ,      137 ,        7 ,       74 ,       67 ,      135 ,      108 ,       89 ,       87 ,       91 ,        0 ,      103 ,       79 ,       73 ,       95 ,      134 ,      127 ,       72 ,      149 ,       56 ,       69 ,      107 ,       62 ,       43 ,      105 ,       59 ,       49 ,       21 ,        9 ,       47 ,      116 ,       27 ,       23 ,      138 ,       80 ,       64 ,       44 ,       77 ,       63 ,        2 ,       92 ,        1 ,       32 ,      115 ,       15 ,       50 ,      124 ,      125 ,       25 ,       61 ,       10 ,       78 ,      102 ,       33 ,      140 ,       14 ,        3 ,       51 ,      121 ,      145 ,      101 ,      113 ,       30 ,      123 ,      128 ,      133 ,       18 ,       22 ,       88 ,       17 ,       96 ,       55 ,      131 ,       68 ,       48 ,       16 ,       11 ,      147 ,      139 ,       98 ,      118 ,       65 ,       97 ,       24 ,       94 ,       40 ,       76 ,      100 ,      114 ,       86 ,       28 ,       34 ,        4 ,        5 ,      112 ,       41 ,      132 ,       57 ,      144 ,       58 ,       37 ,      129 ,      141 ,       13 ,       70 ,       45 ,      111 ,       60 ,       19 ,      117 ,      122 ,      104 ,       26 ,        8 ,      142 ,      130 ,       85 ,       90 , 
     106 ,      148 ,       53 ,       83 ,        6 ,       39 ,      126 ,       84 ,       52 ,      136 ,       71 ,       36 ,       20 ,       75 ,      120 ,      143 ,       66 ,       99 ,       31 ,      109 ,       38 ,       54 ,       93 ,      110 ,       82 ,      146 ,       46 ,       81 ,       35 ,       12 ,       42 ,      119 ,       29 ,      137 ,        7 ,       74 ,       67 ,      135 ,      108 ,       89 ,       91 ,       87 ,        0 ,      103 ,       95 ,       79 ,       73 ,      134 ,       72 ,      127 ,       56 ,      149 ,       62 ,      107 ,       69 ,      105 ,       43 ,       21 ,       59 ,        9 ,       49 ,      116 ,       23 ,       47 ,      138 ,       27 ,       44 ,       64 ,       80 ,       77 ,       92 ,       63 ,        2 ,      115 ,        1 ,       32 ,       15 ,       50 ,      125 ,      124 ,       25 ,       61 ,       78 ,       33 ,       10 ,       14 ,      140 ,      102 ,       51 ,        3 ,      145 ,      101 ,      113 ,      121 ,       30 ,      128 ,      123 ,       18 ,       22 ,       88 ,      133 ,       17 ,       96 ,       55 ,       68 ,      131 ,       48 ,       16 ,      139 ,       11 ,       98 ,      147 ,      118 ,       97 ,       65 ,       94 ,       40 ,      100 ,       24 ,       86 ,      114 ,       34 ,       28 ,       76 ,        5 ,        4 ,      132 ,      112 ,       41 ,       57 ,      144 ,       58 ,      141 ,       37 ,      129 ,       13 ,       45 ,       60 ,      111 ,      117 ,       70 ,      122 ,       19 ,       26 ,       85 ,       90 ,      104 ,      142 ,      130 ,        8 , 
     106 ,      148 ,       53 ,       83 ,        6 ,       39 ,      126 ,      136 ,       84 ,       71 ,       52 ,       36 ,       20 ,       75 ,      143 ,      120 ,       99 ,       66 ,       38 ,       31 ,       54 ,       93 ,      109 ,      110 ,       82 ,      146 ,       46 ,       35 ,       42 ,       12 ,       81 ,       29 ,      119 ,      137 ,        7 ,       67 ,       74 ,      135 ,      108 ,       91 ,       89 ,       87 ,        0 ,       95 ,       79 ,       73 ,      103 ,       56 ,      127 ,      134 ,       72 ,      107 ,      149 ,       62 ,      105 ,       69 ,       59 ,       43 ,       21 ,        9 ,      116 ,       49 ,       23 ,       27 ,       47 ,      138 ,       80 ,       77 ,       92 ,       44 ,       64 ,      115 ,       63 ,        2 ,       32 ,        1 ,       15 ,      125 ,      124 ,       61 ,       50 ,      102 ,       33 ,       78 ,      140 ,       10 ,       25 ,       51 ,       14 ,        3 ,      145 ,      101 ,      121 ,      113 ,      128 ,      123 ,       88 ,       30 ,      133 ,       18 ,       17 ,       22 ,       55 ,       96 ,       68 ,       48 ,      131 ,       11 ,       98 ,       16 ,      139 ,      147 ,       97 ,       65 ,      118 ,       40 ,       94 ,       24 ,      100 ,       86 ,      114 ,       28 ,       34 ,       76 ,        4 ,        5 ,      112 ,      132 ,       57 ,       58 ,       41 ,      144 ,      129 ,      141 ,       37 ,       13 ,       60 ,       45 ,      111 ,      117 ,       70 ,      122 ,       19 ,       26 ,       85 ,       90 ,      130 ,      104 ,        8 ,      142 , 
     106 ,      148 ,       53 ,       83 ,        6 ,       39 ,      136 ,      126 ,       71 ,       84 ,       36 ,       52 ,       20 ,      143 ,       75 ,      120 ,       66 ,       99 ,       38 ,       93 ,       54 ,       46 ,       82 ,      146 ,       31 ,      110 ,       12 ,       35 ,       29 ,       42 ,      119 ,       81 ,      109 ,      137 ,        7 ,       67 ,      135 ,      108 ,       91 ,       74 ,        0 ,       89 ,       95 ,       87 ,       79 ,       73 ,       56 ,      134 ,       72 ,      127 ,      107 ,      149 ,      103 ,       69 ,       62 ,      105 ,       43 ,       59 ,       21 ,      116 ,        9 ,       49 ,       23 ,       27 ,       47 ,      138 ,       92 ,       44 ,       80 ,       77 ,       64 ,      115 ,       63 ,        1 ,        2 ,       15 ,       32 ,      125 ,      124 ,      102 ,       61 ,       33 ,       50 ,      140 ,       25 ,       78 ,       51 ,       14 ,        3 ,       10 ,      121 ,      101 ,      113 ,      145 ,      128 ,      123 ,       30 ,      133 ,       88 ,       18 ,       17 ,       55 ,       22 ,       96 ,       48 ,       68 ,       11 ,       16 ,      131 ,      147 ,       98 ,      139 ,       97 ,      118 ,       94 ,       65 ,       40 ,      100 ,       24 ,       86 ,       34 ,      114 ,       76 ,       28 ,      112 ,        4 ,        5 ,       57 ,      132 ,       58 ,      141 ,      144 ,      129 ,       41 ,       45 ,       60 ,       37 ,       13 ,       70 ,      111 ,      122 ,      117 ,       26 ,       85 ,       19 ,      104 ,       90 ,      130 ,      142 ,        8 , 
