1268 , 200 , 10 , 134782 , ILS
     144 ,      107 ,       38 ,      180 ,      121 ,      199 ,       43 ,       23 ,      124 ,      115 ,       59 ,       42 ,      173 ,      174 ,      120 ,      137 ,      151 ,       48 ,       96 ,       92 ,        9 ,      109 ,       13 ,       58 ,      142 ,       36 ,      181 ,      147 ,       88 ,      136 ,        7 ,       87 ,      184 ,      128 ,      102 ,       84 ,      110 ,      166 ,      189 ,       79 ,       46 ,      169 ,       99 ,      156 ,       80 ,        4 ,      164 ,       41 ,       14 ,       12 ,       70 ,      192 ,      158 ,      165 ,       82 ,      194 ,       78 ,      127 ,       61 ,      105 ,       15 ,       40 ,       51 ,      171 ,      186 ,      126 ,      113 ,       64 ,      138 ,      159 ,       81 ,      178 ,      100 ,       93 ,      112 ,       24 ,      167 ,      122 ,       11 ,      161 ,      114 ,       45 ,       19 ,       29 ,      163 ,      116 ,       49 ,      157 ,       39 ,      160 ,      104 ,      134 ,      130 ,        5 ,       44 ,      185 ,       98 ,       74 ,       27 ,       62 ,       35 ,      155 ,      168 ,      135 ,      140 ,       65 ,      198 ,      175 ,      117 ,       68 ,       91 ,       77 ,       71 ,       17 ,      193 ,       32 ,       16 ,       10 ,       53 ,      106 ,      152 ,      139 ,      111 ,      179 ,       47 ,       95 ,      154 ,      141 ,      196 ,        8 ,      177 ,      183 ,       76 ,      131 ,      143 ,      129 ,      188 ,      149 ,      162 ,      197 ,        2 ,      153 ,       97 ,      148 ,       28 ,      146 ,       22 ,       67 ,        3 ,      119 ,       72 ,       31 ,       89 ,       90 ,       63 ,       18 ,      125 ,      150 ,      103 ,       30 ,      191 ,      190 ,       86 ,      176 ,       55 ,       34 ,       20 ,      123 ,       54 ,       66 ,      187 ,       52 ,      132 ,        6 ,       50 ,      195 ,       26 ,      133 ,       75 ,       56 ,       69 ,       60 ,        1 ,       25 ,       21 ,      101 ,       57 ,       85 ,       73 ,       37 ,       83 ,      118 ,       33 ,      182 ,      170 ,      145 ,        0 ,      172 ,      108 ,       94 , 
     107 ,      180 ,      144 ,      121 ,       38 ,      199 ,       43 ,      115 ,       23 ,      124 ,       42 ,       59 ,      120 ,      174 ,      173 ,      151 ,       48 ,      137 ,       92 ,       96 ,        9 ,      109 ,      142 ,       13 ,      181 ,       58 ,       36 ,       88 ,      147 ,       87 ,        7 ,      184 ,      102 ,      136 ,      128 ,      166 ,      189 ,       84 ,      110 ,       79 ,       99 ,      169 ,       80 ,       46 ,      164 ,        4 ,      156 ,       41 ,       14 ,       70 ,      158 ,      165 ,       82 ,       12 ,      194 ,      192 ,      127 ,       78 ,       61 ,       40 ,      105 ,       51 ,       15 ,      126 ,      171 ,       64 ,      186 ,      113 ,       81 ,      138 ,      159 ,      178 ,       93 ,      100 ,      112 ,      167 ,       24 ,      122 ,       11 ,      161 ,       19 ,      114 ,       45 ,       29 ,      163 ,      116 ,       39 ,       49 ,      157 ,      160 ,      130 ,      104 ,      134 ,       44 ,        5 ,      185 ,       98 ,       74 ,       27 ,       62 ,      155 ,      135 ,      140 ,      168 ,       35 ,       65 ,      117 ,      198 ,       68 ,      175 ,       91 ,       77 ,      193 ,       71 ,       32 ,       17 ,       16 ,       10 ,      106 ,       53 ,      152 ,      179 ,       47 ,      139 ,      154 ,      111 ,       95 ,      141 ,      196 ,        8 ,      183 ,      177 ,      131 ,       76 ,      129 ,      188 ,      162 ,      197 ,      149 ,      143 ,      153 ,        2 ,       28 ,       97 ,      148 ,      146 ,        3 ,      119 ,       22 ,       67 ,       31 ,       72 ,       63 ,       18 ,       89 ,       90 ,      125 ,      150 ,      191 ,       30 ,      103 ,      190 ,       86 ,      176 ,       34 ,       55 ,       54 ,       66 ,      123 ,       20 ,      132 ,      187 ,        6 ,      195 ,       52 ,      133 ,       50 ,       56 ,       26 ,       60 ,       75 ,        1 ,       69 ,       21 ,       25 ,      101 ,       85 ,       57 ,       73 ,       37 ,       33 ,      182 ,      118 ,       83 ,      145 ,      170 ,      172 ,        0 ,      108 ,       94 , 
     107 ,      144 ,      180 ,      121 ,      199 ,       38 ,      115 ,       23 ,       43 ,      124 ,      120 ,       42 ,      174 ,       59 ,       48 ,      173 ,      137 ,      151 ,       92 ,      109 ,       96 ,        9 ,       13 ,      142 ,       58 ,      181 ,       36 ,       87 ,      147 ,       88 ,      184 ,        7 ,      102 ,      128 ,      136 ,      166 ,       84 ,      110 ,       99 ,      189 ,      169 ,       80 ,       46 ,      164 ,       79 ,        4 ,       14 ,       41 ,      156 ,      158 ,       70 ,      165 ,       82 ,       12 ,      192 ,      194 ,       61 ,      127 ,       78 ,       40 ,       51 ,      105 ,      126 ,      171 ,       15 ,      186 ,      113 ,       81 ,       64 ,      159 ,      178 ,      100 ,      138 ,       93 ,       24 ,      112 ,      167 ,       11 ,       19 ,      122 ,      161 ,       29 ,      114 ,      163 ,       45 ,      116 ,      157 ,       49 ,      130 ,       39 ,      160 ,      134 ,      104 ,      185 ,       44 ,        5 ,       74 ,       98 ,       27 ,      155 ,       62 ,      135 ,       35 ,      140 ,      168 ,      198 ,       65 ,      117 ,       68 ,       77 ,       91 ,      175 ,      193 ,       71 ,       17 ,       16 ,      106 ,       32 ,       10 ,      179 ,       53 ,      152 ,      154 ,       47 ,      139 ,       95 ,      141 ,      111 ,      196 ,      183 ,        8 ,      177 ,      131 ,      129 ,       76 ,      188 ,      149 ,      162 ,      143 ,      153 ,      197 ,        2 ,       28 ,      148 ,       97 ,      119 ,       22 ,       67 ,      146 ,        3 ,       31 ,       72 ,       63 ,       18 ,       89 ,       90 ,      150 ,       30 ,      125 ,      191 ,      190 ,       86 ,       34 ,      103 ,      176 ,       54 ,       55 ,       20 ,      132 ,      187 ,       66 ,      123 ,        6 ,      195 ,       52 ,       56 ,       50 ,       60 ,      133 ,       75 ,       26 ,        1 ,       21 ,       25 ,      101 ,       69 ,       57 ,       73 ,       85 ,       33 ,       37 ,      118 ,      182 ,       83 ,      172 ,      145 ,        0 ,      170 ,       94 ,      108 , 
     144 ,      107 ,      180 ,      121 ,       38 ,      199 ,      115 ,      124 ,       43 ,       23 ,       42 ,      120 ,       59 ,      174 ,      173 ,       48 ,      137 ,      151 ,       92 ,        9 ,      109 ,       13 ,       96 ,       58 ,      181 ,       36 ,      142 ,      147 ,      184 ,       87 ,      102 ,       88 ,        7 ,      136 ,      166 ,      128 ,       99 ,      110 ,       84 ,      169 ,       46 ,      189 ,      164 ,        4 ,       80 ,       41 ,       79 ,       14 ,      158 ,      156 ,       70 ,      165 ,      192 ,       82 ,       12 ,       61 ,      194 ,       78 ,      127 ,      105 ,      126 ,      171 ,       40 ,       51 ,      186 ,      113 ,       15 ,       64 ,      178 ,       81 ,      100 ,      159 ,       24 ,      138 ,       93 ,       11 ,      112 ,       19 ,      167 ,      122 ,      161 ,      163 ,       45 ,      114 ,      116 ,       29 ,      130 ,      157 ,       49 ,       39 ,      134 ,      104 ,      185 ,      160 ,       44 ,       98 ,        5 ,       74 ,      155 ,       27 ,       62 ,       35 ,      168 ,      140 ,      135 ,       65 ,       68 ,      117 ,      198 ,       77 ,      193 ,      175 ,       91 ,       17 ,       16 ,       32 ,      106 ,       10 ,       71 ,       53 ,      179 ,      154 ,      152 ,       47 ,       95 ,      139 ,      196 ,      111 ,      183 ,      141 ,        8 ,      177 ,      129 ,      131 ,      149 ,       76 ,      143 ,      188 ,      197 ,      162 ,      153 ,        2 ,      148 ,       28 ,      119 ,       97 ,       22 ,      146 ,       31 ,       67 ,       63 ,        3 ,       72 ,       90 ,      150 ,       18 ,      125 ,       30 ,       89 ,      191 ,       86 ,       34 ,      103 ,      190 ,       54 ,      176 ,      132 ,       55 ,      187 ,      123 ,       66 ,       20 ,        6 ,       52 ,       50 ,      195 ,      133 ,       56 ,       75 ,       26 ,       60 ,       25 ,      101 ,       69 ,       21 ,       57 ,        1 ,       85 ,       33 ,       73 ,      182 ,       83 ,       37 ,      145 ,      118 ,      170 ,      172 ,       94 ,        0 ,      108 , 
     144 ,      180 ,      107 ,      121 ,      199 ,      115 ,       38 ,       43 ,      124 ,      120 ,       59 ,       23 ,       42 ,      173 ,       48 ,      174 ,       92 ,      137 ,      151 ,        9 ,      109 ,       96 ,       13 ,       36 ,      181 ,      142 ,       58 ,      184 ,       87 ,      102 ,      147 ,       88 ,      166 ,        7 ,      136 ,       99 ,      128 ,      110 ,      169 ,       46 ,       84 ,      164 ,      189 ,        4 ,       80 ,       41 ,       79 ,       14 ,      156 ,       70 ,      158 ,       82 ,      165 ,      192 ,       61 ,       12 ,      194 ,      105 ,      127 ,       78 ,       40 ,      126 ,      171 ,      186 ,       51 ,       64 ,      113 ,       15 ,       81 ,      178 ,      100 ,       24 ,       93 ,      138 ,       11 ,      159 ,      167 ,      122 ,      112 ,       19 ,      161 ,      163 ,       45 ,      114 ,       29 ,      116 ,      130 ,      157 ,      134 ,       49 ,       39 ,      104 ,       44 ,      185 ,      160 ,       74 ,       98 ,      155 ,        5 ,       62 ,       27 ,      168 ,       35 ,      140 ,      135 ,       68 ,       65 ,      117 ,      198 ,      193 ,       91 ,       17 ,       77 ,      175 ,      106 ,       16 ,       71 ,       32 ,      179 ,       10 ,      152 ,       53 ,      154 ,       47 ,      196 ,       95 ,      139 ,      183 ,      111 ,        8 ,      129 ,      141 ,      131 ,      177 ,      143 ,       76 ,      149 ,      188 ,      153 ,      162 ,      197 ,      148 ,      119 ,        2 ,       28 ,       97 ,       22 ,      146 ,       63 ,       31 ,        3 ,       67 ,       90 ,       18 ,       72 ,      150 ,       89 ,       30 ,      125 ,      191 ,       86 ,      190 ,       34 ,      103 ,       54 ,      176 ,      132 ,      187 ,       55 ,      123 ,       66 ,       52 ,       50 ,       20 ,        6 ,      133 ,       56 ,      195 ,       26 ,       75 ,      101 ,       69 ,       25 ,       60 ,       21 ,       85 ,       57 ,        1 ,       73 ,      182 ,       33 ,       83 ,       37 ,      118 ,      145 ,      172 ,      170 ,       94 ,        0 ,      108 , 
     180 ,      107 ,      144 ,      121 ,      199 ,      115 ,      124 ,      120 ,       43 ,       38 ,       59 ,       23 ,       42 ,      173 ,      174 ,       48 ,      137 ,       92 ,      151 ,      109 ,       13 ,        9 ,       96 ,      181 ,      142 ,       36 ,       58 ,       87 ,      184 ,       88 ,      102 ,      166 ,      136 ,      147 ,       99 ,      110 ,        7 ,       46 ,      128 ,      169 ,      164 ,        4 ,      189 ,       84 ,       41 ,       80 ,       14 ,      156 ,       79 ,      158 ,       82 ,       70 ,      192 ,      165 ,       61 ,      194 ,       12 ,      105 ,       40 ,      126 ,      171 ,      127 ,       78 ,       64 ,      113 ,       15 ,      186 ,      178 ,       51 ,       81 ,      100 ,       24 ,      138 ,       93 ,       11 ,      167 ,      112 ,      159 ,      122 ,       19 ,      163 ,       45 ,      161 ,      116 ,       29 ,      114 ,      134 ,      130 ,       39 ,      157 ,       49 ,      104 ,      160 ,       44 ,      185 ,       74 ,        5 ,       98 ,      155 ,       62 ,       27 ,      168 ,       35 ,      135 ,      140 ,      117 ,       65 ,      198 ,      193 ,       68 ,       17 ,       91 ,      106 ,      175 ,       77 ,       32 ,       16 ,       10 ,       71 ,      179 ,      154 ,       53 ,       47 ,      196 ,      152 ,       95 ,      183 ,      139 ,        8 ,      129 ,      111 ,      141 ,      131 ,      177 ,      143 ,      188 ,       76 ,      149 ,      162 ,      153 ,      197 ,      148 ,        2 ,       28 ,       22 ,       97 ,      146 ,      119 ,       31 ,       63 ,        3 ,       18 ,       67 ,       90 ,       89 ,      150 ,       72 ,      125 ,      191 ,      190 ,       30 ,       34 ,       86 ,       54 ,      103 ,      176 ,      187 ,      132 ,       55 ,       66 ,      123 ,       50 ,       52 ,       20 ,        6 ,      195 ,      133 ,       56 ,      101 ,       26 ,       75 ,       25 ,       21 ,       69 ,       85 ,       60 ,        1 ,       57 ,      182 ,       83 ,       33 ,       37 ,       73 ,      145 ,      118 ,      172 ,       94 ,        0 ,      108 ,      170 , 
     107 ,      144 ,      121 ,      180 ,      115 ,      199 ,       43 ,      120 ,      124 ,       59 ,       23 ,       38 ,      174 ,      173 ,       42 ,       48 ,      137 ,       92 ,      151 ,       13 ,        9 ,      109 ,       96 ,      142 ,       36 ,      181 ,      184 ,       87 ,       58 ,      166 ,       88 ,      102 ,      136 ,       99 ,      147 ,       46 ,      128 ,      169 ,      110 ,        7 ,        4 ,      189 ,       84 ,      164 ,       80 ,       14 ,       41 ,      156 ,      158 ,       79 ,       82 ,       70 ,      192 ,      165 ,      194 ,       61 ,       40 ,       12 ,      126 ,      105 ,      127 ,      171 ,      113 ,       78 ,       64 ,       15 ,      186 ,      178 ,       51 ,       81 ,      100 ,      138 ,       24 ,      167 ,      112 ,      159 ,       11 ,       93 ,       19 ,      163 ,      122 ,       45 ,      161 ,      116 ,       29 ,      134 ,       39 ,      114 ,      130 ,       49 ,      160 ,      157 ,      104 ,       44 ,      185 ,        5 ,       74 ,       98 ,      155 ,      168 ,       35 ,       62 ,       27 ,      135 ,      117 ,       65 ,      140 ,      198 ,       68 ,      193 ,       17 ,       91 ,       77 ,      175 ,      106 ,       32 ,       10 ,       16 ,      154 ,       53 ,       47 ,       71 ,      179 ,      152 ,      196 ,       95 ,      139 ,      183 ,        8 ,      129 ,      131 ,      111 ,      141 ,      188 ,      143 ,      177 ,       76 ,      162 ,      149 ,      153 ,      148 ,        2 ,       28 ,      197 ,      146 ,       97 ,       31 ,      119 ,       22 ,       63 ,       67 ,        3 ,       18 ,      150 ,       90 ,      125 ,       72 ,       89 ,      191 ,      190 ,       30 ,       34 ,       54 ,       86 ,      103 ,      176 ,      132 ,      187 ,       55 ,      123 ,       66 ,       50 ,       52 ,        6 ,       20 ,      133 ,      195 ,       26 ,       56 ,      101 ,       25 ,       75 ,       69 ,       85 ,       60 ,       21 ,       57 ,        1 ,      182 ,       83 ,       73 ,       33 ,       37 ,      145 ,      172 ,       94 ,      108 ,      118 ,        0 ,      170 , 
     107 ,      144 ,      180 ,      121 ,      115 ,      199 ,       43 ,      124 ,       23 ,      120 ,      174 ,       59 ,       38 ,       42 ,      173 ,       48 ,      137 ,       92 ,      151 ,       13 ,      109 ,        9 ,       36 ,       96 ,      181 ,      184 ,       58 ,      142 ,       88 ,      166 ,       87 ,      102 ,      136 ,       99 ,      147 ,      128 ,       46 ,      169 ,      110 ,      189 ,        4 ,       84 ,      164 ,        7 ,       14 ,       41 ,       80 ,      156 ,       82 ,       79 ,      158 ,       70 ,      192 ,      165 ,      194 ,       40 ,       61 ,      105 ,      126 ,      171 ,       12 ,       78 ,      127 ,      113 ,       64 ,       15 ,      178 ,      186 ,       51 ,       81 ,      100 ,       24 ,      138 ,      112 ,      159 ,      167 ,       19 ,      163 ,       93 ,       11 ,      122 ,       45 ,      161 ,      116 ,      134 ,       29 ,      130 ,       49 ,      114 ,       39 ,      157 ,      160 ,       44 ,      185 ,      104 ,        5 ,      155 ,       98 ,       74 ,      168 ,       62 ,      135 ,      117 ,       27 ,       35 ,       65 ,      140 ,      198 ,       17 ,       68 ,       91 ,      193 ,      175 ,       77 ,       10 ,       32 ,      106 ,       53 ,       47 ,      154 ,       16 ,      152 ,       71 ,      179 ,      196 ,       95 ,      139 ,      129 ,        8 ,      183 ,      131 ,      188 ,      111 ,      143 ,      177 ,      141 ,       76 ,      162 ,      149 ,      148 ,       28 ,        2 ,      153 ,      146 ,      197 ,       31 ,       22 ,       97 ,      119 ,       63 ,       67 ,        3 ,       90 ,      150 ,      125 ,       89 ,       18 ,      191 ,       72 ,      190 ,       30 ,       54 ,       34 ,      176 ,       86 ,      103 ,      187 ,      132 ,       55 ,       66 ,      123 ,       50 ,       20 ,       52 ,        6 ,      133 ,      195 ,       26 ,       56 ,      101 ,       25 ,       75 ,       69 ,       85 ,       21 ,       60 ,      182 ,       57 ,        1 ,       73 ,       37 ,       83 ,      145 ,       94 ,       33 ,      118 ,      172 ,        0 ,      108 ,      170 , 
     107 ,      144 ,      180 ,      121 ,      115 ,      199 ,       43 ,      120 ,      124 ,       23 ,      174 ,       42 ,       38 ,       59 ,      173 ,       92 ,       48 ,      137 ,      109 ,       13 ,      151 ,       36 ,        9 ,       96 ,      184 ,       58 ,      142 ,      181 ,       88 ,      166 ,      102 ,       87 ,      136 ,      147 ,      128 ,       99 ,      169 ,       46 ,      110 ,        4 ,       84 ,      189 ,      164 ,        7 ,       41 ,       80 ,       14 ,      156 ,       79 ,      158 ,       82 ,       70 ,      192 ,      165 ,       40 ,       61 ,      194 ,      126 ,      105 ,      171 ,       12 ,       78 ,       64 ,      127 ,      178 ,       15 ,      186 ,      113 ,       51 ,       81 ,       24 ,      100 ,      138 ,      112 ,      167 ,      159 ,      163 ,       93 ,       19 ,      122 ,       45 ,       11 ,      161 ,      116 ,      134 ,       29 ,      130 ,       49 ,       39 ,      114 ,      157 ,       44 ,      155 ,      104 ,      160 ,      185 ,       74 ,        5 ,      168 ,       62 ,       98 ,      135 ,       27 ,      117 ,      140 ,       35 ,      198 ,      175 ,       17 ,       68 ,       91 ,       32 ,       16 ,       65 ,      193 ,      106 ,       77 ,      154 ,       10 ,       47 ,       71 ,       53 ,      152 ,      196 ,      179 ,      129 ,      139 ,       95 ,      188 ,      183 ,        8 ,      111 ,      131 ,      177 ,      143 ,      162 ,      141 ,      148 ,       76 ,      149 ,        2 ,       28 ,      146 ,      153 ,       31 ,      197 ,       22 ,       97 ,      119 ,        3 ,       67 ,       63 ,      150 ,      125 ,       90 ,      191 ,       89 ,      190 ,       18 ,       72 ,       54 ,       34 ,      176 ,       30 ,      103 ,       66 ,       55 ,      187 ,      132 ,       86 ,       50 ,      123 ,       20 ,      133 ,        6 ,      195 ,       52 ,       26 ,       56 ,       25 ,      101 ,       75 ,       85 ,       69 ,       60 ,       21 ,        1 ,      182 ,       73 ,       57 ,       37 ,       83 ,      145 ,       33 ,       94 ,      170 ,      172 ,      108 ,        0 ,      118 , 
     107 ,      144 ,      180 ,      121 ,      199 ,      115 ,      120 ,       38 ,      174 ,      124 ,       42 ,       23 ,       43 ,       59 ,      173 ,       92 ,       48 ,      109 ,      137 ,      151 ,       13 ,       36 ,       96 ,        9 ,      142 ,      184 ,       58 ,       88 ,      181 ,      169 ,      102 ,       87 ,      136 ,      128 ,      166 ,      147 ,       99 ,      189 ,      110 ,       46 ,      164 ,        4 ,       14 ,        7 ,       84 ,       41 ,      156 ,       79 ,       80 ,       82 ,       70 ,      192 ,      165 ,      158 ,       40 ,       61 ,      194 ,      126 ,      105 ,      171 ,       64 ,       78 ,       12 ,      178 ,      186 ,      113 ,       15 ,      127 ,       51 ,      100 ,       24 ,       81 ,      112 ,      138 ,      159 ,      167 ,       93 ,      122 ,      163 ,       19 ,       45 ,      161 ,       11 ,      116 ,      134 ,       29 ,       49 ,       39 ,      130 ,      114 ,      155 ,       44 ,      157 ,      104 ,      160 ,      185 ,       74 ,       62 ,       98 ,        5 ,       27 ,      168 ,      135 ,      140 ,      198 ,      117 ,       35 ,       17 ,       68 ,      175 ,       16 ,       65 ,       91 ,       32 ,      193 ,      154 ,       10 ,       77 ,      106 ,       71 ,       53 ,       47 ,      196 ,      179 ,      152 ,      139 ,      129 ,       95 ,        8 ,      183 ,      111 ,      177 ,      188 ,      131 ,       76 ,      148 ,      143 ,      162 ,      141 ,       28 ,      149 ,        2 ,      146 ,       31 ,       63 ,       97 ,      197 ,       22 ,       67 ,      153 ,      119 ,        3 ,      150 ,      125 ,       89 ,       90 ,      191 ,      190 ,       18 ,       72 ,       54 ,       34 ,      103 ,       66 ,      176 ,       30 ,       55 ,      132 ,      187 ,       86 ,      123 ,       20 ,       50 ,        6 ,      133 ,      195 ,       52 ,       26 ,       56 ,      101 ,       25 ,       75 ,       60 ,       21 ,       85 ,       73 ,      182 ,       37 ,        1 ,       83 ,       94 ,       57 ,       69 ,      170 ,       33 ,      108 ,      172 ,      118 ,        0 ,      145 , 
