782 , 200 , 10 , 548749 , ILS
      72 ,       21 ,       55 ,      134 ,      175 ,      162 ,       23 ,      152 ,       96 ,      171 ,      184 ,       99 ,      187 ,       35 ,        1 ,       19 ,      120 ,      160 ,      174 ,      129 ,      121 ,      138 ,       24 ,      149 ,        9 ,      116 ,       78 ,       52 ,       16 ,      104 ,       89 ,       17 ,      124 ,      197 ,      153 ,      125 ,      195 ,      101 ,      177 ,       67 ,      186 ,      163 ,      142 ,      180 ,       33 ,       79 ,       34 ,      194 ,      158 ,       77 ,      193 ,       90 ,       37 ,       93 ,       71 ,      145 ,       84 ,       73 ,       44 ,      168 ,      112 ,       15 ,      115 ,       69 ,        6 ,      136 ,      131 ,       59 ,       30 ,       82 ,      139 ,       45 ,       26 ,       63 ,       91 ,       62 ,       31 ,       56 ,       11 ,      154 ,        4 ,       57 ,      114 ,      108 ,      141 ,      106 ,      173 ,       49 ,       10 ,      122 ,      179 ,      148 ,      169 ,      130 ,       13 ,      190 ,       46 ,      181 ,      155 ,      170 ,       51 ,       32 ,       36 ,      151 ,        0 ,        3 ,       60 ,       28 ,       42 ,       70 ,      118 ,       68 ,      133 ,      127 ,       64 ,       27 ,      150 ,       94 ,       54 ,      183 ,       65 ,      196 ,      164 ,      103 ,        2 ,      185 ,       20 ,        8 ,       87 ,      159 ,      161 ,      102 ,       39 ,      113 ,       95 ,      110 ,       48 ,      178 ,       98 ,      146 ,      135 ,       14 ,      117 ,      143 ,      137 ,       40 ,       50 ,       86 ,       43 ,      140 ,      105 ,       97 ,      176 ,      107 ,       58 ,       18 ,       80 ,      119 ,       74 ,       29 ,        7 ,       53 ,      126 ,      132 ,      109 ,      166 ,      189 ,      182 ,       85 ,      111 ,       61 ,       92 ,       81 ,      128 ,       47 ,       66 ,      165 ,       83 ,      157 ,      100 ,      198 ,       88 ,      172 ,      167 ,      156 ,       22 ,       76 ,       75 ,      144 ,       41 ,      199 ,       38 ,      191 ,      188 ,        5 ,       12 ,       25 ,      192 ,      123 ,      147 , 
      72 ,       21 ,       55 ,      134 ,       23 ,      152 ,      175 ,       96 ,      184 ,      162 ,      171 ,       35 ,       99 ,        1 ,      120 ,       19 ,      187 ,      160 ,      121 ,      174 ,      129 ,      138 ,        9 ,       24 ,       78 ,      149 ,      116 ,       16 ,       52 ,      104 ,       89 ,      124 ,       17 ,      125 ,      153 ,      197 ,      101 ,      177 ,      186 ,      163 ,      195 ,       67 ,      180 ,       33 ,      142 ,       34 ,       79 ,      158 ,      193 ,      194 ,       37 ,       90 ,       77 ,      145 ,       71 ,       84 ,       93 ,      168 ,       44 ,      112 ,       73 ,       15 ,       69 ,        6 ,      115 ,       59 ,      131 ,      136 ,       30 ,       82 ,      139 ,       45 ,       26 ,       63 ,       91 ,       56 ,       62 ,       31 ,      154 ,       57 ,       11 ,        4 ,      108 ,      114 ,      173 ,       49 ,      141 ,      106 ,      122 ,      169 ,       13 ,      148 ,      130 ,       10 ,      190 ,      179 ,      181 ,       46 ,      170 ,       51 ,      155 ,       32 ,      151 ,       36 ,        3 ,        0 ,       60 ,       42 ,      118 ,      133 ,       68 ,       28 ,       70 ,      127 ,       64 ,      150 ,       27 ,       94 ,       54 ,       65 ,      183 ,      196 ,      103 ,        2 ,      185 ,      102 ,        8 ,       87 ,       20 ,      164 ,      159 ,      161 ,       95 ,      113 ,      178 ,       39 ,       48 ,      110 ,      146 ,       98 ,      117 ,      143 ,       14 ,       50 ,      105 ,       40 ,      137 ,       43 ,       86 ,       97 ,      176 ,      135 ,       29 ,       58 ,      107 ,       80 ,      119 ,       18 ,       53 ,       74 ,        7 ,      140 ,      132 ,      126 ,      189 ,      166 ,       85 ,      182 ,      109 ,       61 ,      111 ,       92 ,       22 ,       47 ,       76 ,      167 ,       66 ,       41 ,      165 ,      172 ,       75 ,      100 ,      198 ,      188 ,       83 ,       81 ,       88 ,      128 ,      191 ,      144 ,       38 ,      199 ,        5 ,      123 ,      157 ,      192 ,      147 ,       12 ,      156 ,       25 , 
      55 ,       21 ,      134 ,      152 ,       23 ,       96 ,       72 ,      175 ,      184 ,      162 ,      171 ,       99 ,       35 ,      120 ,        1 ,      160 ,      187 ,       19 ,      129 ,      138 ,      174 ,      121 ,       24 ,        9 ,       78 ,       16 ,      149 ,      116 ,       52 ,      104 ,       17 ,       89 ,      124 ,      197 ,      153 ,      125 ,      186 ,      101 ,      163 ,       67 ,      177 ,      195 ,      142 ,       34 ,      180 ,       33 ,       79 ,      193 ,      158 ,       90 ,       77 ,      145 ,       37 ,      194 ,       84 ,       93 ,       71 ,       44 ,       73 ,      168 ,       15 ,      112 ,       69 ,        6 ,      131 ,      115 ,       59 ,       30 ,      136 ,       82 ,      139 ,       26 ,       45 ,       56 ,       91 ,       63 ,       31 ,       57 ,       62 ,      154 ,       11 ,      114 ,      173 ,        4 ,      108 ,       49 ,      106 ,      141 ,      122 ,      169 ,       13 ,      130 ,      148 ,      190 ,       10 ,      179 ,      181 ,       46 ,       51 ,      170 ,      155 ,       32 ,      151 ,        0 ,        3 ,       42 ,       60 ,       36 ,      118 ,       68 ,      133 ,       70 ,       28 ,      150 ,      127 ,       27 ,       94 ,       64 ,       65 ,      183 ,       54 ,      196 ,      103 ,        2 ,      102 ,      185 ,       87 ,      164 ,        8 ,      161 ,       20 ,      113 ,      159 ,       39 ,       95 ,      178 ,       48 ,      146 ,      110 ,       98 ,      143 ,      117 ,       50 ,       40 ,       14 ,      105 ,      137 ,       86 ,       43 ,      135 ,       97 ,      176 ,       58 ,       80 ,      107 ,       29 ,       53 ,      119 ,       18 ,       74 ,        7 ,      132 ,      140 ,      189 ,      126 ,       85 ,      166 ,       61 ,      182 ,       92 ,      109 ,       22 ,      111 ,       47 ,       76 ,       41 ,      167 ,      172 ,       66 ,       75 ,      165 ,      100 ,      188 ,       81 ,      198 ,       83 ,       88 ,      191 ,      144 ,      128 ,      199 ,       38 ,      123 ,        5 ,      157 ,      192 ,      156 ,       12 ,       25 ,      147 , 
     134 ,      152 ,       23 ,       55 ,       21 ,       96 ,      175 ,       72 ,      162 ,      184 ,       99 ,      120 ,        1 ,      171 ,      187 ,       35 ,       19 ,      160 ,      129 ,      138 ,      174 ,      121 ,       78 ,       16 ,      149 ,       24 ,      116 ,        9 ,      104 ,       17 ,       89 ,       52 ,      153 ,      124 ,      186 ,      197 ,      125 ,      163 ,      177 ,       67 ,      101 ,       34 ,      195 ,      142 ,      180 ,       33 ,      193 ,       79 ,       90 ,      145 ,       77 ,      158 ,       37 ,       84 ,      194 ,       44 ,       93 ,      168 ,       71 ,       15 ,       73 ,      112 ,       69 ,        6 ,      131 ,      115 ,      136 ,       59 ,       30 ,       82 ,       26 ,      139 ,       56 ,       63 ,       31 ,       91 ,       45 ,       62 ,       57 ,      154 ,      114 ,        4 ,      108 ,       11 ,      173 ,      106 ,       49 ,      141 ,      122 ,       13 ,      169 ,      130 ,       10 ,      148 ,      179 ,      181 ,      190 ,      170 ,       46 ,       51 ,      151 ,      155 ,        0 ,       32 ,        3 ,       60 ,       68 ,       42 ,       36 ,      133 ,       70 ,      118 ,      150 ,       28 ,       27 ,      127 ,       64 ,       54 ,       94 ,       65 ,      183 ,      196 ,      103 ,      185 ,        2 ,      102 ,        8 ,      161 ,       20 ,      164 ,      113 ,       87 ,       39 ,      159 ,       95 ,       48 ,      178 ,      110 ,      146 ,       98 ,      143 ,       50 ,       40 ,       14 ,      117 ,      137 ,       43 ,      105 ,       86 ,       97 ,       58 ,      176 ,      135 ,      107 ,       53 ,       29 ,       80 ,      119 ,       18 ,        7 ,       74 ,      132 ,      189 ,      140 ,       85 ,      126 ,      166 ,       61 ,       92 ,      182 ,       22 ,       47 ,       76 ,      109 ,      111 ,      167 ,       41 ,       66 ,      172 ,      165 ,       75 ,      188 ,      198 ,      100 ,       83 ,       88 ,      191 ,       81 ,       38 ,      128 ,      199 ,      144 ,      157 ,        5 ,      123 ,       12 ,      192 ,      147 ,      156 ,       25 , 
     134 ,       23 ,      152 ,       55 ,       21 ,       96 ,      175 ,      184 ,       99 ,       72 ,      162 ,      171 ,      187 ,      120 ,        1 ,       19 ,       35 ,      138 ,      160 ,      129 ,      174 ,      121 ,       16 ,       78 ,      149 ,      116 ,       24 ,        9 ,      104 ,       17 ,       52 ,      153 ,      124 ,       89 ,      186 ,      197 ,      125 ,      163 ,      177 ,      101 ,       34 ,       67 ,      195 ,      142 ,      180 ,      193 ,      145 ,       33 ,       90 ,       79 ,       77 ,       84 ,      158 ,       37 ,      194 ,       44 ,       93 ,      168 ,       71 ,       73 ,       69 ,      131 ,       15 ,      112 ,      136 ,        6 ,      115 ,       59 ,       26 ,       30 ,       82 ,      139 ,       56 ,       63 ,       31 ,       91 ,       45 ,      154 ,       62 ,       57 ,        4 ,      114 ,      108 ,       11 ,      106 ,       49 ,      173 ,      122 ,      169 ,      141 ,       13 ,      130 ,      148 ,      181 ,       10 ,      170 ,      190 ,      179 ,       51 ,       46 ,      151 ,        0 ,      155 ,       60 ,        3 ,       42 ,       32 ,       36 ,      133 ,       68 ,      150 ,       70 ,      118 ,      127 ,       28 ,       27 ,       64 ,       54 ,      183 ,       94 ,       65 ,      196 ,      103 ,        2 ,      102 ,        8 ,      185 ,      161 ,      164 ,      113 ,       20 ,       87 ,      159 ,       39 ,       48 ,      178 ,       95 ,      146 ,      110 ,      143 ,       40 ,       98 ,      117 ,       50 ,       14 ,      137 ,      105 ,       43 ,       97 ,       86 ,       58 ,      107 ,       53 ,      176 ,       29 ,      135 ,       80 ,       18 ,      119 ,      132 ,        7 ,      189 ,       74 ,       85 ,      166 ,      126 ,      140 ,      182 ,       22 ,       92 ,       61 ,      109 ,       76 ,       47 ,      111 ,      167 ,       66 ,       41 ,      172 ,       75 ,      165 ,      198 ,      100 ,      188 ,       83 ,       81 ,       88 ,       38 ,      199 ,      191 ,      128 ,      144 ,      157 ,        5 ,      123 ,       12 ,      147 ,      192 ,       25 ,      156 , 
     152 ,      134 ,       23 ,       55 ,       96 ,      184 ,       99 ,       21 ,      175 ,       72 ,      162 ,      120 ,        1 ,       19 ,      171 ,      187 ,       35 ,      160 ,      138 ,      174 ,      121 ,       78 ,      129 ,      149 ,       16 ,       24 ,      116 ,       17 ,       52 ,      104 ,        9 ,      124 ,      153 ,       89 ,      186 ,      125 ,      163 ,      197 ,      101 ,      177 ,       67 ,       34 ,      180 ,      142 ,      195 ,      145 ,       90 ,      193 ,       33 ,       79 ,       77 ,       84 ,      158 ,       37 ,      194 ,       93 ,       71 ,       44 ,       73 ,       69 ,      168 ,      112 ,      131 ,       15 ,      115 ,        6 ,       59 ,      136 ,       26 ,       30 ,       82 ,      139 ,       56 ,       63 ,       31 ,      154 ,       62 ,       91 ,       45 ,        4 ,      108 ,       57 ,      114 ,       49 ,       11 ,      122 ,      173 ,      106 ,      141 ,       13 ,      169 ,      130 ,      181 ,       10 ,      148 ,      179 ,      170 ,      190 ,       46 ,        0 ,      155 ,      151 ,       51 ,        3 ,       60 ,       42 ,      133 ,       68 ,       36 ,       32 ,      150 ,      118 ,       70 ,       28 ,       27 ,       64 ,      127 ,       54 ,      183 ,       94 ,      196 ,       65 ,      103 ,      102 ,        2 ,        8 ,      185 ,      161 ,      113 ,      164 ,       20 ,       87 ,       39 ,      178 ,      159 ,       48 ,      146 ,      143 ,      110 ,       95 ,      117 ,       40 ,       98 ,       50 ,      105 ,       14 ,       43 ,      137 ,       58 ,       97 ,       53 ,       86 ,      107 ,      176 ,      135 ,       29 ,       18 ,      119 ,       80 ,      132 ,        7 ,      189 ,       74 ,      126 ,      140 ,      166 ,       85 ,      182 ,       61 ,       22 ,       92 ,       47 ,       76 ,      109 ,      111 ,       66 ,      167 ,      172 ,       75 ,       41 ,      165 ,      198 ,      100 ,       81 ,       88 ,      188 ,       83 ,      191 ,      128 ,      199 ,       38 ,      157 ,      144 ,       12 ,        5 ,      147 ,      123 ,      192 ,      156 ,       25 , 
      23 ,      152 ,      134 ,       55 ,      184 ,       96 ,      175 ,       99 ,       72 ,       21 ,      162 ,        1 ,      120 ,       19 ,       35 ,      171 ,      187 ,      160 ,      174 ,      138 ,       78 ,      121 ,       16 ,      129 ,      116 ,      149 ,       52 ,      104 ,       24 ,        9 ,       17 ,      124 ,       89 ,      153 ,      186 ,      197 ,      125 ,      163 ,      101 ,       67 ,      177 ,       34 ,      142 ,      145 ,      180 ,      193 ,      195 ,       79 ,       90 ,       33 ,       77 ,       37 ,       84 ,      158 ,      194 ,       44 ,       93 ,       71 ,       73 ,      112 ,       69 ,      168 ,       15 ,      131 ,        6 ,      115 ,      136 ,       59 ,       30 ,       26 ,       56 ,      139 ,       82 ,       63 ,      154 ,       91 ,       45 ,       62 ,       31 ,      108 ,        4 ,      114 ,       57 ,       11 ,       49 ,      106 ,      122 ,      173 ,      169 ,      130 ,      141 ,       13 ,      148 ,       10 ,      170 ,      190 ,      181 ,      179 ,       46 ,      155 ,        0 ,        3 ,      151 ,       42 ,       51 ,       68 ,       60 ,       36 ,      133 ,       32 ,       70 ,      118 ,       27 ,      150 ,      127 ,       28 ,      183 ,       64 ,      196 ,       54 ,       94 ,       65 ,        2 ,      103 ,        8 ,      161 ,      102 ,      185 ,      113 ,      164 ,       39 ,       20 ,      159 ,       87 ,      178 ,       48 ,      146 ,      143 ,      117 ,      110 ,       95 ,       50 ,       40 ,       98 ,       14 ,      105 ,       43 ,       58 ,      137 ,       97 ,       86 ,       53 ,      176 ,      107 ,       29 ,       18 ,      135 ,       80 ,      132 ,        7 ,      119 ,       74 ,      189 ,      126 ,      166 ,      140 ,       85 ,      182 ,       22 ,       61 ,       47 ,       92 ,       76 ,       66 ,      111 ,      109 ,      167 ,       41 ,      172 ,      165 ,       75 ,      100 ,       81 ,       88 ,      199 ,      128 ,      188 ,      198 ,      191 ,       38 ,       83 ,      157 ,      144 ,       12 ,      147 ,      123 ,        5 ,      156 ,      192 ,       25 , 
      23 ,      152 ,      134 ,       55 ,      175 ,       99 ,       96 ,      184 ,       72 ,       21 ,        1 ,      162 ,       35 ,      120 ,       19 ,      171 ,      187 ,      160 ,      174 ,       78 ,      138 ,      129 ,       16 ,      116 ,       52 ,      121 ,      104 ,      149 ,       17 ,       24 ,        9 ,      153 ,      186 ,      197 ,       89 ,      124 ,      125 ,       67 ,      101 ,      163 ,      142 ,       34 ,      177 ,      145 ,      180 ,      195 ,      193 ,       79 ,       33 ,       90 ,       84 ,       37 ,      158 ,       77 ,      194 ,       93 ,       71 ,       44 ,       73 ,      112 ,       69 ,      168 ,        6 ,       15 ,      136 ,      131 ,      115 ,       59 ,       26 ,       56 ,       82 ,       63 ,      154 ,       30 ,       91 ,      139 ,       45 ,       62 ,        4 ,       31 ,      108 ,       57 ,      114 ,       49 ,      122 ,       11 ,      169 ,      173 ,      106 ,      141 ,      130 ,      148 ,       13 ,      170 ,      181 ,      179 ,       10 ,       46 ,      190 ,        0 ,        3 ,      155 ,       68 ,       42 ,      151 ,       51 ,      133 ,       60 ,       32 ,       36 ,       70 ,      118 ,       27 ,       28 ,      150 ,      127 ,       64 ,      196 ,      183 ,       94 ,       54 ,        2 ,       65 ,        8 ,      103 ,      161 ,      185 ,      164 ,      113 ,       20 ,      102 ,      159 ,       39 ,       87 ,      146 ,      178 ,      143 ,       48 ,      110 ,      117 ,       40 ,       50 ,       95 ,       98 ,      105 ,       43 ,       14 ,       97 ,      137 ,       58 ,       53 ,       86 ,      107 ,       18 ,      176 ,       80 ,      132 ,       29 ,      135 ,      119 ,        7 ,      189 ,       74 ,      140 ,      126 ,      166 ,       22 ,       61 ,       85 ,      182 ,       47 ,       66 ,       92 ,      111 ,       76 ,      109 ,       41 ,      167 ,      172 ,      165 ,      100 ,       75 ,       88 ,       81 ,      128 ,      199 ,      191 ,      198 ,      188 ,       38 ,      144 ,       83 ,      157 ,      123 ,        5 ,      147 ,       12 ,       25 ,      192 ,      156 , 
      23 ,      134 ,      152 ,      175 ,       99 ,      184 ,       72 ,       55 ,       96 ,      162 ,       21 ,        1 ,       35 ,      120 ,       19 ,      160 ,      171 ,      187 ,       78 ,      174 ,      129 ,      138 ,      116 ,       16 ,       52 ,      149 ,      121 ,       24 ,       17 ,      104 ,        9 ,      153 ,       89 ,      124 ,      186 ,      125 ,      197 ,       67 ,      101 ,      163 ,      142 ,      177 ,      180 ,       34 ,      145 ,      195 ,       79 ,       33 ,      193 ,       37 ,       90 ,      158 ,       84 ,       77 ,       93 ,      194 ,       71 ,       73 ,       44 ,       69 ,      112 ,      168 ,      136 ,        6 ,      115 ,       15 ,      131 ,       26 ,       59 ,       56 ,       82 ,       30 ,       63 ,      154 ,       45 ,      139 ,       91 ,        4 ,       31 ,       62 ,      108 ,      114 ,      122 ,       57 ,       11 ,      173 ,       49 ,      106 ,      169 ,      130 ,      148 ,      141 ,       13 ,      181 ,      179 ,      170 ,      190 ,       10 ,       46 ,        0 ,        3 ,       68 ,      155 ,      151 ,       42 ,      133 ,       32 ,       51 ,       60 ,       36 ,       27 ,       70 ,      118 ,       28 ,      150 ,      127 ,      183 ,       64 ,       94 ,      196 ,       54 ,       65 ,        2 ,      103 ,        8 ,      164 ,      185 ,      161 ,      113 ,      102 ,       20 ,      159 ,       87 ,      146 ,       39 ,      178 ,      143 ,      117 ,       48 ,      110 ,       50 ,       98 ,       40 ,       95 ,       43 ,       14 ,      105 ,      137 ,       97 ,       58 ,       86 ,       53 ,      107 ,       80 ,       18 ,      176 ,      132 ,      119 ,       29 ,      135 ,      189 ,       74 ,        7 ,      140 ,      126 ,       61 ,      166 ,       22 ,      182 ,       47 ,       85 ,       92 ,       66 ,       76 ,      111 ,      109 ,      167 ,      172 ,       41 ,      100 ,      165 ,       81 ,      128 ,       88 ,      191 ,       75 ,      198 ,       38 ,      199 ,       83 ,      188 ,      123 ,      144 ,      157 ,        5 ,       12 ,      147 ,      156 ,       25 ,      192 , 
      23 ,      152 ,      134 ,      184 ,       99 ,      175 ,       72 ,       96 ,       55 ,       21 ,      162 ,        1 ,       35 ,       19 ,      171 ,      120 ,      160 ,      187 ,       78 ,      174 ,      129 ,      116 ,      138 ,       16 ,       52 ,      149 ,      121 ,      104 ,       24 ,       17 ,      153 ,       89 ,        9 ,      124 ,      186 ,      197 ,      125 ,      163 ,       67 ,      101 ,      177 ,      142 ,      180 ,      145 ,      195 ,       34 ,       33 ,       37 ,      193 ,       79 ,       84 ,       90 ,      158 ,       93 ,       77 ,       73 ,       71 ,      194 ,       44 ,      112 ,      168 ,      136 ,        6 ,      115 ,       69 ,      131 ,       15 ,       26 ,       56 ,       82 ,       59 ,      154 ,       30 ,       63 ,      139 ,       45 ,       91 ,        4 ,       62 ,       31 ,      122 ,       57 ,      114 ,      108 ,       11 ,       49 ,      173 ,      130 ,      148 ,      141 ,      106 ,      169 ,      179 ,      170 ,       13 ,       10 ,      181 ,      190 ,       46 ,      155 ,       68 ,        0 ,        3 ,      133 ,       42 ,      151 ,       51 ,       32 ,       36 ,       60 ,       70 ,       27 ,       28 ,      118 ,      183 ,      150 ,      127 ,      196 ,       64 ,       94 ,       65 ,       54 ,        2 ,      164 ,      103 ,        8 ,      161 ,      102 ,      185 ,       87 ,       20 ,      113 ,       39 ,      159 ,      178 ,      146 ,      143 ,      117 ,      110 ,       48 ,       50 ,       40 ,       95 ,       98 ,      105 ,      137 ,       43 ,       14 ,       58 ,       53 ,       80 ,       86 ,       97 ,      107 ,       18 ,      132 ,       29 ,      119 ,      176 ,       74 ,      189 ,      135 ,        7 ,      140 ,       61 ,      126 ,      182 ,       22 ,      166 ,       85 ,       47 ,       92 ,       66 ,      111 ,       76 ,      109 ,      172 ,      167 ,      165 ,       81 ,       41 ,      128 ,       75 ,      100 ,      191 ,       88 ,      198 ,       83 ,       38 ,      199 ,      144 ,      188 ,      157 ,      123 ,        5 ,      147 ,       12 ,      156 ,       25 ,      192 , 
