786 , 200 , 10 , 429942 , ILST
      71 ,       36 ,      159 ,        0 ,      121 ,      188 ,      199 ,      156 ,       94 ,       20 ,       70 ,       88 ,      155 ,      163 ,      105 ,      152 ,       96 ,      173 ,      108 ,      123 ,       86 ,       58 ,       28 ,       15 ,      125 ,       51 ,       92 ,      170 ,      130 ,      101 ,      100 ,       31 ,       30 ,       14 ,       37 ,      129 ,      154 ,        2 ,      198 ,       69 ,       65 ,      147 ,       19 ,       32 ,      133 ,       57 ,      103 ,      146 ,       77 ,      193 ,       34 ,      161 ,       60 ,      148 ,      124 ,      164 ,      175 ,      134 ,       25 ,       62 ,       82 ,       61 ,       46 ,       75 ,       33 ,      183 ,       48 ,       52 ,      126 ,       27 ,      137 ,      118 ,       55 ,      196 ,       66 ,      185 ,       56 ,      162 ,      151 ,      186 ,       83 ,      157 ,       13 ,      180 ,       16 ,       17 ,        8 ,       73 ,       79 ,       85 ,       42 ,        5 ,      115 ,        6 ,      149 ,       63 ,       43 ,      111 ,      145 ,       76 ,       81 ,      128 ,      102 ,      116 ,       97 ,      127 ,      113 ,       74 ,      139 ,      191 ,       49 ,      158 ,      172 ,       45 ,      181 ,       50 ,      141 ,      107 ,      187 ,      176 ,       10 ,      131 ,      150 ,       54 ,       21 ,      104 ,      177 ,      171 ,      143 ,      120 ,      166 ,       93 ,        7 ,      178 ,      167 ,      106 ,      153 ,       35 ,       11 ,      119 ,       95 ,      179 ,      168 ,       47 ,       26 ,       12 ,       98 ,      136 ,       68 ,       41 ,      110 ,      174 ,       99 ,      135 ,      165 ,      142 ,       29 ,      189 ,      117 ,       80 ,      109 ,       23 ,      122 ,       67 ,        1 ,       53 ,      132 ,       78 ,       18 ,      160 ,      112 ,       24 ,       44 ,      138 ,       22 ,      140 ,      114 ,       38 ,       87 ,      197 ,       59 ,      144 ,        3 ,       72 ,       64 ,      194 ,      192 ,       84 ,       39 ,       90 ,       91 ,        4 ,      190 ,       89 ,      182 ,        9 ,       40 ,      169 ,      195 ,      184 , 
      71 ,        0 ,       36 ,      121 ,      159 ,      188 ,       94 ,      156 ,      199 ,       70 ,      155 ,       20 ,       88 ,      152 ,      105 ,      173 ,      163 ,      108 ,       96 ,       86 ,      123 ,       28 ,      125 ,       15 ,       58 ,       51 ,      170 ,      130 ,       92 ,      101 ,      100 ,       31 ,       14 ,       37 ,       30 ,      154 ,      129 ,        2 ,      198 ,       65 ,      147 ,       69 ,       19 ,       32 ,       57 ,      133 ,      146 ,      103 ,       77 ,      193 ,       60 ,       34 ,      161 ,      124 ,      148 ,      134 ,      175 ,      164 ,       82 ,       46 ,       25 ,       61 ,       75 ,       62 ,      183 ,       52 ,      126 ,       48 ,       33 ,      118 ,       27 ,       55 ,       66 ,      137 ,      196 ,       56 ,      185 ,      162 ,      186 ,      151 ,       13 ,      180 ,       83 ,       16 ,      157 ,       17 ,       73 ,       79 ,        8 ,        5 ,       42 ,       85 ,        6 ,      115 ,      149 ,       63 ,       43 ,       76 ,      111 ,      145 ,      128 ,      102 ,       81 ,       97 ,      127 ,       74 ,      116 ,      113 ,       49 ,      139 ,      191 ,      158 ,      172 ,      181 ,       45 ,       50 ,      141 ,      187 ,      107 ,      131 ,      176 ,      150 ,       10 ,      104 ,       21 ,      171 ,       54 ,      177 ,      143 ,      120 ,      166 ,        7 ,       93 ,      178 ,      153 ,      167 ,      106 ,      119 ,       35 ,       11 ,      179 ,       95 ,       26 ,      168 ,       47 ,       12 ,       68 ,       98 ,      110 ,      136 ,       41 ,       99 ,      174 ,      135 ,      142 ,      189 ,      165 ,      117 ,       29 ,      109 ,       80 ,       67 ,       23 ,        1 ,      122 ,       78 ,      132 ,       53 ,       18 ,      160 ,      112 ,       44 ,       24 ,      138 ,       22 ,      140 ,       87 ,       38 ,      114 ,      197 ,       59 ,      144 ,        3 ,       64 ,      194 ,       72 ,      192 ,       39 ,       90 ,       91 ,       89 ,        4 ,       40 ,      190 ,      182 ,        9 ,       84 ,      184 ,      195 ,      169 , 
      36 ,       71 ,      121 ,      159 ,      188 ,        0 ,      199 ,       70 ,      155 ,       94 ,      156 ,      152 ,      173 ,      105 ,       88 ,      163 ,       20 ,      108 ,       96 ,       86 ,      123 ,       15 ,       28 ,       58 ,      125 ,      170 ,       51 ,      130 ,       92 ,       31 ,      101 ,       37 ,       14 ,       30 ,      100 ,      129 ,        2 ,      198 ,      154 ,      147 ,       19 ,       65 ,       69 ,       57 ,      133 ,       32 ,      103 ,      146 ,       60 ,      193 ,       34 ,       77 ,      148 ,      124 ,      161 ,      164 ,       82 ,      134 ,      175 ,       46 ,       61 ,       75 ,       52 ,       25 ,       62 ,      126 ,      183 ,       48 ,       27 ,      196 ,       33 ,      118 ,       55 ,       56 ,      137 ,       66 ,      186 ,      185 ,      151 ,       13 ,      162 ,       83 ,      157 ,      180 ,       16 ,       17 ,        8 ,       79 ,       73 ,        5 ,        6 ,       85 ,       42 ,      149 ,       63 ,      115 ,      111 ,       43 ,      145 ,      128 ,       76 ,       81 ,      127 ,      102 ,      116 ,       97 ,      113 ,       74 ,       49 ,      139 ,      158 ,      181 ,      191 ,       45 ,       50 ,      172 ,      187 ,      107 ,      131 ,      141 ,       10 ,      176 ,       21 ,      171 ,      150 ,      104 ,       54 ,      177 ,      143 ,      166 ,      120 ,       93 ,        7 ,      167 ,      178 ,      153 ,      106 ,       11 ,      119 ,       35 ,      179 ,       95 ,      168 ,       47 ,       26 ,       12 ,       98 ,       68 ,       41 ,      110 ,      136 ,      174 ,       99 ,      142 ,      189 ,      165 ,      135 ,      117 ,       29 ,       67 ,       23 ,      109 ,       80 ,      122 ,        1 ,      132 ,       53 ,       78 ,       18 ,      112 ,      160 ,       44 ,       24 ,      138 ,      140 ,       22 ,       87 ,       38 ,      114 ,      197 ,        3 ,      144 ,       59 ,      194 ,      192 ,       64 ,       72 ,       91 ,       39 ,       90 ,        4 ,       89 ,      182 ,       40 ,      195 ,       84 ,      190 ,        9 ,      184 ,      169 , 
      36 ,      121 ,       71 ,      188 ,        0 ,      199 ,      159 ,       70 ,      156 ,      152 ,      155 ,       94 ,      105 ,      173 ,      163 ,       20 ,       88 ,       96 ,      108 ,      123 ,       15 ,       86 ,       58 ,      125 ,      170 ,      130 ,       28 ,       51 ,      101 ,       92 ,       31 ,       14 ,       30 ,      100 ,       37 ,        2 ,      129 ,      198 ,      154 ,      147 ,       19 ,       69 ,      133 ,       65 ,       57 ,       32 ,      103 ,      146 ,      193 ,       60 ,       34 ,      148 ,      161 ,       77 ,      124 ,      134 ,      164 ,       82 ,       46 ,      175 ,       75 ,       61 ,       25 ,       62 ,       52 ,      126 ,       48 ,      183 ,       33 ,      118 ,       27 ,      196 ,      137 ,       66 ,       56 ,      186 ,      151 ,       55 ,      185 ,       83 ,       13 ,      162 ,      180 ,       16 ,      157 ,        8 ,       73 ,       17 ,        5 ,       85 ,       79 ,        6 ,       63 ,       42 ,      149 ,      111 ,      145 ,       43 ,      115 ,       81 ,      127 ,      128 ,       76 ,      102 ,      113 ,      116 ,       97 ,      139 ,       74 ,      158 ,       49 ,      191 ,      181 ,       50 ,       45 ,      172 ,      107 ,      187 ,      131 ,      176 ,       10 ,      141 ,       21 ,      171 ,      150 ,      104 ,      177 ,       54 ,      120 ,      143 ,       93 ,      166 ,      167 ,      178 ,      153 ,       11 ,        7 ,      106 ,       35 ,      119 ,       95 ,       47 ,       26 ,      179 ,       12 ,       98 ,      168 ,       68 ,      110 ,      174 ,      136 ,       41 ,      142 ,       99 ,      165 ,      189 ,      135 ,       29 ,      117 ,      109 ,       67 ,       23 ,      122 ,       80 ,      132 ,       78 ,        1 ,       53 ,      160 ,       18 ,       44 ,      112 ,      138 ,       24 ,      140 ,       38 ,       22 ,      114 ,       87 ,      197 ,      144 ,      194 ,        3 ,      192 ,       72 ,       59 ,       64 ,       90 ,       91 ,       39 ,       89 ,        4 ,      182 ,      195 ,       40 ,       84 ,        9 ,      190 ,      184 ,      169 , 
      36 ,       71 ,      188 ,        0 ,      199 ,      121 ,      159 ,       70 ,      156 ,      152 ,      105 ,      155 ,      163 ,       94 ,       20 ,       96 ,       88 ,       15 ,      173 ,      123 ,       86 ,      108 ,      125 ,       58 ,      170 ,      130 ,       28 ,       92 ,       31 ,      101 ,       14 ,       51 ,      100 ,       37 ,      154 ,        2 ,       30 ,      198 ,      147 ,      129 ,       69 ,       19 ,      133 ,       32 ,       65 ,      146 ,       57 ,      103 ,       60 ,      193 ,      148 ,       77 ,       34 ,      161 ,      134 ,       82 ,      164 ,      124 ,      175 ,       46 ,       75 ,       62 ,       61 ,       52 ,       25 ,      126 ,       48 ,       33 ,      183 ,      118 ,       27 ,      196 ,       56 ,       66 ,      186 ,      137 ,      151 ,       55 ,       83 ,       13 ,      185 ,      180 ,      162 ,       16 ,        8 ,      157 ,       73 ,        5 ,       79 ,       85 ,       17 ,       63 ,        6 ,       42 ,      111 ,       43 ,      149 ,      115 ,       81 ,      127 ,      145 ,       76 ,      128 ,      113 ,       97 ,      116 ,      102 ,       74 ,      139 ,      158 ,      191 ,       50 ,       49 ,      172 ,      181 ,       45 ,      107 ,      176 ,      187 ,      141 ,      131 ,      171 ,       10 ,       21 ,      150 ,      104 ,       54 ,      120 ,      143 ,      177 ,      166 ,      167 ,       93 ,       11 ,      178 ,      106 ,      153 ,       35 ,        7 ,       95 ,       47 ,      179 ,      119 ,       12 ,       26 ,      168 ,       98 ,      174 ,       68 ,      110 ,      142 ,      136 ,       41 ,      165 ,      189 ,       99 ,       29 ,      117 ,      135 ,       67 ,      109 ,       23 ,       80 ,      122 ,      132 ,        1 ,       78 ,       53 ,      160 ,       18 ,       44 ,       24 ,      112 ,      138 ,       38 ,       22 ,      140 ,       87 ,      114 ,      197 ,      144 ,      194 ,       72 ,        3 ,      192 ,       64 ,       91 ,       39 ,       59 ,       89 ,       90 ,      182 ,      195 ,        4 ,       40 ,        9 ,       84 ,      190 ,      184 ,      169 , 
      36 ,       71 ,      188 ,        0 ,      199 ,      159 ,      121 ,      156 ,       70 ,      155 ,      105 ,      152 ,       20 ,       94 ,       96 ,      163 ,       88 ,      173 ,      123 ,       15 ,       86 ,      125 ,       58 ,      108 ,      170 ,       28 ,       31 ,      130 ,       92 ,      101 ,       14 ,      100 ,      154 ,       51 ,        2 ,       37 ,      198 ,      147 ,       30 ,       19 ,      129 ,       69 ,      133 ,       65 ,       32 ,       57 ,      146 ,       60 ,      193 ,      103 ,       77 ,      148 ,      161 ,       34 ,      134 ,      124 ,       82 ,      164 ,       75 ,       46 ,       62 ,      175 ,       52 ,       61 ,       25 ,       48 ,       33 ,      126 ,      118 ,      183 ,      196 ,       27 ,       66 ,      137 ,       56 ,       55 ,       83 ,      151 ,       13 ,      185 ,      186 ,      162 ,        8 ,       16 ,      180 ,       73 ,      157 ,       85 ,       79 ,        5 ,       17 ,       42 ,       63 ,        6 ,      111 ,       43 ,      149 ,       81 ,      115 ,      145 ,      128 ,      127 ,       97 ,      113 ,      116 ,       76 ,      102 ,       74 ,      158 ,      139 ,       50 ,      172 ,       49 ,      191 ,       45 ,      176 ,      181 ,      141 ,      107 ,      187 ,      171 ,      131 ,       10 ,       21 ,      150 ,       54 ,      104 ,      143 ,      177 ,      120 ,       93 ,      166 ,      167 ,      178 ,      153 ,       11 ,       35 ,        7 ,       95 ,      106 ,       47 ,      179 ,       26 ,       12 ,      119 ,      168 ,       68 ,       98 ,      174 ,      142 ,      136 ,      110 ,      189 ,       41 ,       99 ,      165 ,      135 ,      117 ,      109 ,       67 ,       29 ,       23 ,       80 ,      122 ,      132 ,        1 ,       78 ,       18 ,      160 ,       53 ,       44 ,      138 ,      112 ,       24 ,       38 ,       22 ,      140 ,       87 ,      114 ,      194 ,      197 ,      144 ,       72 ,       64 ,        3 ,       39 ,       59 ,       91 ,       90 ,      182 ,       89 ,      192 ,      195 ,        4 ,       40 ,       84 ,        9 ,      169 ,      190 ,      184 , 
      71 ,       36 ,        0 ,      199 ,      188 ,      159 ,       70 ,      155 ,      156 ,      121 ,       20 ,       94 ,      152 ,       96 ,      105 ,      163 ,      123 ,      173 ,       88 ,       15 ,       86 ,       58 ,      125 ,       28 ,      108 ,      170 ,       92 ,       31 ,      130 ,       14 ,      154 ,      101 ,        2 ,       37 ,      100 ,       51 ,      198 ,       30 ,      129 ,      147 ,       19 ,       69 ,       32 ,      133 ,       65 ,       60 ,       57 ,      146 ,       77 ,      103 ,      161 ,      193 ,      134 ,       34 ,      148 ,      124 ,      164 ,       82 ,       46 ,      175 ,       75 ,       62 ,       52 ,       25 ,       61 ,       48 ,      126 ,      118 ,       33 ,       27 ,      183 ,       66 ,      196 ,       55 ,      137 ,       83 ,       56 ,      185 ,      151 ,      162 ,        8 ,       13 ,      186 ,       16 ,      157 ,       73 ,      180 ,       79 ,       85 ,        5 ,       42 ,        6 ,       63 ,       17 ,      111 ,       43 ,       81 ,      115 ,      149 ,      127 ,      145 ,       97 ,      128 ,       76 ,      113 ,      116 ,      158 ,      139 ,      102 ,       74 ,       49 ,      172 ,       50 ,      176 ,       45 ,      191 ,      181 ,      107 ,      141 ,      131 ,      171 ,      187 ,       10 ,       21 ,       54 ,      150 ,      104 ,      120 ,      177 ,      143 ,      167 ,       93 ,      178 ,      166 ,       35 ,       11 ,      153 ,        7 ,       95 ,      179 ,      106 ,       47 ,       26 ,      168 ,       68 ,      119 ,       12 ,       98 ,      136 ,      174 ,      142 ,      189 ,       41 ,      165 ,       99 ,      117 ,      135 ,      109 ,      110 ,       67 ,       29 ,       23 ,      122 ,       80 ,        1 ,      132 ,       18 ,       53 ,       78 ,       44 ,      160 ,      138 ,       24 ,      112 ,       38 ,       87 ,      114 ,       22 ,      140 ,      194 ,       72 ,      197 ,        3 ,      144 ,       64 ,       39 ,       59 ,       91 ,       90 ,      182 ,       89 ,      192 ,      195 ,        4 ,       84 ,      169 ,       40 ,        9 ,      190 ,      184 , 
       0 ,       71 ,       36 ,      199 ,      188 ,      159 ,      156 ,      121 ,       70 ,       20 ,      155 ,       94 ,      152 ,       96 ,      163 ,      105 ,      173 ,       15 ,       86 ,       88 ,      123 ,       28 ,       58 ,      125 ,      170 ,       92 ,      108 ,       14 ,       31 ,      101 ,      154 ,      130 ,       37 ,        2 ,      100 ,       51 ,      198 ,       30 ,       19 ,      129 ,      147 ,      133 ,       65 ,       32 ,       69 ,       57 ,      146 ,       60 ,      103 ,      193 ,      161 ,       77 ,       34 ,      124 ,      148 ,      134 ,       82 ,      164 ,      175 ,       46 ,       62 ,       75 ,       52 ,       48 ,       61 ,       25 ,       33 ,      126 ,      118 ,       66 ,      183 ,      196 ,       27 ,      137 ,       55 ,       56 ,      185 ,       83 ,      162 ,      151 ,      186 ,        8 ,      157 ,       13 ,       16 ,      180 ,       85 ,       73 ,       79 ,       42 ,        5 ,        6 ,       63 ,       17 ,      111 ,      115 ,       81 ,       43 ,      128 ,      149 ,      127 ,       76 ,      145 ,      116 ,       97 ,      158 ,      113 ,       74 ,      102 ,      139 ,       50 ,       49 ,      172 ,      176 ,       45 ,      107 ,      191 ,      181 ,      141 ,      131 ,      187 ,      171 ,       21 ,       10 ,      104 ,      150 ,       54 ,      120 ,      167 ,      177 ,      143 ,      178 ,       93 ,      166 ,      153 ,       35 ,       11 ,      179 ,        7 ,       95 ,      106 ,       47 ,       68 ,       26 ,       12 ,      119 ,      168 ,      136 ,       98 ,      142 ,      189 ,      174 ,      165 ,       99 ,      135 ,      117 ,       41 ,      109 ,      110 ,       67 ,       29 ,      122 ,       23 ,       80 ,        1 ,      132 ,       78 ,       53 ,       18 ,      160 ,       44 ,      138 ,       24 ,       38 ,      112 ,       22 ,       87 ,      114 ,      140 ,      194 ,        3 ,       72 ,      197 ,      144 ,       59 ,       91 ,       39 ,       64 ,       90 ,      182 ,      195 ,        4 ,      192 ,       89 ,      169 ,       84 ,      190 ,       40 ,        9 ,      184 , 
       0 ,       71 ,      188 ,       36 ,      199 ,      159 ,      156 ,      121 ,       70 ,       94 ,       20 ,      155 ,       96 ,      152 ,      163 ,      173 ,      105 ,       15 ,       86 ,       88 ,      123 ,       58 ,       28 ,      125 ,      170 ,      108 ,       92 ,      101 ,       14 ,      130 ,       31 ,      154 ,      100 ,       37 ,        2 ,      198 ,       51 ,       19 ,      147 ,      133 ,      129 ,       30 ,       69 ,       32 ,       57 ,       65 ,      103 ,      146 ,       60 ,      161 ,      193 ,      124 ,       77 ,       34 ,      148 ,      164 ,      134 ,      175 ,       82 ,       62 ,       46 ,       52 ,       61 ,       75 ,       25 ,       33 ,       48 ,      126 ,      183 ,      196 ,      118 ,       66 ,      137 ,       27 ,      185 ,       56 ,       55 ,      186 ,       83 ,      157 ,      151 ,      162 ,        8 ,       13 ,       16 ,       85 ,      180 ,       79 ,       42 ,       73 ,        6 ,       81 ,        5 ,       17 ,       63 ,      115 ,      111 ,      149 ,      127 ,      128 ,       76 ,      145 ,       43 ,      158 ,      113 ,      116 ,       97 ,      102 ,       49 ,       74 ,      139 ,      172 ,       50 ,      107 ,       45 ,      176 ,      191 ,      181 ,      141 ,      187 ,      171 ,      131 ,       21 ,       10 ,      104 ,      120 ,      150 ,       54 ,      143 ,      167 ,      177 ,      178 ,       93 ,      166 ,       35 ,      153 ,       11 ,       95 ,        7 ,       47 ,      179 ,      106 ,       68 ,       26 ,      119 ,       12 ,      168 ,      142 ,       98 ,      174 ,      136 ,      189 ,      165 ,      135 ,       99 ,       41 ,      110 ,       29 ,      117 ,      109 ,       23 ,       67 ,      122 ,       80 ,      132 ,        1 ,       53 ,       78 ,       18 ,      138 ,      160 ,       44 ,       24 ,      112 ,       87 ,       38 ,       22 ,      140 ,      194 ,      197 ,      114 ,        3 ,       72 ,      144 ,       91 ,       59 ,       64 ,      182 ,       39 ,      195 ,       90 ,      192 ,      169 ,       89 ,       84 ,        4 ,      190 ,       40 ,      184 ,        9 , 
      71 ,        0 ,      188 ,       36 ,      199 ,      159 ,      156 ,      121 ,       94 ,       70 ,       20 ,      155 ,      152 ,      163 ,       96 ,       15 ,       86 ,      173 ,      105 ,      123 ,       88 ,       28 ,      125 ,       58 ,      170 ,       92 ,      108 ,      101 ,      154 ,       14 ,       31 ,      130 ,        2 ,       37 ,      129 ,      198 ,      147 ,       51 ,      100 ,       32 ,       30 ,       19 ,      133 ,       69 ,       57 ,      103 ,       65 ,      161 ,      146 ,      124 ,       60 ,      193 ,       34 ,       77 ,      148 ,      164 ,      175 ,      134 ,       82 ,       62 ,       61 ,       75 ,       52 ,       46 ,       25 ,      126 ,       33 ,      196 ,       48 ,       66 ,      183 ,      118 ,      137 ,       56 ,       27 ,      186 ,       83 ,      185 ,      162 ,       55 ,      157 ,      151 ,       16 ,        8 ,       13 ,       85 ,       42 ,      180 ,       79 ,       73 ,        6 ,       81 ,       17 ,       63 ,      115 ,      111 ,        5 ,      128 ,      127 ,       76 ,      149 ,      145 ,       43 ,      158 ,      113 ,      102 ,      116 ,       97 ,       49 ,       74 ,      172 ,      139 ,       45 ,       50 ,      107 ,      176 ,      191 ,      187 ,      141 ,      131 ,      181 ,       21 ,      171 ,      104 ,       10 ,      120 ,      143 ,      150 ,       54 ,      177 ,       93 ,      167 ,      178 ,      166 ,       35 ,       11 ,      153 ,       95 ,        7 ,       47 ,      179 ,       26 ,      106 ,       12 ,       68 ,      119 ,      174 ,      168 ,      136 ,      165 ,       98 ,      142 ,      189 ,       99 ,      110 ,       29 ,      135 ,      117 ,       41 ,      109 ,       23 ,      122 ,       67 ,       53 ,       80 ,      132 ,       78 ,        1 ,      138 ,       18 ,      160 ,       44 ,      112 ,       24 ,       87 ,       22 ,       38 ,      197 ,      194 ,      140 ,      114 ,        3 ,       72 ,       91 ,       59 ,      144 ,      182 ,       64 ,       39 ,      195 ,       90 ,      192 ,       89 ,      169 ,        4 ,       84 ,       40 ,      190 ,      184 ,        9 , 
