1317 , 200 , 10 , 14811 , IGT
     186 ,       20 ,      171 ,      158 ,       68 ,       96 ,       70 ,      182 ,       56 ,      166 ,      123 ,       50 ,      118 ,       39 ,      185 ,       46 ,      138 ,      134 ,      107 ,       17 ,      151 ,      183 ,       30 ,       99 ,      162 ,      190 ,      130 ,       75 ,       57 ,       69 ,      181 ,        3 ,       61 ,      170 ,        4 ,      163 ,       31 ,      101 ,       64 ,        9 ,      143 ,      156 ,      153 ,      129 ,      112 ,      196 ,      199 ,      125 ,       65 ,       22 ,      154 ,       58 ,       23 ,      144 ,       76 ,      189 ,       27 ,      165 ,      175 ,      100 ,      187 ,       60 ,      139 ,        1 ,      184 ,       38 ,      141 ,       45 ,       44 ,       77 ,      105 ,       42 ,      135 ,       79 ,        2 ,      188 ,       82 ,       53 ,       26 ,       87 ,       85 ,      167 ,      193 ,      108 ,      160 ,      169 ,       59 ,      146 ,       86 ,        6 ,        0 ,      164 ,       16 ,      121 ,      132 ,       73 ,       10 ,      176 ,       51 ,      179 ,       90 ,       81 ,      111 ,        8 ,      103 ,       92 ,       35 ,       52 ,       80 ,      173 ,      136 ,       12 ,      131 ,      140 ,      119 ,      159 ,       18 ,      124 ,       94 ,       71 ,       21 ,      192 ,      110 ,       97 ,       25 ,      198 ,      172 ,      168 ,      152 ,       29 ,      120 ,        7 ,       91 ,      194 ,      133 ,       84 ,       95 ,      177 ,      195 ,      116 ,      147 ,       14 ,      161 ,      137 ,      113 ,      157 ,       24 ,      109 ,      197 ,      106 ,       93 ,       72 ,       33 ,       48 ,      191 ,       98 ,      178 ,       62 ,      150 ,       11 ,       78 ,      127 ,       47 ,      126 ,      104 ,      148 ,      155 ,       67 ,      115 ,      180 ,       36 ,        5 ,      128 ,       32 ,       63 ,       55 ,      102 ,      149 ,       13 ,       74 ,      145 ,      117 ,       54 ,       43 ,       89 ,       37 ,       40 ,       34 ,       83 ,       41 ,       28 ,      142 ,       49 ,       88 ,      122 ,       19 ,       15 ,       66 ,      114 ,      174 , 
      20 ,      171 ,      158 ,      186 ,       68 ,       70 ,      182 ,       96 ,      123 ,      166 ,       39 ,       56 ,       50 ,      185 ,      118 ,      134 ,       46 ,      151 ,      107 ,      138 ,       17 ,       99 ,      183 ,       30 ,       75 ,      130 ,      162 ,      190 ,        3 ,       57 ,       69 ,      181 ,       61 ,      170 ,        4 ,      163 ,       31 ,       64 ,      153 ,      143 ,      101 ,        9 ,      156 ,      112 ,      129 ,      199 ,      196 ,       22 ,      125 ,       65 ,       58 ,      154 ,      144 ,       23 ,      175 ,       76 ,       27 ,      189 ,      100 ,      165 ,      139 ,      141 ,       77 ,       60 ,      187 ,      184 ,       45 ,       38 ,       44 ,        1 ,      105 ,      135 ,       79 ,      188 ,       42 ,        2 ,       82 ,       26 ,       85 ,       87 ,       53 ,      108 ,      167 ,      193 ,      160 ,      169 ,       59 ,      146 ,        6 ,       86 ,       16 ,      121 ,        0 ,      164 ,       73 ,      132 ,       51 ,      176 ,       10 ,      179 ,       81 ,       90 ,      111 ,        8 ,       35 ,      103 ,       92 ,       80 ,       52 ,      136 ,       12 ,      173 ,      131 ,      140 ,      119 ,      159 ,       18 ,      124 ,       21 ,       94 ,      192 ,       71 ,      110 ,       97 ,       25 ,      168 ,      198 ,      172 ,      120 ,      152 ,       29 ,      194 ,        7 ,      133 ,       91 ,       95 ,      195 ,      116 ,       84 ,       14 ,      147 ,      177 ,      113 ,      161 ,      137 ,       24 ,      157 ,      109 ,      197 ,      106 ,       72 ,       93 ,       33 ,      191 ,       98 ,       48 ,       62 ,      150 ,      178 ,       78 ,       11 ,      126 ,      127 ,       47 ,      104 ,      148 ,      155 ,      180 ,       67 ,      115 ,       36 ,       32 ,        5 ,       63 ,      128 ,       55 ,       13 ,      149 ,      102 ,       74 ,      145 ,      117 ,       89 ,       54 ,       43 ,       40 ,       37 ,       83 ,       41 ,       34 ,       28 ,      142 ,       49 ,       88 ,      122 ,       15 ,       19 ,       66 ,      174 ,      114 , 
      20 ,      158 ,      171 ,      186 ,       68 ,       70 ,      123 ,       96 ,       39 ,      182 ,      166 ,      185 ,      118 ,       56 ,      134 ,       50 ,       46 ,      107 ,      151 ,      138 ,       17 ,      183 ,       30 ,       99 ,      130 ,       75 ,      162 ,      190 ,        3 ,       57 ,      181 ,       69 ,       61 ,      163 ,        4 ,      170 ,       31 ,      153 ,      101 ,       64 ,      143 ,        9 ,      112 ,      156 ,      129 ,      199 ,      196 ,      125 ,       22 ,       65 ,       58 ,       23 ,      144 ,      154 ,       27 ,      189 ,      175 ,       76 ,      139 ,      100 ,      141 ,       77 ,      165 ,       38 ,       60 ,       45 ,      187 ,      184 ,       44 ,        1 ,      105 ,      188 ,      135 ,       79 ,       42 ,        2 ,       85 ,       87 ,       26 ,       82 ,       53 ,      108 ,      167 ,      193 ,      160 ,       59 ,      169 ,       86 ,      146 ,        6 ,      121 ,      164 ,        0 ,       73 ,       16 ,      176 ,       51 ,       10 ,      132 ,       81 ,      179 ,       90 ,       35 ,        8 ,      103 ,      111 ,       92 ,       52 ,       80 ,      173 ,       12 ,      131 ,      136 ,      140 ,      119 ,       18 ,      124 ,      159 ,       21 ,       71 ,       94 ,      192 ,      110 ,       97 ,      168 ,      172 ,       25 ,      198 ,       29 ,      152 ,      194 ,      120 ,      133 ,       95 ,       91 ,        7 ,      195 ,       14 ,      116 ,      147 ,       84 ,      113 ,      177 ,      137 ,      161 ,       24 ,      197 ,      109 ,       72 ,       93 ,      157 ,       33 ,      106 ,      191 ,       98 ,       48 ,      150 ,       62 ,      178 ,       78 ,       11 ,      127 ,       47 ,      104 ,      126 ,      155 ,      180 ,      148 ,       67 ,      115 ,       32 ,       36 ,        5 ,      128 ,       55 ,       63 ,      102 ,       13 ,      149 ,      145 ,      117 ,       54 ,       89 ,       40 ,       74 ,       43 ,       41 ,       34 ,       37 ,      142 ,       83 ,       28 ,       49 ,       15 ,      122 ,       19 ,       88 ,      114 ,      174 ,       66 , 
      20 ,      158 ,      171 ,       70 ,      186 ,      123 ,       68 ,       96 ,      166 ,       39 ,      185 ,      182 ,      134 ,      118 ,       56 ,       50 ,       46 ,      107 ,      138 ,      151 ,       17 ,      183 ,       30 ,      130 ,       99 ,      162 ,       75 ,       57 ,      190 ,        3 ,      181 ,       69 ,      163 ,       61 ,       31 ,        4 ,      170 ,      101 ,      153 ,       64 ,      112 ,      156 ,      143 ,        9 ,      129 ,      196 ,       22 ,      199 ,       65 ,      125 ,       58 ,       23 ,      144 ,      154 ,       27 ,      175 ,      189 ,      100 ,      139 ,       76 ,      141 ,      165 ,       60 ,       45 ,       77 ,       38 ,      187 ,       44 ,      105 ,      184 ,      135 ,      188 ,        1 ,       42 ,       79 ,       85 ,        2 ,       87 ,       53 ,       82 ,       26 ,      167 ,      193 ,      160 ,       59 ,      108 ,       86 ,      169 ,      146 ,        6 ,      121 ,        0 ,      164 ,       16 ,       73 ,      176 ,       51 ,       10 ,       81 ,      179 ,      132 ,       35 ,       90 ,      103 ,        8 ,       92 ,       52 ,      111 ,       80 ,       12 ,      173 ,      140 ,      131 ,      136 ,      119 ,      159 ,      124 ,       71 ,       18 ,       21 ,       94 ,      192 ,      110 ,      168 ,       25 ,       97 ,      172 ,       29 ,      198 ,      152 ,      194 ,      120 ,      133 ,       95 ,       91 ,        7 ,      116 ,      195 ,       14 ,       84 ,      147 ,      137 ,      113 ,      177 ,      161 ,       24 ,      109 ,       93 ,       72 ,      197 ,      157 ,       33 ,      191 ,      106 ,       98 ,      150 ,       48 ,       62 ,       11 ,      127 ,      178 ,       78 ,       47 ,      155 ,      104 ,      180 ,      126 ,      115 ,      148 ,       32 ,       67 ,       36 ,        5 ,      128 ,       55 ,       63 ,       13 ,      102 ,      145 ,      149 ,      117 ,       89 ,       54 ,       40 ,       74 ,       41 ,       43 ,       37 ,      142 ,       34 ,       28 ,       15 ,       83 ,       49 ,       19 ,      122 ,      114 ,       88 ,      174 ,       66 , 
      20 ,      171 ,      158 ,       70 ,      186 ,      123 ,      166 ,       68 ,       96 ,       39 ,      182 ,      185 ,      118 ,      134 ,       50 ,       56 ,      138 ,       46 ,      107 ,      151 ,       17 ,       30 ,      183 ,      130 ,       99 ,      162 ,       75 ,        3 ,      190 ,       57 ,       69 ,      181 ,       61 ,      163 ,        4 ,       31 ,      101 ,      170 ,      153 ,       64 ,      112 ,      143 ,        9 ,      156 ,      129 ,      196 ,      199 ,       22 ,       58 ,       65 ,      125 ,       23 ,      144 ,      154 ,      175 ,       27 ,      139 ,      189 ,      100 ,      141 ,       76 ,       60 ,       77 ,      165 ,       45 ,      187 ,       44 ,       38 ,      105 ,      184 ,      188 ,      135 ,       79 ,        1 ,       42 ,        2 ,       53 ,       85 ,       82 ,       87 ,      167 ,      193 ,       26 ,      108 ,      160 ,       59 ,      169 ,        6 ,       86 ,      146 ,      121 ,        0 ,       16 ,      176 ,       73 ,      164 ,       51 ,       10 ,      179 ,      132 ,       81 ,      103 ,       35 ,        8 ,       92 ,      111 ,       52 ,       12 ,      173 ,       90 ,       80 ,      140 ,      131 ,      119 ,      136 ,      159 ,       71 ,       18 ,      124 ,      192 ,       94 ,       21 ,      168 ,       97 ,      110 ,      172 ,       25 ,       29 ,      198 ,      120 ,      194 ,      152 ,       95 ,      133 ,      116 ,       91 ,        7 ,       84 ,       14 ,      195 ,      147 ,      137 ,      113 ,      161 ,      109 ,       24 ,      177 ,       72 ,      157 ,       93 ,       33 ,      191 ,      197 ,       98 ,      150 ,       62 ,      106 ,       11 ,       48 ,      178 ,       78 ,       47 ,      127 ,      104 ,      155 ,      126 ,      180 ,      115 ,      148 ,       67 ,       32 ,        5 ,      128 ,       55 ,       36 ,       63 ,      102 ,      145 ,       13 ,      149 ,       89 ,       54 ,       40 ,      117 ,       74 ,       43 ,       37 ,       41 ,       28 ,       15 ,      142 ,       34 ,       19 ,       49 ,       83 ,      114 ,      122 ,      174 ,       88 ,       66 , 
      20 ,       70 ,      186 ,      171 ,      123 ,      158 ,      166 ,       96 ,       68 ,      185 ,       39 ,      182 ,       50 ,      134 ,      118 ,      138 ,       46 ,      107 ,      151 ,       56 ,       17 ,       30 ,      183 ,      130 ,       99 ,        3 ,       75 ,      190 ,      162 ,       57 ,       69 ,      181 ,       61 ,        4 ,      163 ,       31 ,      101 ,      153 ,      170 ,       64 ,        9 ,      156 ,      143 ,      112 ,      196 ,      129 ,       22 ,      199 ,      125 ,       65 ,       58 ,      144 ,       23 ,       27 ,      139 ,      189 ,      175 ,      154 ,       76 ,      100 ,      141 ,       77 ,      165 ,       60 ,      187 ,       45 ,       38 ,       44 ,      105 ,      188 ,      184 ,       79 ,        1 ,      135 ,       42 ,        2 ,       85 ,       82 ,       53 ,      193 ,       26 ,      167 ,      108 ,       87 ,      160 ,      169 ,       86 ,       59 ,      121 ,        6 ,      146 ,        0 ,      176 ,       16 ,       73 ,       51 ,      164 ,       10 ,       81 ,      132 ,      103 ,      179 ,       35 ,        8 ,       52 ,       12 ,       92 ,       90 ,       80 ,      111 ,      173 ,      140 ,      119 ,      131 ,       71 ,      159 ,       18 ,      136 ,      124 ,       94 ,      192 ,       97 ,       21 ,      172 ,       25 ,      110 ,      168 ,       29 ,      120 ,      198 ,       95 ,      194 ,      152 ,      133 ,      116 ,       91 ,        7 ,      195 ,      147 ,       84 ,      137 ,       14 ,      161 ,      113 ,      109 ,      177 ,       24 ,      157 ,       33 ,       72 ,       93 ,      197 ,      191 ,      150 ,       62 ,       98 ,      106 ,       11 ,       48 ,      178 ,       78 ,       47 ,      127 ,      155 ,      104 ,      126 ,      180 ,      115 ,       67 ,      148 ,       32 ,       55 ,        5 ,      128 ,       36 ,      145 ,       63 ,       13 ,      102 ,      117 ,       89 ,      149 ,       54 ,       40 ,       74 ,       43 ,       37 ,       28 ,      142 ,       41 ,       34 ,       15 ,       83 ,       19 ,       49 ,      114 ,      122 ,      174 ,       66 ,       88 , 
      20 ,      171 ,      123 ,      158 ,      186 ,       70 ,      166 ,       68 ,       96 ,      185 ,       50 ,      182 ,       39 ,      118 ,      134 ,      138 ,      151 ,      107 ,       46 ,       56 ,      183 ,       17 ,       30 ,       99 ,       75 ,      130 ,      190 ,        3 ,       69 ,       57 ,      162 ,      181 ,       61 ,      163 ,        4 ,       31 ,      170 ,       64 ,      153 ,        9 ,      101 ,      143 ,      156 ,      112 ,      129 ,       22 ,      196 ,      199 ,       58 ,      125 ,       65 ,      144 ,      139 ,       23 ,      189 ,       27 ,      175 ,       76 ,      100 ,      154 ,      165 ,       77 ,      141 ,       60 ,       45 ,      187 ,      184 ,       44 ,       38 ,      105 ,      188 ,        1 ,       79 ,      135 ,       42 ,        2 ,       82 ,       85 ,       26 ,      193 ,      108 ,       53 ,      160 ,       87 ,      167 ,       86 ,      169 ,       59 ,        6 ,      146 ,        0 ,      121 ,       16 ,       51 ,      176 ,      164 ,       73 ,      132 ,       81 ,      103 ,       10 ,      179 ,       35 ,       12 ,        8 ,       52 ,       90 ,      111 ,       92 ,      173 ,       80 ,      140 ,      131 ,      159 ,       18 ,       71 ,      119 ,      124 ,      136 ,       97 ,       94 ,      172 ,       21 ,      192 ,      110 ,       25 ,       29 ,      120 ,      168 ,      198 ,      152 ,      194 ,       95 ,      133 ,      116 ,        7 ,      195 ,       84 ,       91 ,      147 ,       14 ,      113 ,      137 ,      161 ,       24 ,      157 ,      109 ,      177 ,       33 ,       93 ,       72 ,      150 ,      197 ,       98 ,      191 ,       11 ,       62 ,      178 ,       48 ,       47 ,      106 ,       78 ,      155 ,      126 ,      180 ,      127 ,      104 ,      115 ,       67 ,      148 ,       55 ,       32 ,       36 ,        5 ,      128 ,      145 ,       13 ,      117 ,       63 ,      102 ,      149 ,       89 ,       40 ,       54 ,       74 ,       43 ,       28 ,       37 ,      142 ,       34 ,       15 ,       19 ,       83 ,       49 ,      114 ,       41 ,      174 ,       88 ,      122 ,       66 , 
     123 ,      171 ,       20 ,      186 ,      158 ,       70 ,       96 ,      166 ,      185 ,       68 ,      182 ,       39 ,       50 ,      138 ,      134 ,      151 ,      118 ,      107 ,       46 ,       56 ,       30 ,      183 ,       99 ,       17 ,       75 ,      190 ,      130 ,        3 ,       57 ,       69 ,      162 ,       61 ,      181 ,      163 ,       31 ,        4 ,       64 ,        9 ,      170 ,      153 ,      101 ,      143 ,      112 ,       22 ,      129 ,      156 ,      196 ,      199 ,       65 ,      125 ,       58 ,       23 ,      144 ,       27 ,      139 ,      189 ,       76 ,      175 ,      165 ,      100 ,      154 ,       77 ,       60 ,      141 ,      187 ,      184 ,       45 ,       44 ,       38 ,      188 ,      105 ,        1 ,      135 ,       42 ,       82 ,       79 ,       85 ,        2 ,      193 ,       26 ,      108 ,      160 ,       53 ,       87 ,       86 ,      167 ,       59 ,      169 ,      146 ,        6 ,       16 ,        0 ,      176 ,      121 ,      164 ,       51 ,       73 ,      132 ,       10 ,       81 ,      103 ,      179 ,        8 ,       35 ,       52 ,       12 ,       90 ,      111 ,      173 ,      140 ,      131 ,       92 ,      159 ,       18 ,       71 ,      119 ,       80 ,      124 ,      136 ,       97 ,       21 ,       94 ,      110 ,      172 ,       25 ,      192 ,       29 ,      120 ,      152 ,      198 ,      168 ,       95 ,      194 ,      116 ,      195 ,      133 ,       84 ,        7 ,       91 ,       14 ,      147 ,      113 ,      137 ,      161 ,      157 ,       24 ,      109 ,      177 ,       93 ,       33 ,       72 ,      197 ,      150 ,       98 ,      191 ,       62 ,       48 ,       11 ,      178 ,      106 ,       78 ,      126 ,      180 ,      155 ,       47 ,      115 ,       67 ,      104 ,      127 ,      148 ,       32 ,       55 ,      128 ,       36 ,        5 ,      117 ,      145 ,      102 ,       13 ,       63 ,      149 ,       89 ,       40 ,       74 ,       43 ,       54 ,      142 ,       34 ,       28 ,       37 ,       19 ,       83 ,       49 ,       15 ,       41 ,      174 ,      114 ,       66 ,       88 ,      122 , 
     171 ,      186 ,      123 ,      158 ,       20 ,       96 ,      185 ,      166 ,       70 ,      182 ,       50 ,       68 ,       39 ,      138 ,      151 ,      134 ,      118 ,      107 ,       56 ,       46 ,       99 ,       30 ,      183 ,       17 ,       75 ,      130 ,      190 ,       57 ,        3 ,       69 ,      162 ,       61 ,      181 ,        4 ,      163 ,       31 ,      170 ,      153 ,       64 ,        9 ,      101 ,      143 ,       22 ,      112 ,      156 ,      129 ,      196 ,      199 ,      125 ,       65 ,       58 ,       23 ,      144 ,      139 ,       27 ,       76 ,      189 ,      165 ,      154 ,      100 ,       77 ,      175 ,      141 ,      187 ,       60 ,      184 ,       38 ,       45 ,       44 ,      105 ,        1 ,      188 ,      135 ,       42 ,       85 ,        2 ,       82 ,      193 ,       79 ,       26 ,      108 ,       53 ,       87 ,      160 ,       86 ,      167 ,      146 ,       59 ,      169 ,       16 ,        6 ,      121 ,      176 ,        0 ,      164 ,       51 ,       73 ,      132 ,       10 ,       81 ,        8 ,      179 ,       52 ,      103 ,       12 ,       35 ,      111 ,       90 ,      173 ,      140 ,      131 ,      159 ,       71 ,       18 ,       92 ,      119 ,       80 ,      124 ,       21 ,      136 ,       97 ,      110 ,      172 ,      192 ,       25 ,       94 ,      120 ,      198 ,       29 ,      168 ,       95 ,      152 ,      194 ,      195 ,      116 ,       84 ,        7 ,      133 ,       14 ,       91 ,      137 ,      147 ,      157 ,      161 ,      113 ,      177 ,       93 ,       33 ,       24 ,      109 ,       72 ,      197 ,      191 ,      150 ,       62 ,       11 ,      178 ,       98 ,      106 ,      126 ,       48 ,       78 ,      180 ,       47 ,      115 ,      155 ,      104 ,       67 ,       32 ,      148 ,      127 ,       55 ,        5 ,      128 ,       36 ,      145 ,      117 ,       63 ,      102 ,      149 ,       13 ,       89 ,       40 ,       43 ,      142 ,       54 ,       74 ,       28 ,       34 ,       19 ,       37 ,       83 ,       41 ,       15 ,       49 ,      114 ,       66 ,      174 ,       88 ,      122 , 
     171 ,      186 ,      158 ,      123 ,       20 ,      185 ,       96 ,       70 ,      166 ,       50 ,       39 ,       68 ,      182 ,      138 ,      134 ,      118 ,      151 ,      107 ,       56 ,       99 ,       30 ,       46 ,       17 ,      183 ,       75 ,      130 ,      190 ,       57 ,        3 ,       69 ,      181 ,      162 ,       61 ,      163 ,        4 ,      153 ,      170 ,       31 ,       64 ,      101 ,        9 ,      112 ,      156 ,      143 ,       22 ,      129 ,      196 ,      199 ,      125 ,       58 ,       65 ,      144 ,      139 ,       23 ,      165 ,      189 ,       76 ,       27 ,      100 ,      154 ,      175 ,       77 ,       60 ,      187 ,      141 ,      184 ,       38 ,       45 ,        1 ,       44 ,      105 ,      135 ,      188 ,       42 ,        2 ,       79 ,      193 ,       82 ,       85 ,      108 ,       26 ,       53 ,      160 ,       87 ,      167 ,       86 ,      169 ,      146 ,       59 ,       16 ,        6 ,      121 ,      176 ,        0 ,      164 ,       51 ,       73 ,       81 ,       10 ,      132 ,      179 ,        8 ,       52 ,      103 ,       12 ,       35 ,      173 ,      111 ,       90 ,      140 ,       71 ,      131 ,       18 ,       92 ,      124 ,      119 ,       80 ,      159 ,       21 ,      110 ,      136 ,       97 ,      192 ,      172 ,       25 ,       94 ,      198 ,      194 ,       95 ,      152 ,      116 ,      168 ,      195 ,       29 ,      120 ,      133 ,       14 ,       84 ,        7 ,      147 ,       91 ,      161 ,      113 ,      177 ,      137 ,      157 ,       33 ,      109 ,       72 ,       93 ,       24 ,      150 ,      197 ,      191 ,       11 ,       62 ,      178 ,      106 ,      180 ,      126 ,       98 ,       48 ,       78 ,      155 ,      115 ,      104 ,       47 ,      148 ,      127 ,       55 ,       67 ,      128 ,        5 ,       32 ,       36 ,      145 ,      117 ,       63 ,      102 ,       89 ,      149 ,       13 ,       43 ,      142 ,       40 ,       74 ,       54 ,       19 ,       28 ,       37 ,       83 ,       34 ,       49 ,       41 ,       15 ,      114 ,      174 ,       66 ,       88 ,      122 , 
