1276 , 200 , 10 , 34340 , IGT
     188 ,       27 ,      132 ,      130 ,       59 ,      199 ,      125 ,       47 ,       61 ,      105 ,      184 ,       53 ,      144 ,       16 ,       40 ,       44 ,      196 ,       24 ,        9 ,      152 ,       63 ,      167 ,      131 ,       43 ,       18 ,       95 ,      146 ,      161 ,      122 ,      112 ,      110 ,       33 ,      175 ,       26 ,      107 ,      124 ,        6 ,        3 ,        0 ,       17 ,      189 ,      195 ,      129 ,       93 ,      198 ,        7 ,      191 ,      145 ,       49 ,       89 ,       30 ,      100 ,      134 ,       60 ,       79 ,       38 ,       31 ,      150 ,       73 ,      160 ,       56 ,       90 ,       25 ,      133 ,       52 ,       69 ,       14 ,      171 ,       20 ,       74 ,      178 ,       82 ,       41 ,       98 ,       36 ,       19 ,      183 ,      166 ,      192 ,       29 ,       11 ,       71 ,      156 ,       67 ,      151 ,       88 ,       34 ,       85 ,      121 ,      118 ,       91 ,       21 ,      117 ,       70 ,      148 ,       80 ,      186 ,       97 ,      158 ,        8 ,       87 ,      187 ,      140 ,      164 ,      128 ,       35 ,       50 ,        5 ,       77 ,       12 ,      119 ,      103 ,       42 ,       92 ,      194 ,      177 ,      159 ,       62 ,      142 ,      109 ,       54 ,      168 ,      115 ,      179 ,      163 ,      157 ,      141 ,      138 ,       37 ,      182 ,       32 ,      153 ,      101 ,      176 ,        4 ,      162 ,      170 ,      108 ,      154 ,       99 ,      165 ,       76 ,      111 ,       22 ,       48 ,       28 ,      185 ,      113 ,      190 ,      169 ,       65 ,      127 ,       96 ,       51 ,       81 ,       94 ,        2 ,      136 ,       84 ,       15 ,       72 ,       10 ,      126 ,      139 ,      143 ,      172 ,       39 ,      104 ,       13 ,      155 ,        1 ,       75 ,      135 ,      114 ,       78 ,       66 ,      116 ,      137 ,       45 ,      193 ,      102 ,      180 ,      120 ,       23 ,       55 ,       58 ,      181 ,       57 ,      106 ,      123 ,      149 ,       83 ,      147 ,      173 ,       64 ,      197 ,       86 ,       46 ,       68 ,      174 , 
      27 ,      188 ,      130 ,      132 ,      199 ,       47 ,       59 ,      125 ,      105 ,       61 ,      184 ,      144 ,       16 ,       53 ,       44 ,       40 ,      196 ,       24 ,      152 ,        9 ,       63 ,      131 ,       43 ,       95 ,      167 ,       18 ,      146 ,      161 ,      110 ,      112 ,       33 ,      122 ,      175 ,      124 ,       26 ,      107 ,        6 ,        3 ,       17 ,        0 ,      189 ,       93 ,      198 ,      129 ,      191 ,      195 ,        7 ,       89 ,      145 ,       49 ,       30 ,      134 ,      100 ,       60 ,       79 ,       38 ,       73 ,       31 ,      150 ,       56 ,      160 ,      133 ,       25 ,       90 ,       69 ,       14 ,       52 ,      171 ,      178 ,       74 ,       20 ,       98 ,       36 ,       19 ,       82 ,      183 ,       41 ,      166 ,       11 ,      192 ,       29 ,       71 ,      151 ,      156 ,       67 ,       34 ,       88 ,      118 ,       85 ,       91 ,       21 ,      121 ,      148 ,       70 ,      117 ,      186 ,       80 ,       97 ,        8 ,      158 ,      140 ,       87 ,      164 ,      187 ,       35 ,      128 ,       77 ,       50 ,        5 ,       12 ,      103 ,      119 ,       42 ,      194 ,       92 ,       62 ,      177 ,      159 ,      109 ,       54 ,      142 ,      179 ,      115 ,      168 ,      141 ,      163 ,      138 ,      157 ,       37 ,       32 ,      182 ,      101 ,      153 ,      176 ,        4 ,      170 ,      162 ,       99 ,      108 ,      165 ,      154 ,      111 ,       76 ,       22 ,       28 ,       48 ,      185 ,      190 ,       65 ,      169 ,      113 ,       96 ,       81 ,      127 ,       51 ,      136 ,       94 ,        2 ,       84 ,       10 ,      126 ,       72 ,      139 ,       15 ,      143 ,      172 ,       13 ,       39 ,      104 ,       75 ,      155 ,      114 ,        1 ,       78 ,      135 ,       66 ,      116 ,      137 ,       45 ,      102 ,      193 ,      120 ,       23 ,      180 ,       55 ,      181 ,      106 ,       58 ,      149 ,       83 ,       57 ,      147 ,      123 ,       64 ,      173 ,       86 ,       68 ,       46 ,      197 ,      174 , 
      27 ,      188 ,      130 ,      199 ,      132 ,       47 ,      125 ,       59 ,      105 ,       61 ,      144 ,      184 ,       16 ,       53 ,       44 ,       40 ,       24 ,        9 ,      152 ,      196 ,       63 ,       43 ,      131 ,       95 ,      146 ,      167 ,       18 ,      161 ,      110 ,      122 ,      112 ,       33 ,      124 ,      175 ,       26 ,        6 ,        3 ,      107 ,       17 ,       93 ,      198 ,      129 ,        0 ,      191 ,      189 ,        7 ,      195 ,       89 ,       49 ,      145 ,      134 ,       30 ,      100 ,       60 ,       79 ,       31 ,       73 ,      150 ,       38 ,       56 ,      160 ,       90 ,      133 ,       25 ,       69 ,       14 ,      178 ,       52 ,      171 ,       74 ,       36 ,       98 ,       20 ,       82 ,       19 ,      166 ,      183 ,       41 ,       29 ,       11 ,      192 ,       71 ,      121 ,      151 ,      156 ,       70 ,      118 ,       88 ,       21 ,       91 ,       67 ,       85 ,       34 ,      117 ,      148 ,      186 ,       80 ,       97 ,        8 ,      140 ,      158 ,      164 ,      187 ,       87 ,       35 ,       50 ,      128 ,        5 ,       77 ,       12 ,      103 ,       92 ,       42 ,      119 ,      177 ,      194 ,       62 ,      159 ,       54 ,      109 ,      115 ,      142 ,      168 ,      179 ,      163 ,      138 ,      141 ,       32 ,      157 ,      182 ,      101 ,       37 ,      153 ,        4 ,      170 ,      176 ,      162 ,       99 ,      154 ,      108 ,      165 ,       22 ,       76 ,      111 ,       48 ,       28 ,       65 ,      185 ,      190 ,      169 ,      113 ,      127 ,       96 ,       81 ,       51 ,        2 ,       94 ,       84 ,      136 ,       72 ,       10 ,      139 ,      143 ,      126 ,       13 ,       15 ,       39 ,       75 ,      104 ,      172 ,      155 ,      116 ,       78 ,      114 ,       66 ,        1 ,      137 ,      135 ,       45 ,      102 ,      193 ,      120 ,       55 ,      180 ,       23 ,      181 ,      106 ,      123 ,       58 ,      147 ,       83 ,      149 ,       57 ,       64 ,      173 ,       86 ,       46 ,      197 ,       68 ,      174 , 
      27 ,      188 ,      130 ,      199 ,      125 ,       47 ,      132 ,       59 ,       61 ,      144 ,      184 ,      105 ,       16 ,       44 ,       53 ,       24 ,       40 ,        9 ,      152 ,      196 ,       43 ,       95 ,       63 ,      131 ,      146 ,       18 ,      167 ,      161 ,      122 ,      112 ,      110 ,      124 ,       33 ,      175 ,        3 ,       26 ,       17 ,        6 ,       93 ,      107 ,      198 ,      191 ,      129 ,        7 ,        0 ,      189 ,       89 ,      195 ,      145 ,      134 ,       49 ,      100 ,       30 ,       60 ,       73 ,       31 ,       79 ,      150 ,       38 ,       90 ,       56 ,       25 ,      160 ,      133 ,       14 ,      178 ,       69 ,      171 ,       36 ,       52 ,       74 ,       20 ,       98 ,      166 ,       82 ,       41 ,       19 ,       29 ,      183 ,      192 ,       11 ,      151 ,      121 ,       71 ,      156 ,       70 ,      118 ,       21 ,       67 ,       88 ,       85 ,       34 ,      117 ,      148 ,       91 ,      186 ,       97 ,       80 ,      158 ,       35 ,        8 ,      140 ,      164 ,      187 ,       87 ,       50 ,        5 ,      128 ,       77 ,       12 ,      103 ,       92 ,      119 ,      194 ,       42 ,      177 ,       62 ,       54 ,      159 ,      142 ,      115 ,      109 ,      179 ,      138 ,      168 ,       32 ,      157 ,      182 ,      163 ,      101 ,       37 ,      141 ,      153 ,      170 ,      162 ,        4 ,       99 ,      176 ,      165 ,      154 ,       22 ,      108 ,       48 ,       76 ,       28 ,      111 ,      190 ,       65 ,      169 ,      127 ,      185 ,      113 ,       81 ,       96 ,       51 ,       84 ,        2 ,       94 ,      136 ,       72 ,       10 ,      139 ,      143 ,      126 ,       15 ,       13 ,       75 ,       39 ,      104 ,      155 ,       78 ,      172 ,      116 ,      114 ,       66 ,      137 ,        1 ,       45 ,      193 ,      120 ,      102 ,      135 ,      180 ,       55 ,      181 ,       23 ,      123 ,      147 ,       58 ,       83 ,      106 ,       57 ,       64 ,       86 ,      149 ,      173 ,      197 ,       46 ,       68 ,      174 , 
      27 ,      130 ,      188 ,      199 ,      125 ,       47 ,      132 ,       61 ,      184 ,       59 ,      144 ,      105 ,       16 ,       44 ,       24 ,       53 ,      152 ,       40 ,        9 ,      196 ,       43 ,       63 ,       95 ,       18 ,      167 ,      146 ,      131 ,      122 ,      161 ,      124 ,      110 ,      175 ,       33 ,      112 ,        3 ,        6 ,       26 ,       17 ,      107 ,       93 ,      198 ,      191 ,        7 ,        0 ,      189 ,      129 ,      145 ,      195 ,      134 ,       89 ,      100 ,       49 ,       30 ,       73 ,       60 ,       31 ,       79 ,       90 ,       38 ,      150 ,      160 ,       25 ,       56 ,       14 ,      133 ,       69 ,      171 ,      178 ,       36 ,       52 ,       74 ,       20 ,       98 ,       41 ,       19 ,       29 ,       82 ,      166 ,      192 ,       11 ,      183 ,       71 ,      156 ,       70 ,      151 ,      121 ,      118 ,       67 ,       21 ,       34 ,       85 ,      117 ,       88 ,      186 ,      148 ,       91 ,       97 ,       80 ,       35 ,      158 ,      140 ,      164 ,        8 ,       87 ,      187 ,       50 ,        5 ,       12 ,      128 ,       77 ,      103 ,      194 ,       42 ,      119 ,       92 ,      177 ,      138 ,       54 ,      115 ,       62 ,      142 ,      159 ,      179 ,      109 ,      182 ,      168 ,      157 ,      163 ,       32 ,      141 ,       37 ,      153 ,      101 ,      170 ,      162 ,       99 ,      165 ,      176 ,        4 ,       22 ,       48 ,      108 ,      154 ,       28 ,      169 ,       65 ,       76 ,      190 ,      111 ,      143 ,      113 ,      127 ,       81 ,       51 ,       96 ,       94 ,       84 ,        2 ,       10 ,      136 ,       72 ,      126 ,      139 ,      185 ,       13 ,       15 ,      104 ,      155 ,       39 ,       75 ,       78 ,      172 ,      114 ,       66 ,      116 ,      137 ,       45 ,        1 ,      120 ,      193 ,      102 ,      180 ,      135 ,       68 ,       23 ,      181 ,      123 ,       58 ,      147 ,       57 ,      197 ,       64 ,      173 ,      174 ,      149 ,       83 ,      106 ,       55 ,       46 ,       86 , 
     130 ,      199 ,      188 ,      125 ,       27 ,      132 ,       47 ,       61 ,       59 ,      144 ,      184 ,       44 ,      105 ,       53 ,       24 ,       16 ,      152 ,       40 ,      196 ,        9 ,       95 ,       43 ,       63 ,       18 ,      167 ,      146 ,      131 ,      124 ,      122 ,      110 ,      175 ,      161 ,       33 ,      112 ,        3 ,        6 ,       26 ,      107 ,       17 ,      198 ,      191 ,       93 ,        7 ,      189 ,        0 ,      145 ,      195 ,      129 ,      100 ,      134 ,       49 ,       89 ,       60 ,       30 ,       31 ,       73 ,       90 ,       79 ,       38 ,      150 ,       25 ,       14 ,       56 ,      160 ,       69 ,      133 ,      178 ,      171 ,       52 ,       36 ,       98 ,       41 ,       74 ,       20 ,       82 ,       19 ,      166 ,       29 ,      192 ,      183 ,       11 ,       71 ,      156 ,       70 ,      151 ,      121 ,      118 ,       21 ,       85 ,       67 ,       34 ,      117 ,       88 ,      186 ,       91 ,      148 ,       35 ,       97 ,      140 ,       80 ,        8 ,      158 ,       87 ,      164 ,      187 ,       12 ,        5 ,      128 ,       50 ,      103 ,       77 ,      194 ,       42 ,       92 ,      138 ,      177 ,      119 ,      115 ,      142 ,      159 ,       54 ,       62 ,      168 ,      109 ,      179 ,      182 ,      157 ,       32 ,      163 ,      141 ,       37 ,      153 ,      101 ,      162 ,      170 ,       99 ,        4 ,      165 ,      176 ,       22 ,       48 ,      154 ,       28 ,      108 ,       65 ,      169 ,      190 ,       76 ,      143 ,      127 ,      113 ,       51 ,      111 ,       81 ,       84 ,       96 ,       94 ,      136 ,       10 ,       72 ,        2 ,      126 ,      139 ,      185 ,       39 ,      104 ,       15 ,       13 ,      155 ,      172 ,       78 ,       75 ,      114 ,      137 ,      116 ,       66 ,       45 ,        1 ,      120 ,      102 ,      193 ,      180 ,      135 ,       23 ,       68 ,      123 ,       58 ,      147 ,      181 ,       57 ,      173 ,       64 ,      174 ,      197 ,      106 ,       83 ,      149 ,       46 ,       86 ,       55 , 
     130 ,      125 ,      199 ,      188 ,       27 ,       47 ,      132 ,       61 ,       59 ,      144 ,       44 ,      105 ,       53 ,      184 ,       24 ,       16 ,      152 ,       40 ,        9 ,      196 ,       43 ,       63 ,       95 ,       18 ,      167 ,      131 ,      146 ,      110 ,      124 ,      122 ,       33 ,      175 ,      161 ,      112 ,        3 ,        6 ,      107 ,       26 ,       17 ,      198 ,        7 ,      191 ,       93 ,      189 ,        0 ,      129 ,      145 ,      195 ,      134 ,      100 ,       49 ,       89 ,       60 ,       30 ,       31 ,       79 ,       73 ,       14 ,       90 ,       38 ,      150 ,       56 ,       69 ,      160 ,       25 ,      133 ,      171 ,      178 ,       52 ,       98 ,       41 ,       36 ,       20 ,       82 ,       74 ,      166 ,       29 ,       19 ,      183 ,      192 ,       71 ,       70 ,       11 ,      156 ,      151 ,      121 ,       85 ,       21 ,      118 ,      117 ,       88 ,       67 ,       34 ,      148 ,       91 ,      186 ,       35 ,       80 ,      140 ,       97 ,       87 ,        8 ,      187 ,      164 ,      158 ,       12 ,       77 ,      128 ,       50 ,      103 ,        5 ,      177 ,      115 ,      138 ,       42 ,       92 ,      194 ,      119 ,      142 ,      159 ,       54 ,      182 ,      168 ,      179 ,       62 ,      109 ,      157 ,      163 ,       32 ,       37 ,      153 ,      101 ,      141 ,      170 ,      162 ,       99 ,        4 ,      165 ,      176 ,       22 ,       48 ,      154 ,       65 ,      108 ,       28 ,       76 ,      190 ,      143 ,      169 ,       51 ,      127 ,      113 ,      111 ,       84 ,       96 ,       81 ,       94 ,      136 ,       10 ,        2 ,       72 ,      139 ,      126 ,       39 ,      185 ,       15 ,      104 ,      155 ,       13 ,       78 ,      172 ,       75 ,      116 ,       66 ,      137 ,       45 ,      114 ,      120 ,        1 ,      102 ,      193 ,       23 ,       68 ,      180 ,      135 ,      147 ,       58 ,       57 ,      123 ,      181 ,      173 ,       64 ,      174 ,      197 ,      106 ,       83 ,      149 ,       86 ,       46 ,       55 , 
     130 ,      125 ,       27 ,      199 ,      188 ,       47 ,      132 ,      144 ,       59 ,      105 ,       61 ,       53 ,       44 ,       16 ,      184 ,       24 ,      152 ,        9 ,       43 ,      196 ,       40 ,       95 ,       63 ,       18 ,      146 ,      131 ,      167 ,      122 ,      110 ,       33 ,      124 ,      175 ,      112 ,      161 ,        6 ,        3 ,      107 ,       26 ,       17 ,      198 ,        7 ,       93 ,      189 ,      191 ,      145 ,        0 ,      129 ,      195 ,      134 ,      100 ,       89 ,       49 ,       60 ,       30 ,       79 ,       31 ,       90 ,       14 ,       73 ,       38 ,      150 ,       69 ,       56 ,      160 ,       25 ,      171 ,      133 ,       52 ,       41 ,       36 ,      178 ,       82 ,       98 ,       74 ,       20 ,      166 ,       29 ,       19 ,      183 ,      192 ,       71 ,       11 ,      151 ,       70 ,      156 ,      121 ,       21 ,       85 ,      118 ,      117 ,       88 ,       67 ,      148 ,       34 ,       91 ,      186 ,       80 ,       35 ,      140 ,        8 ,       97 ,      187 ,      158 ,      164 ,       87 ,       12 ,       77 ,       50 ,      128 ,      177 ,      103 ,        5 ,      115 ,       92 ,      138 ,       42 ,      194 ,      119 ,      142 ,      159 ,      168 ,      179 ,       54 ,       62 ,      182 ,      109 ,      163 ,      157 ,       32 ,      101 ,       37 ,      153 ,      170 ,      141 ,      162 ,       99 ,      165 ,        4 ,      176 ,       22 ,       48 ,      154 ,       28 ,       76 ,      190 ,      108 ,       65 ,      169 ,       51 ,      143 ,      113 ,      127 ,       96 ,      111 ,       84 ,       94 ,      136 ,       81 ,       72 ,        2 ,      139 ,       39 ,       10 ,      185 ,      126 ,      104 ,       13 ,       15 ,      155 ,       78 ,      172 ,      116 ,       75 ,       66 ,      114 ,      137 ,       45 ,      120 ,        1 ,      102 ,       23 ,       68 ,      193 ,      180 ,      147 ,      135 ,       57 ,       58 ,      123 ,      181 ,      173 ,       64 ,      174 ,      197 ,      106 ,       83 ,      149 ,       86 ,       55 ,       46 , 
      27 ,      130 ,      125 ,      199 ,       47 ,      188 ,      132 ,       59 ,      144 ,       61 ,      105 ,       16 ,       53 ,       24 ,       44 ,      152 ,      184 ,        9 ,       43 ,      196 ,       95 ,       18 ,       40 ,      146 ,      167 ,       63 ,      131 ,      110 ,       33 ,      175 ,      122 ,      112 ,      124 ,      161 ,        6 ,        3 ,      107 ,       26 ,        7 ,       17 ,       93 ,      189 ,      198 ,      145 ,      191 ,        0 ,      195 ,      129 ,      134 ,      100 ,       89 ,       49 ,       60 ,       79 ,       90 ,       30 ,       31 ,       14 ,       73 ,      150 ,       38 ,       69 ,       25 ,      160 ,       56 ,      133 ,      171 ,       36 ,       41 ,      178 ,       52 ,       98 ,       82 ,       74 ,       29 ,       20 ,      166 ,      183 ,       19 ,      192 ,      151 ,       11 ,       71 ,       70 ,       21 ,      121 ,      156 ,       85 ,      117 ,      118 ,       67 ,       88 ,      148 ,       91 ,       80 ,       34 ,      186 ,       35 ,      140 ,       97 ,        8 ,      164 ,      158 ,      187 ,       87 ,       12 ,       77 ,      128 ,       50 ,      177 ,      115 ,        5 ,      103 ,       92 ,      138 ,       42 ,      194 ,      142 ,      119 ,      159 ,      179 ,      168 ,       62 ,       54 ,      109 ,      157 ,      182 ,      101 ,      163 ,       32 ,      153 ,      170 ,      141 ,       37 ,       99 ,      162 ,      165 ,      176 ,        4 ,       22 ,       48 ,       28 ,      190 ,      154 ,       76 ,      169 ,      108 ,       65 ,      113 ,       51 ,      127 ,      143 ,      111 ,       84 ,       94 ,      136 ,       96 ,        2 ,      139 ,       81 ,       72 ,       39 ,       10 ,      104 ,      185 ,      126 ,       15 ,       13 ,      155 ,       78 ,      172 ,       75 ,      114 ,      116 ,       66 ,      120 ,        1 ,       45 ,      137 ,       23 ,      102 ,      193 ,       68 ,      180 ,      147 ,      135 ,       58 ,       57 ,      123 ,      181 ,      173 ,      174 ,      197 ,       64 ,      149 ,      106 ,       86 ,       55 ,       83 ,       46 , 
      27 ,      130 ,       47 ,      125 ,      199 ,      132 ,      188 ,       61 ,      144 ,       59 ,       53 ,      105 ,       16 ,       44 ,       24 ,      152 ,      184 ,        9 ,       95 ,      196 ,       43 ,       40 ,       18 ,      146 ,       63 ,      110 ,      167 ,      175 ,       33 ,      122 ,      112 ,      124 ,      131 ,        6 ,      161 ,        3 ,      107 ,       17 ,       26 ,        7 ,      198 ,      145 ,        0 ,       93 ,      189 ,      191 ,      195 ,      134 ,      100 ,      129 ,       89 ,       49 ,       90 ,       60 ,       79 ,       14 ,       30 ,       31 ,       38 ,       73 ,       69 ,      160 ,      150 ,      133 ,      178 ,       56 ,       36 ,       25 ,      171 ,       41 ,       52 ,       98 ,       74 ,       29 ,       82 ,      166 ,       19 ,       20 ,      192 ,      183 ,       71 ,      151 ,       11 ,      121 ,      156 ,       70 ,       21 ,      118 ,       85 ,      117 ,      148 ,       67 ,       88 ,       91 ,       80 ,       35 ,      186 ,       34 ,       97 ,        8 ,      140 ,      164 ,      158 ,      187 ,       12 ,       87 ,       77 ,      128 ,       50 ,      177 ,        5 ,      115 ,      103 ,       42 ,       92 ,      119 ,      142 ,      194 ,      159 ,      138 ,      179 ,      168 ,       54 ,       62 ,      182 ,      101 ,      109 ,      157 ,      153 ,      170 ,      163 ,       32 ,       99 ,      162 ,      141 ,       37 ,        4 ,      165 ,      176 ,       22 ,       48 ,       28 ,      190 ,       76 ,      154 ,      169 ,      113 ,      108 ,      127 ,       65 ,       51 ,       84 ,      143 ,      111 ,      136 ,       94 ,        2 ,       96 ,       72 ,      139 ,       10 ,       81 ,       39 ,      104 ,      126 ,      185 ,       13 ,       78 ,      155 ,      172 ,       15 ,      114 ,      116 ,       66 ,      120 ,        1 ,       75 ,      137 ,       45 ,       23 ,      102 ,      193 ,       68 ,      147 ,      180 ,      135 ,       57 ,       58 ,      181 ,      123 ,      173 ,      174 ,       64 ,      197 ,      106 ,       86 ,       55 ,      149 ,       83 ,       46 , 
