863 , 200 , 10 , 72398 , ILST
      77 ,       54 ,        8 ,      131 ,      120 ,      184 ,      124 ,       97 ,       20 ,       40 ,      159 ,       25 ,      134 ,       76 ,      177 ,       10 ,       50 ,      168 ,       85 ,       31 ,      166 ,      189 ,      112 ,      128 ,      109 ,       45 ,      136 ,      105 ,      153 ,      146 ,       41 ,       52 ,       72 ,       49 ,      195 ,        9 ,      162 ,      137 ,       32 ,       62 ,       23 ,      152 ,      182 ,      176 ,      183 ,       93 ,      164 ,      180 ,      123 ,      196 ,      185 ,      147 ,       53 ,       91 ,      117 ,        5 ,      173 ,      197 ,       39 ,       43 ,      104 ,      139 ,        0 ,      179 ,       42 ,      142 ,      125 ,      113 ,      106 ,      167 ,        6 ,      198 ,       13 ,      119 ,      158 ,       69 ,       46 ,      194 ,      150 ,       21 ,       58 ,       38 ,      187 ,      129 ,       22 ,       98 ,      108 ,       18 ,        4 ,      169 ,      151 ,       12 ,      157 ,      161 ,      103 ,       78 ,       14 ,       34 ,       63 ,      141 ,      175 ,       84 ,       57 ,       94 ,      193 ,       15 ,      114 ,       66 ,       89 ,      100 ,       64 ,      143 ,      163 ,      132 ,      138 ,       27 ,      126 ,      101 ,      144 ,      191 ,      170 ,        7 ,      171 ,       35 ,      174 ,       17 ,      121 ,       29 ,       61 ,       67 ,      192 ,       70 ,      133 ,      154 ,      145 ,       90 ,       47 ,      178 ,      111 ,       79 ,       60 ,      118 ,       30 ,       92 ,       82 ,       24 ,       80 ,       26 ,      148 ,       16 ,       75 ,       11 ,      181 ,       44 ,      186 ,        1 ,       59 ,       73 ,       74 ,       19 ,      122 ,       36 ,      115 ,      165 ,       86 ,      140 ,      172 ,       28 ,      199 ,      149 ,       95 ,       51 ,      190 ,       88 ,      102 ,       83 ,       55 ,       96 ,       81 ,       87 ,      110 ,       99 ,       37 ,      116 ,      130 ,       68 ,       65 ,      135 ,       33 ,      160 ,      156 ,      155 ,      127 ,       48 ,      107 ,      188 ,        2 ,       71 ,        3 ,       56 , 
       8 ,      184 ,      120 ,       77 ,       54 ,      124 ,       20 ,      159 ,      134 ,       40 ,       97 ,      177 ,      131 ,      168 ,       25 ,       50 ,      166 ,       76 ,       10 ,      189 ,       85 ,      112 ,      128 ,       31 ,       45 ,      136 ,      109 ,      105 ,       41 ,      153 ,       52 ,      146 ,      195 ,       49 ,      137 ,       72 ,      162 ,        9 ,       23 ,       62 ,      152 ,      176 ,      183 ,       32 ,      182 ,      164 ,      123 ,       93 ,      147 ,      196 ,       91 ,      180 ,       53 ,      185 ,      197 ,      173 ,      117 ,       43 ,        5 ,       39 ,      104 ,       42 ,      125 ,      139 ,        0 ,      179 ,      142 ,      167 ,      106 ,      113 ,        6 ,       69 ,      158 ,      198 ,       13 ,      119 ,      194 ,       21 ,       38 ,      150 ,       46 ,       58 ,      108 ,      187 ,        4 ,      129 ,       18 ,      169 ,       12 ,      161 ,      151 ,      103 ,       98 ,       22 ,       63 ,       78 ,      157 ,       14 ,      175 ,      141 ,       34 ,       57 ,       15 ,      114 ,       94 ,       84 ,       89 ,      193 ,       66 ,      132 ,      100 ,      138 ,       64 ,      101 ,      143 ,       27 ,      163 ,      191 ,      126 ,        7 ,      170 ,      144 ,       35 ,      121 ,      174 ,      171 ,      192 ,       17 ,       29 ,       67 ,       70 ,       61 ,      133 ,      178 ,      154 ,      111 ,       60 ,       90 ,       47 ,      145 ,       79 ,      118 ,       24 ,       82 ,       30 ,       26 ,       92 ,       11 ,      148 ,       16 ,       44 ,       75 ,        1 ,      186 ,       80 ,      181 ,       59 ,      122 ,      115 ,       74 ,       19 ,      140 ,       73 ,      172 ,      165 ,      190 ,       28 ,       95 ,       88 ,       36 ,      199 ,       86 ,      149 ,      102 ,       51 ,       83 ,       81 ,       96 ,       55 ,       87 ,      110 ,      130 ,       37 ,      135 ,       99 ,       68 ,       65 ,       33 ,      116 ,      160 ,      155 ,        2 ,      127 ,      107 ,      188 ,       48 ,      156 ,        3 ,       71 ,       56 , 
      54 ,      184 ,      124 ,       20 ,       77 ,      120 ,        8 ,      131 ,      159 ,       40 ,       97 ,      134 ,      177 ,      168 ,       50 ,       76 ,       10 ,      166 ,       25 ,      112 ,       31 ,      128 ,       85 ,       45 ,      189 ,      105 ,      109 ,       41 ,      136 ,       52 ,      153 ,       72 ,       49 ,      146 ,      195 ,      137 ,      162 ,      152 ,        9 ,       62 ,      182 ,       23 ,      176 ,      183 ,      123 ,       93 ,      164 ,      147 ,       32 ,      196 ,       91 ,      180 ,      117 ,       53 ,      173 ,      185 ,       43 ,      197 ,       42 ,       39 ,        5 ,      104 ,      125 ,        0 ,      179 ,      139 ,      106 ,      142 ,      167 ,        6 ,      113 ,       69 ,      194 ,       13 ,      158 ,       21 ,      198 ,      119 ,       38 ,      150 ,       58 ,       46 ,        4 ,      187 ,       18 ,      169 ,      108 ,      103 ,      161 ,      129 ,       98 ,       12 ,       63 ,       78 ,       14 ,      151 ,      141 ,      157 ,       22 ,       57 ,      175 ,      114 ,       15 ,      193 ,       34 ,      132 ,       84 ,       94 ,       66 ,      101 ,      138 ,       89 ,       27 ,      100 ,      143 ,       64 ,      163 ,      191 ,      144 ,      170 ,      121 ,      126 ,      171 ,        7 ,       35 ,      174 ,       67 ,       29 ,      192 ,       70 ,       17 ,      133 ,       60 ,      154 ,      178 ,       61 ,      111 ,       47 ,       79 ,       90 ,       82 ,       26 ,      145 ,       24 ,       16 ,       30 ,      118 ,       11 ,       92 ,      148 ,       44 ,      186 ,       80 ,        1 ,      122 ,       75 ,       74 ,       59 ,      181 ,      115 ,       19 ,      140 ,      190 ,       73 ,      172 ,      165 ,      199 ,       95 ,      149 ,       36 ,       88 ,       86 ,       28 ,       83 ,      110 ,       87 ,       51 ,      102 ,       81 ,       55 ,       96 ,      130 ,       37 ,       99 ,      135 ,       68 ,       65 ,       33 ,      127 ,      116 ,        2 ,      188 ,      160 ,      107 ,      155 ,      156 ,       56 ,       71 ,       48 ,        3 , 
     124 ,      184 ,        8 ,       77 ,       54 ,       20 ,      120 ,      159 ,      177 ,      134 ,       40 ,      168 ,      131 ,       97 ,       10 ,       76 ,       50 ,      166 ,       25 ,       45 ,       85 ,      112 ,       31 ,      189 ,      128 ,      105 ,      136 ,       72 ,      109 ,       41 ,       49 ,      146 ,       52 ,      153 ,      162 ,      195 ,      152 ,       23 ,        9 ,      137 ,       62 ,       93 ,      183 ,      182 ,      176 ,      164 ,      123 ,       32 ,      180 ,      147 ,       91 ,      197 ,       43 ,      196 ,      173 ,       53 ,      117 ,       39 ,      185 ,      125 ,       42 ,        0 ,        5 ,      104 ,      179 ,      167 ,      106 ,      142 ,      139 ,       69 ,      113 ,        6 ,      194 ,      119 ,       13 ,       38 ,      150 ,      158 ,       58 ,       21 ,      198 ,        4 ,      187 ,      108 ,       46 ,      169 ,       18 ,       12 ,      129 ,       78 ,      103 ,      151 ,       14 ,       98 ,      161 ,       57 ,      157 ,       22 ,       63 ,      193 ,      141 ,      114 ,      175 ,       84 ,       34 ,       15 ,      101 ,      132 ,       66 ,       94 ,      138 ,       89 ,       27 ,      100 ,      143 ,       64 ,      121 ,      144 ,      170 ,      163 ,      191 ,      171 ,      126 ,       29 ,        7 ,       67 ,       70 ,       35 ,      174 ,      133 ,       60 ,      178 ,      192 ,      111 ,       17 ,       79 ,       47 ,       61 ,      154 ,       90 ,       24 ,       30 ,       82 ,       26 ,      145 ,       16 ,       92 ,       44 ,       11 ,      118 ,      148 ,       75 ,      122 ,      186 ,        1 ,       80 ,       74 ,      115 ,      140 ,       59 ,      181 ,      199 ,       73 ,      172 ,      165 ,       19 ,      190 ,      149 ,       88 ,       95 ,       36 ,       28 ,       83 ,       51 ,       87 ,       86 ,      102 ,       55 ,      110 ,       99 ,       37 ,       81 ,       68 ,       33 ,       96 ,       65 ,      127 ,      130 ,      188 ,      107 ,      135 ,        2 ,      116 ,       56 ,      156 ,       71 ,      160 ,      155 ,       48 ,        3 , 
     124 ,      184 ,       20 ,       54 ,      120 ,      177 ,        8 ,       77 ,      159 ,      134 ,       40 ,      168 ,      131 ,       10 ,       76 ,       97 ,       25 ,       50 ,       31 ,      166 ,       85 ,      112 ,       45 ,      189 ,      109 ,      105 ,       72 ,      128 ,      136 ,      146 ,      153 ,       49 ,       41 ,      162 ,      195 ,       52 ,      137 ,      152 ,      183 ,       23 ,        9 ,       93 ,       62 ,      182 ,      164 ,      176 ,      180 ,      123 ,       32 ,      196 ,      147 ,       91 ,      197 ,       43 ,       53 ,      117 ,      125 ,       39 ,      173 ,        0 ,      179 ,      185 ,       42 ,        5 ,      139 ,      104 ,      113 ,      142 ,       69 ,      167 ,        6 ,      106 ,      119 ,      194 ,       13 ,       58 ,      198 ,       38 ,      150 ,      158 ,       21 ,      187 ,      169 ,       46 ,      129 ,        4 ,       18 ,       12 ,      103 ,       98 ,      108 ,       78 ,       57 ,       14 ,      151 ,      161 ,      157 ,       63 ,      193 ,      175 ,       22 ,       84 ,      101 ,      141 ,      114 ,       15 ,      132 ,       66 ,      138 ,       27 ,       34 ,       64 ,      100 ,      121 ,       94 ,      170 ,       89 ,      144 ,      163 ,      143 ,      191 ,      126 ,       29 ,       35 ,      174 ,      171 ,       70 ,       67 ,        7 ,      178 ,       61 ,       79 ,      133 ,      154 ,      192 ,      111 ,       60 ,       17 ,       30 ,       47 ,       82 ,       90 ,       26 ,       92 ,       44 ,       16 ,      145 ,       24 ,       11 ,      148 ,      118 ,       75 ,      186 ,      122 ,      115 ,       80 ,        1 ,       74 ,       59 ,       73 ,      165 ,      199 ,      140 ,      181 ,      172 ,      190 ,       95 ,       19 ,      149 ,       83 ,       88 ,       51 ,      102 ,       36 ,       28 ,      110 ,       87 ,       99 ,       86 ,       68 ,       81 ,       37 ,       55 ,       65 ,       33 ,      127 ,      107 ,       96 ,      135 ,      130 ,      188 ,        2 ,      156 ,      116 ,      160 ,       71 ,       48 ,      155 ,       56 ,        3 , 
     184 ,       20 ,      124 ,      120 ,       54 ,      177 ,      159 ,       77 ,        8 ,       40 ,      134 ,      168 ,       25 ,      131 ,       76 ,       10 ,       97 ,      166 ,       50 ,      112 ,       31 ,       45 ,       72 ,       85 ,      189 ,      146 ,      136 ,      109 ,      128 ,      153 ,      105 ,      195 ,       52 ,       49 ,       41 ,      162 ,      137 ,      152 ,      183 ,       93 ,       23 ,        9 ,       62 ,      176 ,      180 ,      182 ,      164 ,      196 ,      123 ,       32 ,       91 ,      197 ,      117 ,       43 ,      125 ,      147 ,        0 ,       53 ,      179 ,      173 ,      185 ,       39 ,        5 ,      104 ,      139 ,      113 ,       69 ,       42 ,        6 ,      167 ,      142 ,      119 ,      194 ,      106 ,       58 ,       13 ,      150 ,      158 ,      169 ,      198 ,       46 ,       21 ,        4 ,       38 ,      129 ,      187 ,       98 ,       78 ,      108 ,      103 ,       18 ,       12 ,      157 ,       63 ,      151 ,       57 ,       14 ,      161 ,      193 ,       84 ,      101 ,      175 ,      114 ,      132 ,       22 ,      141 ,       15 ,       66 ,      138 ,       34 ,      100 ,       64 ,      170 ,       89 ,       27 ,      144 ,      143 ,      121 ,       94 ,      163 ,       29 ,      126 ,      191 ,      174 ,       35 ,       70 ,      171 ,        7 ,      178 ,       79 ,       67 ,       61 ,      192 ,      154 ,      133 ,       60 ,       47 ,       17 ,      111 ,       30 ,       92 ,       90 ,       82 ,       16 ,       44 ,      145 ,       26 ,       75 ,      148 ,      122 ,      118 ,       11 ,      115 ,       24 ,      186 ,       74 ,        1 ,       73 ,       80 ,       59 ,      181 ,      165 ,      140 ,      199 ,      190 ,       95 ,       88 ,       19 ,      172 ,       83 ,       36 ,       51 ,       28 ,      149 ,      102 ,       68 ,       87 ,      110 ,       99 ,       37 ,       86 ,      127 ,       55 ,       81 ,       33 ,      130 ,       65 ,      107 ,      135 ,        2 ,       96 ,      188 ,      116 ,      156 ,       71 ,      155 ,        3 ,      160 ,       56 ,       48 , 
     184 ,       20 ,      124 ,      177 ,      120 ,       54 ,      159 ,       40 ,      134 ,        8 ,       77 ,       76 ,       25 ,      168 ,      131 ,       97 ,      166 ,       10 ,      112 ,       45 ,       50 ,       72 ,       31 ,       85 ,      128 ,      109 ,      189 ,      136 ,      146 ,      153 ,       41 ,       49 ,      195 ,       52 ,      105 ,      152 ,      137 ,       93 ,       23 ,      183 ,      162 ,        9 ,      176 ,      182 ,       62 ,       32 ,      196 ,      180 ,      164 ,      125 ,       91 ,      123 ,       43 ,        0 ,      117 ,      179 ,      147 ,      197 ,       53 ,        5 ,      139 ,      104 ,       39 ,      185 ,       42 ,      173 ,      167 ,        6 ,       69 ,      194 ,      142 ,      113 ,      106 ,      119 ,      150 ,       58 ,       46 ,      169 ,      198 ,       13 ,       21 ,      158 ,      187 ,       38 ,      129 ,        4 ,       98 ,       18 ,      103 ,      108 ,       78 ,      151 ,       63 ,       14 ,       12 ,      193 ,      157 ,       57 ,      175 ,      101 ,       22 ,      161 ,      132 ,      114 ,       84 ,      138 ,       15 ,      141 ,       34 ,       66 ,       89 ,      170 ,       64 ,      121 ,      100 ,      163 ,      143 ,      126 ,       29 ,      144 ,       27 ,       94 ,       70 ,      174 ,      191 ,        7 ,       35 ,       67 ,      178 ,      171 ,       61 ,      133 ,       79 ,       60 ,      192 ,      154 ,       47 ,       92 ,       90 ,      111 ,       17 ,       30 ,       26 ,      145 ,      148 ,       16 ,      118 ,       44 ,       82 ,       75 ,      115 ,      122 ,       11 ,       24 ,        1 ,       80 ,       59 ,      186 ,       74 ,      165 ,       73 ,      140 ,      181 ,      190 ,      172 ,       83 ,       95 ,      199 ,       19 ,       51 ,       88 ,       28 ,      149 ,      102 ,       87 ,       36 ,       68 ,       37 ,      127 ,       55 ,       99 ,      110 ,       86 ,       33 ,       81 ,       65 ,      135 ,        2 ,      116 ,      130 ,      107 ,       96 ,      188 ,      160 ,       71 ,       48 ,      155 ,       56 ,      156 ,        3 , 
     184 ,       20 ,       54 ,      124 ,      134 ,      177 ,        8 ,       40 ,       76 ,       77 ,      168 ,      120 ,      159 ,       25 ,       10 ,       97 ,      131 ,       72 ,       45 ,      166 ,      112 ,       50 ,       31 ,       85 ,      189 ,      109 ,      128 ,      153 ,       49 ,      136 ,      195 ,      146 ,      105 ,       52 ,       41 ,      152 ,      162 ,      183 ,      137 ,       23 ,        9 ,       93 ,      176 ,      182 ,       62 ,      180 ,       32 ,      123 ,       91 ,       43 ,      196 ,      179 ,      125 ,      117 ,      164 ,        0 ,      197 ,      147 ,       39 ,      104 ,      139 ,       42 ,      173 ,       53 ,        6 ,      185 ,      167 ,       69 ,        5 ,      113 ,      194 ,      142 ,      106 ,      150 ,       58 ,      119 ,      198 ,       46 ,       21 ,      158 ,       13 ,      187 ,      169 ,      103 ,       38 ,        4 ,       98 ,      129 ,       18 ,       63 ,      175 ,      108 ,       78 ,       57 ,       14 ,       12 ,      157 ,      151 ,      161 ,      193 ,      132 ,      101 ,       84 ,      114 ,       22 ,      141 ,      138 ,       89 ,       34 ,       15 ,       66 ,       64 ,      163 ,      100 ,      121 ,      170 ,      143 ,       27 ,      126 ,       94 ,       29 ,      191 ,      144 ,        7 ,       35 ,       70 ,      174 ,      171 ,       67 ,      133 ,       60 ,      178 ,       61 ,       47 ,       79 ,       90 ,      111 ,       92 ,      192 ,       30 ,      154 ,       16 ,      145 ,       17 ,       82 ,      148 ,       26 ,       75 ,      115 ,       44 ,      118 ,       59 ,       11 ,       80 ,      186 ,      122 ,       24 ,        1 ,       74 ,       73 ,      181 ,      172 ,      190 ,      140 ,      165 ,      199 ,       83 ,       88 ,       28 ,       51 ,       95 ,      102 ,       87 ,       19 ,       36 ,      127 ,       37 ,      149 ,       68 ,       55 ,       99 ,       86 ,      110 ,       65 ,      116 ,      130 ,       81 ,        2 ,       33 ,      135 ,       71 ,       96 ,       48 ,      160 ,      188 ,      107 ,      156 ,      155 ,       56 ,        3 , 
     184 ,       20 ,       54 ,      134 ,      177 ,        8 ,      124 ,       40 ,      168 ,       77 ,       76 ,      159 ,      120 ,       97 ,       72 ,       25 ,       10 ,      112 ,       31 ,      131 ,       50 ,       45 ,      166 ,      189 ,       85 ,      136 ,      128 ,      146 ,      153 ,      109 ,       49 ,      195 ,      105 ,      152 ,       41 ,       52 ,      137 ,      162 ,      183 ,       23 ,      182 ,        9 ,       93 ,      176 ,       32 ,       91 ,      180 ,      196 ,      125 ,      179 ,       62 ,      123 ,      117 ,       43 ,      164 ,      147 ,      197 ,      104 ,      173 ,       53 ,        0 ,      139 ,       42 ,       39 ,      185 ,      113 ,      167 ,        6 ,      106 ,      150 ,        5 ,       58 ,       69 ,      194 ,      142 ,       46 ,      198 ,      119 ,      158 ,       13 ,      103 ,      187 ,       21 ,      169 ,       18 ,        4 ,       98 ,       63 ,       38 ,      108 ,      129 ,       78 ,      157 ,      175 ,       57 ,       14 ,       12 ,      132 ,      161 ,      193 ,      114 ,      151 ,      138 ,      141 ,       84 ,       34 ,      101 ,       22 ,       89 ,      100 ,       64 ,       15 ,       66 ,      170 ,      163 ,      121 ,       29 ,       27 ,      126 ,      144 ,      143 ,       35 ,        7 ,       94 ,      171 ,      191 ,       70 ,      133 ,      174 ,       60 ,      178 ,       67 ,       61 ,       47 ,       92 ,       90 ,       79 ,       16 ,      111 ,      192 ,       30 ,      145 ,       26 ,      154 ,      115 ,       17 ,       82 ,      148 ,      118 ,       44 ,       80 ,       75 ,       24 ,       11 ,      122 ,       59 ,      186 ,        1 ,      181 ,      172 ,      165 ,       73 ,       74 ,      140 ,      199 ,      190 ,       28 ,       83 ,       95 ,       87 ,      102 ,       51 ,       88 ,      149 ,      127 ,       36 ,       19 ,       99 ,       37 ,      110 ,      116 ,       68 ,      130 ,       81 ,       86 ,       65 ,       33 ,        2 ,       55 ,       71 ,       48 ,      135 ,      156 ,       96 ,      188 ,      160 ,      155 ,      107 ,       56 ,        3 , 
     184 ,       20 ,      177 ,       54 ,      134 ,        8 ,      124 ,       77 ,      120 ,      168 ,       40 ,       97 ,       72 ,      159 ,       25 ,       76 ,       31 ,       50 ,      166 ,      112 ,       10 ,       45 ,      131 ,      189 ,       85 ,      128 ,      153 ,      146 ,      136 ,      109 ,      195 ,      105 ,       49 ,       52 ,      152 ,      183 ,      162 ,       41 ,      137 ,       23 ,       93 ,      176 ,      182 ,        9 ,      196 ,      125 ,       32 ,      180 ,      117 ,       91 ,      179 ,       62 ,      123 ,      104 ,       43 ,      147 ,      173 ,      164 ,       53 ,      139 ,      197 ,        0 ,      185 ,       39 ,       42 ,        6 ,      167 ,      106 ,        5 ,      113 ,      142 ,      150 ,       69 ,       58 ,      198 ,      119 ,      194 ,       46 ,       13 ,      169 ,      158 ,      187 ,        4 ,      103 ,       63 ,       18 ,       21 ,      129 ,      108 ,       98 ,       38 ,       78 ,      175 ,      157 ,      161 ,       14 ,       12 ,       57 ,      114 ,      132 ,      138 ,      193 ,       84 ,      151 ,      141 ,       22 ,       34 ,       89 ,      101 ,       66 ,      163 ,       64 ,      100 ,       15 ,       27 ,      121 ,      170 ,       29 ,      144 ,        7 ,      143 ,      126 ,      171 ,       70 ,       94 ,       35 ,      174 ,      191 ,      133 ,      178 ,       67 ,       60 ,       61 ,       79 ,       90 ,       16 ,       47 ,       92 ,      145 ,       30 ,       26 ,      154 ,      111 ,      115 ,      192 ,       44 ,       82 ,       80 ,      148 ,       17 ,      122 ,      118 ,      186 ,       75 ,       24 ,      181 ,       11 ,       59 ,       74 ,      165 ,      199 ,        1 ,      190 ,       73 ,      172 ,       87 ,      140 ,       95 ,       28 ,      102 ,       83 ,       51 ,      127 ,      149 ,       88 ,       37 ,       36 ,       99 ,       19 ,      130 ,       86 ,      116 ,       65 ,      110 ,       81 ,       68 ,        2 ,       48 ,      160 ,       33 ,      107 ,       55 ,      156 ,      188 ,       71 ,       96 ,      155 ,      135 ,       56 ,        3 , 
