840 , 200 , 10 , 195377 , ILST
     193 ,      199 ,        1 ,      113 ,      173 ,        8 ,       58 ,       59 ,      101 ,      108 ,      144 ,      106 ,      121 ,      131 ,      136 ,       54 ,        0 ,      110 ,       10 ,      123 ,       88 ,       25 ,      186 ,       69 ,        5 ,       56 ,      158 ,      170 ,       43 ,       38 ,      177 ,       37 ,       50 ,      100 ,       87 ,       49 ,      194 ,      117 ,      137 ,       31 ,       64 ,       98 ,       19 ,      165 ,      104 ,       78 ,       83 ,      145 ,      154 ,       33 ,       12 ,      156 ,      141 ,      151 ,      161 ,       41 ,        3 ,       95 ,       18 ,       68 ,       32 ,        9 ,      182 ,       74 ,       13 ,        4 ,       44 ,      107 ,      118 ,      138 ,      143 ,      155 ,      168 ,      181 ,      116 ,       46 ,       24 ,      171 ,       73 ,       27 ,      135 ,      112 ,       48 ,       75 ,       23 ,       57 ,      142 ,       96 ,       42 ,      167 ,       93 ,      149 ,      119 ,       17 ,       16 ,       45 ,        2 ,      179 ,       77 ,      192 ,       63 ,       22 ,      176 ,      146 ,       85 ,      147 ,       21 ,       61 ,      133 ,       20 ,      129 ,      134 ,      180 ,       81 ,       11 ,      139 ,      153 ,      126 ,       94 ,      183 ,       92 ,       99 ,      152 ,       52 ,       40 ,       15 ,       60 ,       70 ,      102 ,       91 ,      148 ,       71 ,       34 ,      188 ,      185 ,       35 ,      195 ,       30 ,       53 ,       26 ,      130 ,       65 ,       97 ,      103 ,      127 ,       55 ,      184 ,      189 ,       66 ,      166 ,        7 ,      160 ,      172 ,      162 ,      178 ,      175 ,      157 ,      190 ,       51 ,      111 ,      128 ,      191 ,      174 ,      164 ,      109 ,       28 ,       29 ,       86 ,      197 ,      120 ,       82 ,      198 ,      132 ,      122 ,      140 ,      124 ,      187 ,       36 ,      150 ,       62 ,      125 ,        6 ,      169 ,      159 ,      115 ,      163 ,       47 ,       39 ,      114 ,       84 ,       76 ,       67 ,       72 ,      105 ,       90 ,       79 ,       80 ,       89 ,      196 ,       14 , 
     173 ,      199 ,        1 ,       58 ,      193 ,      113 ,      101 ,      108 ,        8 ,      144 ,      131 ,       59 ,      136 ,      106 ,      121 ,        0 ,      123 ,       54 ,       10 ,      110 ,       69 ,      186 ,       56 ,       25 ,      158 ,       38 ,       88 ,      170 ,       37 ,        5 ,       43 ,      177 ,      100 ,       87 ,       50 ,      117 ,       31 ,      137 ,       49 ,      194 ,      104 ,       64 ,       78 ,       98 ,       19 ,      145 ,       83 ,       12 ,      165 ,      154 ,      151 ,      156 ,        3 ,       33 ,      141 ,      161 ,       41 ,       95 ,        9 ,       18 ,       68 ,       13 ,      182 ,        4 ,      118 ,       32 ,      107 ,      143 ,       44 ,       74 ,      138 ,       46 ,      168 ,      116 ,      155 ,      181 ,       73 ,      135 ,       27 ,      171 ,      112 ,       57 ,       24 ,       48 ,       23 ,       96 ,       93 ,       75 ,      167 ,       17 ,      142 ,      119 ,       42 ,      149 ,       77 ,       45 ,       16 ,       63 ,      179 ,        2 ,      192 ,      176 ,      146 ,       61 ,       22 ,       21 ,       20 ,      134 ,       85 ,      147 ,       81 ,      133 ,      129 ,       11 ,       94 ,      126 ,      183 ,       99 ,      180 ,      139 ,      153 ,       52 ,       40 ,      152 ,       15 ,       60 ,       92 ,      102 ,      148 ,      130 ,      195 ,       91 ,      185 ,      127 ,       71 ,       30 ,       26 ,       34 ,       35 ,       53 ,      103 ,      188 ,       65 ,       55 ,       66 ,       97 ,       70 ,      189 ,      184 ,      178 ,      166 ,      128 ,        7 ,      160 ,      162 ,       28 ,      190 ,      111 ,       51 ,      157 ,      120 ,      172 ,       29 ,      164 ,      109 ,       86 ,      140 ,       82 ,        6 ,       47 ,      175 ,      122 ,      198 ,      132 ,      191 ,       36 ,       80 ,       62 ,       39 ,       79 ,      159 ,      150 ,      124 ,      169 ,      197 ,      163 ,      115 ,      187 ,       67 ,      125 ,      114 ,       84 ,       76 ,       89 ,      174 ,      105 ,       90 ,       72 ,      196 ,       14 , 
       1 ,      199 ,      173 ,      101 ,      193 ,       58 ,      108 ,      113 ,        8 ,      131 ,      144 ,       59 ,      106 ,      136 ,      123 ,       10 ,      110 ,        0 ,      121 ,       54 ,       56 ,       69 ,      158 ,      170 ,       88 ,        5 ,       37 ,       38 ,      186 ,       25 ,      100 ,      177 ,       50 ,       43 ,       87 ,      117 ,       64 ,       31 ,      194 ,      137 ,       49 ,       19 ,       98 ,      104 ,      145 ,       78 ,      165 ,       12 ,       83 ,      156 ,      154 ,      151 ,        3 ,       33 ,      141 ,       18 ,       41 ,      161 ,      182 ,       95 ,        4 ,        9 ,       13 ,      107 ,       32 ,       68 ,      118 ,      143 ,       44 ,      116 ,      155 ,      168 ,       74 ,      138 ,       46 ,      181 ,       73 ,       27 ,      135 ,      112 ,      171 ,       57 ,       96 ,       24 ,       48 ,       93 ,       17 ,      119 ,       23 ,      149 ,      142 ,       75 ,      167 ,       42 ,       63 ,       45 ,      179 ,       16 ,       77 ,      146 ,        2 ,       61 ,      192 ,       20 ,      176 ,       22 ,       81 ,      133 ,       21 ,       85 ,      129 ,      134 ,      147 ,       11 ,      180 ,       99 ,      139 ,      183 ,      126 ,       94 ,       40 ,       15 ,       52 ,       92 ,      152 ,      153 ,       60 ,      195 ,      148 ,      102 ,      130 ,       91 ,      185 ,      127 ,       71 ,       34 ,       30 ,       53 ,       26 ,       55 ,      103 ,       35 ,       66 ,      188 ,       70 ,       97 ,       65 ,      189 ,        7 ,      166 ,      184 ,      178 ,      128 ,      160 ,      162 ,      190 ,       51 ,      120 ,       28 ,       29 ,      111 ,      157 ,      109 ,       86 ,      172 ,       82 ,        6 ,      164 ,       47 ,      140 ,      122 ,      191 ,      198 ,      175 ,      132 ,       62 ,       36 ,       39 ,       80 ,      169 ,       79 ,      159 ,      115 ,      150 ,      187 ,      124 ,      125 ,      197 ,       76 ,       84 ,      163 ,       67 ,       90 ,      114 ,      196 ,       14 ,       89 ,      105 ,       72 ,      174 , 
     173 ,        1 ,      199 ,       58 ,      193 ,      101 ,      131 ,        8 ,      106 ,       59 ,      108 ,      113 ,      144 ,      110 ,      121 ,       10 ,      123 ,      136 ,      158 ,       69 ,       56 ,       88 ,        0 ,       54 ,       37 ,       25 ,        5 ,      186 ,      170 ,       38 ,       50 ,      100 ,      177 ,       87 ,       43 ,      117 ,      137 ,      194 ,       31 ,       64 ,       19 ,      145 ,       98 ,       49 ,      104 ,       78 ,       12 ,       83 ,      165 ,      156 ,      141 ,        3 ,       33 ,      154 ,      182 ,       41 ,        4 ,      151 ,       18 ,        9 ,      161 ,       95 ,       32 ,       68 ,       13 ,      118 ,      116 ,      107 ,      143 ,      138 ,      168 ,       74 ,      155 ,       44 ,       73 ,      181 ,       27 ,       46 ,      171 ,       96 ,       57 ,      135 ,       24 ,      112 ,      119 ,       23 ,       48 ,      142 ,       93 ,       42 ,       17 ,      149 ,       45 ,      167 ,       75 ,      146 ,      179 ,       16 ,      192 ,       63 ,       61 ,       77 ,        2 ,       22 ,      147 ,      133 ,       20 ,       81 ,       21 ,       85 ,      139 ,      134 ,      129 ,       40 ,       11 ,      180 ,      176 ,       99 ,      183 ,       94 ,      126 ,       52 ,       92 ,       15 ,      153 ,       60 ,      152 ,      102 ,       91 ,      195 ,      148 ,      127 ,      130 ,       34 ,       53 ,      185 ,       35 ,       30 ,       55 ,       71 ,       70 ,       26 ,      103 ,       65 ,       66 ,      188 ,      178 ,      166 ,       97 ,      189 ,      184 ,        7 ,      162 ,      160 ,       51 ,      128 ,      120 ,      190 ,       28 ,      157 ,       86 ,      109 ,      172 ,       29 ,      164 ,      111 ,       82 ,      140 ,       47 ,      191 ,        6 ,      198 ,       36 ,       62 ,      175 ,      122 ,      132 ,       79 ,       39 ,      115 ,       76 ,       80 ,      187 ,      150 ,      124 ,      197 ,       90 ,      159 ,      163 ,      169 ,      196 ,      125 ,       84 ,      114 ,       89 ,       67 ,      174 ,       14 ,      105 ,       72 , 
     173 ,       58 ,        1 ,      199 ,      106 ,       59 ,      131 ,      193 ,      101 ,        8 ,      110 ,      108 ,      121 ,      113 ,      144 ,       56 ,      158 ,       10 ,      136 ,      123 ,       88 ,       69 ,       37 ,       54 ,      186 ,        0 ,       38 ,       25 ,        5 ,      170 ,       50 ,      177 ,       87 ,      100 ,      137 ,      194 ,       43 ,       31 ,      117 ,       98 ,       64 ,       19 ,      145 ,       49 ,       83 ,      104 ,      165 ,      156 ,        3 ,       78 ,       33 ,       12 ,      141 ,        4 ,      182 ,        9 ,      151 ,      154 ,       41 ,       32 ,       95 ,      161 ,      118 ,      107 ,       18 ,       68 ,      116 ,       13 ,      168 ,      138 ,      155 ,       73 ,      181 ,      143 ,       44 ,       74 ,       46 ,       27 ,       57 ,      171 ,      135 ,       23 ,       48 ,       96 ,      112 ,       24 ,      119 ,       93 ,      142 ,       42 ,       75 ,       17 ,      167 ,       45 ,      192 ,      149 ,      179 ,       77 ,      146 ,       63 ,       16 ,      133 ,      147 ,       22 ,       61 ,        2 ,       20 ,       85 ,      134 ,       81 ,       21 ,      180 ,      139 ,       40 ,       99 ,      183 ,      129 ,       11 ,       94 ,      126 ,      176 ,       60 ,      153 ,      152 ,       52 ,      102 ,       15 ,       91 ,       92 ,      148 ,      195 ,      130 ,      127 ,       53 ,       34 ,       30 ,       35 ,      185 ,       55 ,       70 ,       71 ,      188 ,       26 ,      103 ,       65 ,      166 ,       66 ,      184 ,      178 ,        7 ,      189 ,      160 ,       97 ,      128 ,      162 ,       51 ,      120 ,      190 ,       28 ,       86 ,      157 ,      164 ,      111 ,      172 ,       82 ,      109 ,        6 ,       29 ,      140 ,       47 ,      198 ,      122 ,      191 ,       62 ,       36 ,      175 ,      115 ,      132 ,       79 ,       39 ,       80 ,      124 ,      150 ,       76 ,      187 ,      159 ,      197 ,       90 ,      163 ,      125 ,      196 ,       84 ,      169 ,      114 ,       67 ,       72 ,      105 ,       89 ,      174 ,       14 , 
       1 ,      173 ,       58 ,      193 ,      101 ,      106 ,       59 ,      199 ,      131 ,      121 ,        8 ,      110 ,      113 ,      108 ,      136 ,       56 ,       10 ,      123 ,       69 ,      144 ,       54 ,      186 ,      158 ,       37 ,        5 ,       88 ,      170 ,        0 ,       25 ,       38 ,      100 ,      177 ,       50 ,       43 ,      137 ,       87 ,      194 ,      117 ,       31 ,      145 ,       64 ,       49 ,       19 ,       98 ,       83 ,      156 ,      104 ,        3 ,      141 ,       12 ,      165 ,       78 ,      151 ,        9 ,       41 ,       33 ,      154 ,       32 ,      182 ,      118 ,        4 ,      107 ,       95 ,      161 ,      116 ,      168 ,       68 ,       13 ,      181 ,       18 ,      138 ,       44 ,      143 ,      155 ,       73 ,       74 ,      171 ,      135 ,       46 ,       57 ,       23 ,       27 ,       48 ,       96 ,       24 ,       42 ,      112 ,       17 ,      142 ,      119 ,       93 ,      167 ,       45 ,       75 ,      192 ,      179 ,      146 ,       77 ,      149 ,      133 ,       63 ,       61 ,        2 ,       16 ,      147 ,      134 ,       22 ,       20 ,       81 ,      139 ,       99 ,       85 ,      183 ,      129 ,       21 ,       40 ,      180 ,       94 ,      153 ,      126 ,       60 ,       11 ,      102 ,      176 ,      152 ,       52 ,       92 ,      130 ,      195 ,       15 ,       91 ,      148 ,       35 ,      127 ,       53 ,       55 ,       70 ,       34 ,       30 ,       71 ,      166 ,      103 ,      185 ,      188 ,       26 ,       65 ,       66 ,      178 ,      184 ,      189 ,        7 ,      128 ,       97 ,      160 ,      162 ,       51 ,      157 ,      120 ,      190 ,       28 ,       86 ,      111 ,      164 ,       29 ,       82 ,      109 ,      172 ,      198 ,        6 ,       47 ,       36 ,      175 ,      191 ,      140 ,       62 ,      122 ,       80 ,      124 ,      115 ,       79 ,      187 ,      150 ,      132 ,       39 ,       90 ,      197 ,      125 ,       76 ,      159 ,       84 ,      114 ,      196 ,       67 ,      163 ,       72 ,       89 ,      169 ,      174 ,      105 ,       14 , 
      58 ,      173 ,      193 ,        1 ,       59 ,      101 ,      131 ,      106 ,      199 ,      110 ,      136 ,      121 ,       56 ,        8 ,      113 ,       10 ,      108 ,       69 ,      186 ,      123 ,       54 ,       37 ,      144 ,      158 ,        0 ,      170 ,      100 ,       25 ,        5 ,       88 ,       38 ,      177 ,       87 ,       50 ,       43 ,       31 ,      137 ,      117 ,      194 ,       98 ,       19 ,       64 ,       49 ,      145 ,        3 ,       83 ,      141 ,      156 ,      104 ,       78 ,       12 ,       33 ,      165 ,      151 ,      154 ,       41 ,        9 ,      182 ,      107 ,      118 ,       32 ,      161 ,      116 ,       68 ,        4 ,       18 ,       95 ,      168 ,       13 ,      181 ,       73 ,       44 ,      143 ,      138 ,       74 ,      155 ,      171 ,       96 ,       57 ,      135 ,       23 ,       46 ,       27 ,       48 ,       17 ,      112 ,       42 ,       24 ,      119 ,      142 ,      192 ,       75 ,       93 ,       77 ,      149 ,      167 ,       45 ,      146 ,      179 ,       61 ,       63 ,      147 ,      133 ,      134 ,       16 ,        2 ,       20 ,       81 ,      139 ,       22 ,       85 ,      129 ,       40 ,      183 ,       99 ,       21 ,      180 ,      126 ,      153 ,       60 ,       94 ,       92 ,       11 ,      102 ,      152 ,       52 ,      176 ,       91 ,      130 ,      195 ,       53 ,       15 ,      148 ,       35 ,      127 ,       30 ,       71 ,       34 ,       70 ,       55 ,      103 ,      166 ,       65 ,      178 ,       26 ,      188 ,      185 ,      184 ,      128 ,       66 ,        7 ,      189 ,       97 ,       51 ,      160 ,      162 ,      190 ,       86 ,      157 ,       28 ,      164 ,      120 ,       82 ,      198 ,      111 ,      172 ,       47 ,       29 ,      109 ,       36 ,        6 ,      175 ,      140 ,      191 ,       80 ,      122 ,      187 ,       62 ,      124 ,      150 ,       79 ,      132 ,      115 ,       39 ,       90 ,      159 ,      197 ,       76 ,      125 ,       84 ,       67 ,      196 ,      114 ,      169 ,      163 ,       89 ,       72 ,      174 ,      105 ,       14 , 
     193 ,        1 ,      173 ,       59 ,       58 ,      101 ,      106 ,      136 ,      199 ,       56 ,      131 ,      110 ,       10 ,      113 ,       69 ,      121 ,        8 ,      108 ,      144 ,      123 ,       37 ,       54 ,      186 ,      100 ,       25 ,        0 ,      158 ,      170 ,       88 ,        5 ,       38 ,       43 ,       87 ,      177 ,       31 ,      117 ,       50 ,      194 ,       64 ,       98 ,        3 ,      137 ,       19 ,       49 ,      141 ,      145 ,      104 ,       33 ,      156 ,       83 ,      165 ,       78 ,      154 ,      151 ,      182 ,       12 ,        9 ,      107 ,      116 ,      161 ,       41 ,       32 ,      118 ,      168 ,       68 ,        4 ,       13 ,       44 ,       18 ,       95 ,      138 ,       74 ,      155 ,      181 ,      171 ,      143 ,       73 ,      135 ,       96 ,       23 ,       27 ,       48 ,       57 ,       24 ,       46 ,       17 ,      112 ,      142 ,      119 ,       77 ,       42 ,       93 ,      192 ,       45 ,      146 ,      167 ,       75 ,      149 ,       63 ,      147 ,      179 ,       61 ,       20 ,      133 ,       16 ,      134 ,       85 ,       81 ,      129 ,        2 ,       22 ,       40 ,       99 ,      139 ,      180 ,      153 ,      183 ,       94 ,       11 ,      126 ,       21 ,       92 ,       60 ,      102 ,       52 ,      152 ,      176 ,       91 ,      195 ,       53 ,      127 ,      130 ,       35 ,       15 ,       30 ,       70 ,      148 ,       55 ,       71 ,      178 ,       65 ,       34 ,      103 ,      166 ,       26 ,      188 ,      184 ,      128 ,       66 ,      185 ,        7 ,       51 ,      189 ,       97 ,      160 ,      190 ,      157 ,      164 ,       86 ,      162 ,       28 ,      120 ,      111 ,       82 ,      198 ,       47 ,       36 ,        6 ,      109 ,      172 ,       29 ,      140 ,      175 ,      122 ,      191 ,       80 ,      187 ,       62 ,      150 ,      132 ,       39 ,      115 ,      124 ,       79 ,      125 ,       76 ,       90 ,      197 ,      159 ,       84 ,      114 ,       89 ,       67 ,      196 ,       72 ,      163 ,      169 ,       14 ,      174 ,      105 , 
     193 ,        1 ,      101 ,      136 ,      173 ,       59 ,       58 ,      199 ,      131 ,      106 ,       56 ,       69 ,      110 ,      121 ,      113 ,        8 ,      108 ,      123 ,       10 ,      144 ,      186 ,       37 ,       54 ,        0 ,       25 ,      158 ,      100 ,        5 ,       88 ,      170 ,       43 ,       87 ,       31 ,       38 ,      177 ,       64 ,      117 ,       98 ,       50 ,      194 ,       19 ,      137 ,       49 ,      141 ,      145 ,        3 ,       33 ,       78 ,       83 ,      156 ,      104 ,      165 ,      182 ,      154 ,      151 ,      116 ,       41 ,       12 ,      161 ,        9 ,      107 ,        4 ,       32 ,      118 ,       18 ,       95 ,      168 ,       68 ,       44 ,       13 ,      181 ,      155 ,       74 ,       73 ,      138 ,       23 ,      143 ,      171 ,       48 ,      135 ,       27 ,       96 ,      112 ,       57 ,       46 ,       24 ,      119 ,       17 ,      142 ,       93 ,       42 ,      146 ,       77 ,      192 ,      167 ,       45 ,       63 ,      147 ,       61 ,      179 ,      133 ,      149 ,       75 ,       81 ,       85 ,      129 ,      134 ,       20 ,        2 ,       22 ,       16 ,      180 ,      153 ,      139 ,       94 ,       40 ,       11 ,       99 ,      126 ,      183 ,       21 ,      152 ,       92 ,       91 ,       60 ,      102 ,       52 ,       53 ,      176 ,      195 ,       30 ,       15 ,       70 ,      127 ,       35 ,      130 ,       71 ,      148 ,      103 ,       34 ,      178 ,       26 ,       55 ,      128 ,       65 ,      184 ,      185 ,      166 ,      188 ,        7 ,       66 ,       51 ,      190 ,       97 ,      189 ,      162 ,      164 ,      120 ,      157 ,       86 ,      160 ,       28 ,      111 ,       36 ,       82 ,      198 ,        6 ,       47 ,      109 ,       29 ,      140 ,      191 ,      172 ,      175 ,       80 ,      150 ,       62 ,      122 ,      187 ,      132 ,       39 ,       79 ,      115 ,      125 ,      124 ,      159 ,      114 ,       84 ,      197 ,       89 ,       76 ,       90 ,       72 ,      196 ,       67 ,      163 ,       14 ,      169 ,      105 ,      174 , 
       1 ,      193 ,      173 ,      136 ,      101 ,      131 ,       58 ,       59 ,       56 ,       69 ,      199 ,      121 ,      106 ,        8 ,      108 ,       10 ,      110 ,       37 ,      113 ,      144 ,      123 ,      158 ,      186 ,       54 ,       88 ,        0 ,       25 ,        5 ,      100 ,       87 ,       38 ,       43 ,       31 ,      170 ,       50 ,      117 ,      177 ,      194 ,       98 ,       64 ,      141 ,       19 ,       49 ,      137 ,       78 ,      156 ,        3 ,      165 ,      145 ,       33 ,       83 ,      151 ,       41 ,      104 ,      182 ,       12 ,      154 ,      116 ,      161 ,      118 ,        9 ,      107 ,       18 ,        4 ,       32 ,       95 ,       68 ,       13 ,      168 ,      181 ,       74 ,       44 ,       23 ,      155 ,      171 ,       73 ,       27 ,      143 ,       48 ,      138 ,       96 ,      135 ,      119 ,       46 ,       57 ,       17 ,      112 ,       93 ,      146 ,      142 ,       42 ,       24 ,      192 ,       77 ,      167 ,       45 ,       63 ,       61 ,       75 ,      133 ,      147 ,       85 ,      179 ,      149 ,       81 ,      129 ,       22 ,      134 ,      180 ,      153 ,       20 ,      139 ,       16 ,      126 ,       11 ,        2 ,       21 ,       40 ,       94 ,       99 ,       92 ,      152 ,       91 ,       52 ,      183 ,       53 ,      195 ,       60 ,      102 ,       15 ,      127 ,      176 ,       30 ,       71 ,       70 ,       35 ,      130 ,      103 ,       26 ,       34 ,      178 ,      148 ,      184 ,       55 ,      128 ,      185 ,       65 ,      188 ,      166 ,       66 ,       51 ,        7 ,       97 ,      189 ,      120 ,      190 ,       86 ,      160 ,      157 ,      164 ,      162 ,       82 ,       28 ,      198 ,      111 ,       47 ,       36 ,      191 ,       29 ,        6 ,      175 ,      150 ,      172 ,      109 ,      140 ,      122 ,      187 ,       80 ,      125 ,       62 ,      115 ,      124 ,       39 ,      132 ,      159 ,       79 ,       84 ,      114 ,      197 ,       90 ,       89 ,       76 ,      196 ,       72 ,       67 ,       14 ,      169 ,      163 ,      105 ,      174 , 
