1056 , 150 , 10 , 223790 , ILST
      35 ,      134 ,       80 ,        1 ,       70 ,      148 ,      145 ,       43 ,       50 ,       55 ,       49 ,      141 ,       97 ,      147 ,       34 ,        7 ,       78 ,       92 ,        2 ,       15 ,       89 ,      113 ,      140 ,       26 ,      127 ,       24 ,      105 ,       96 ,      108 ,       98 ,      132 ,       94 ,      125 ,       63 ,       69 ,      138 ,       65 ,       88 ,      124 ,       79 ,       17 ,      112 ,       48 ,      106 ,      120 ,       74 ,        6 ,       19 ,       37 ,      122 ,       12 ,       28 ,      116 ,       13 ,       31 ,       23 ,       76 ,       27 ,       99 ,       21 ,       82 ,      143 ,      130 ,       85 ,      110 ,       52 ,      115 ,       51 ,      100 ,       91 ,       59 ,      135 ,      136 ,       36 ,       39 ,       41 ,       11 ,      107 ,       22 ,       54 ,       60 ,       67 ,       93 ,       44 ,       30 ,       25 ,       75 ,      146 ,       71 ,       56 ,      103 ,       87 ,       53 ,       77 ,      101 ,       40 ,       58 ,       38 ,      119 ,        9 ,       29 ,       68 ,      133 ,       47 ,       46 ,       57 ,      131 ,       33 ,       45 ,       83 ,       73 ,       42 ,       90 ,       62 ,      118 ,       95 ,       72 ,       16 ,       81 ,      137 ,       10 ,      111 ,      117 ,        3 ,      104 ,      128 ,      114 ,       64 ,      126 ,      109 ,       84 ,      144 ,        5 ,      121 ,       86 ,      142 ,       61 ,       66 ,      149 ,        8 ,       32 ,      139 ,      102 ,       18 ,       14 ,       20 ,        0 ,      129 ,      123 ,        4 , 
      80 ,      134 ,       70 ,       35 ,       43 ,       55 ,       50 ,      141 ,       49 ,      147 ,      145 ,        1 ,       34 ,      148 ,        2 ,       97 ,       15 ,       78 ,        7 ,      140 ,      113 ,       92 ,       89 ,      127 ,       24 ,       98 ,       26 ,       96 ,      125 ,      105 ,      108 ,      132 ,      138 ,       94 ,      124 ,       65 ,       63 ,       69 ,       79 ,      112 ,       88 ,       48 ,        6 ,       19 ,      120 ,       37 ,       17 ,      106 ,       74 ,       28 ,      116 ,      122 ,       13 ,       12 ,       31 ,       23 ,       76 ,       82 ,       27 ,      130 ,       21 ,      143 ,       99 ,      110 ,       85 ,       52 ,      115 ,       51 ,       91 ,      100 ,      135 ,       39 ,      136 ,       41 ,       36 ,       22 ,       59 ,       60 ,      107 ,       54 ,       11 ,       25 ,       67 ,       93 ,       30 ,       44 ,       75 ,      146 ,       53 ,       77 ,       71 ,       56 ,       87 ,      103 ,       40 ,      101 ,       58 ,       38 ,       68 ,        9 ,       29 ,      119 ,       47 ,      133 ,      131 ,       46 ,       57 ,       45 ,       90 ,       83 ,       33 ,       42 ,       73 ,       62 ,       72 ,       16 ,       95 ,       81 ,      118 ,        3 ,      137 ,       10 ,      114 ,      117 ,      111 ,       64 ,      128 ,      126 ,      104 ,       84 ,        5 ,      109 ,      144 ,      121 ,       86 ,      142 ,      149 ,        8 ,      139 ,       61 ,       32 ,       66 ,      102 ,        0 ,       14 ,       18 ,       20 ,      129 ,      123 ,        4 , 
      43 ,       80 ,      134 ,      141 ,       55 ,       50 ,      145 ,       35 ,       70 ,        1 ,       34 ,      148 ,      147 ,       49 ,       15 ,       97 ,       78 ,      140 ,        2 ,       92 ,      113 ,        7 ,       89 ,      127 ,       98 ,       24 ,       26 ,      125 ,      132 ,      105 ,       94 ,       96 ,      108 ,       65 ,       69 ,      138 ,       79 ,      124 ,      112 ,       63 ,       88 ,       19 ,       37 ,       48 ,      120 ,       17 ,       74 ,        6 ,       28 ,      106 ,       12 ,       23 ,       76 ,       13 ,      122 ,      116 ,       31 ,       82 ,      130 ,      143 ,       27 ,      110 ,       21 ,       85 ,      115 ,       52 ,       99 ,       51 ,       39 ,      100 ,      136 ,       91 ,      135 ,       59 ,      107 ,       41 ,       60 ,       11 ,       22 ,       36 ,       67 ,       54 ,       93 ,       25 ,       30 ,       44 ,       75 ,       71 ,       87 ,      146 ,       53 ,       77 ,       40 ,       38 ,      103 ,       56 ,       58 ,       29 ,      101 ,        9 ,       68 ,      119 ,       47 ,       46 ,      131 ,      133 ,       45 ,       57 ,       73 ,       83 ,       42 ,       33 ,       16 ,       95 ,       90 ,       72 ,       62 ,        3 ,      118 ,       81 ,      137 ,      117 ,       10 ,      111 ,       64 ,      114 ,      128 ,      126 ,       84 ,        5 ,      104 ,      142 ,       86 ,      149 ,      109 ,      121 ,      144 ,       32 ,       66 ,        8 ,      139 ,        0 ,      102 ,       14 ,       20 ,       61 ,       18 ,        4 ,      129 ,      123 , 
      43 ,      134 ,       55 ,       35 ,      145 ,       50 ,       80 ,      141 ,        1 ,       70 ,      148 ,       49 ,       15 ,       78 ,       34 ,       97 ,       92 ,      140 ,      147 ,      113 ,        2 ,        7 ,       26 ,      127 ,      132 ,       89 ,       24 ,      105 ,       98 ,       65 ,      125 ,       94 ,       96 ,      108 ,       79 ,       63 ,      138 ,       69 ,      124 ,      112 ,       88 ,       37 ,       48 ,      120 ,       17 ,       19 ,       74 ,       28 ,        6 ,       76 ,       23 ,       13 ,       31 ,      106 ,       12 ,      122 ,      116 ,      130 ,       82 ,       27 ,       85 ,      143 ,       99 ,       52 ,       21 ,      100 ,      110 ,       51 ,      135 ,      115 ,      136 ,      107 ,       91 ,       39 ,       59 ,       36 ,       11 ,       41 ,       22 ,       60 ,       30 ,       67 ,       44 ,       54 ,       93 ,       25 ,       87 ,       71 ,       75 ,      146 ,       40 ,       77 ,       38 ,       53 ,       58 ,      103 ,       56 ,       29 ,       47 ,        9 ,      101 ,       68 ,      119 ,       46 ,      133 ,      131 ,       42 ,       73 ,       83 ,       57 ,       45 ,       95 ,       72 ,        3 ,       90 ,       33 ,       16 ,      137 ,       62 ,       81 ,      117 ,      111 ,      128 ,      118 ,      114 ,       10 ,       64 ,      126 ,       84 ,        5 ,      104 ,      149 ,      142 ,      144 ,      121 ,       66 ,      109 ,       86 ,       32 ,      139 ,        0 ,        8 ,       20 ,      102 ,       61 ,        4 ,      123 ,      129 ,       14 ,       18 , 
      43 ,       55 ,       80 ,       50 ,       35 ,        1 ,      134 ,      145 ,       70 ,      141 ,       78 ,       49 ,      148 ,      140 ,       97 ,       34 ,       15 ,      113 ,        2 ,       92 ,      147 ,      132 ,       89 ,       26 ,        7 ,       24 ,      127 ,       98 ,       94 ,      125 ,       96 ,      105 ,       65 ,       79 ,      108 ,       69 ,       63 ,      124 ,       37 ,      138 ,      120 ,      112 ,       88 ,       48 ,        6 ,       17 ,       76 ,       28 ,       74 ,       13 ,       19 ,       23 ,       31 ,       12 ,      106 ,      130 ,       27 ,       85 ,      122 ,       52 ,       82 ,      100 ,      116 ,      143 ,       21 ,      115 ,       99 ,      136 ,      110 ,       51 ,       91 ,      135 ,       59 ,       36 ,      107 ,       39 ,       60 ,       22 ,       11 ,       54 ,       41 ,       93 ,       87 ,       30 ,       44 ,       67 ,       40 ,       25 ,      146 ,       71 ,       77 ,       75 ,       38 ,       56 ,       53 ,       58 ,      103 ,        9 ,      101 ,       29 ,       47 ,      119 ,       46 ,      133 ,       68 ,      131 ,       42 ,       95 ,       83 ,       45 ,       73 ,       33 ,       57 ,        3 ,      137 ,       72 ,       90 ,       81 ,      111 ,      118 ,      117 ,      128 ,       16 ,       62 ,       10 ,       84 ,      114 ,       64 ,        5 ,      126 ,      142 ,      104 ,      149 ,      121 ,       66 ,       32 ,       86 ,      144 ,      109 ,      139 ,       20 ,       61 ,      123 ,      129 ,      102 ,        8 ,        4 ,        0 ,       14 ,       18 , 
      55 ,       80 ,        1 ,       43 ,       35 ,      145 ,       50 ,       78 ,      134 ,      141 ,       97 ,       70 ,       34 ,       49 ,      148 ,      140 ,       92 ,      113 ,       15 ,        2 ,       89 ,       26 ,      147 ,      132 ,        7 ,       24 ,       98 ,       96 ,      125 ,      127 ,      105 ,       94 ,       63 ,      124 ,       37 ,      108 ,      120 ,       69 ,       65 ,       79 ,       48 ,      112 ,      138 ,       88 ,        6 ,       76 ,       17 ,       74 ,       19 ,       13 ,       12 ,       28 ,      130 ,      106 ,      122 ,       31 ,       23 ,       82 ,       27 ,      116 ,       85 ,       21 ,      100 ,       52 ,       99 ,      143 ,       51 ,      115 ,      136 ,      107 ,      110 ,       91 ,       59 ,       11 ,      135 ,       36 ,       22 ,       54 ,       39 ,       41 ,       44 ,       60 ,       93 ,       30 ,       40 ,       87 ,       25 ,      146 ,       67 ,       56 ,       53 ,       71 ,       38 ,       77 ,        9 ,       75 ,       58 ,      103 ,       29 ,      101 ,       47 ,       46 ,      119 ,      131 ,      133 ,       68 ,       45 ,       73 ,       95 ,       42 ,      137 ,       83 ,       90 ,       72 ,        3 ,       33 ,       57 ,      118 ,      111 ,       62 ,       16 ,      117 ,      114 ,      128 ,       81 ,       84 ,      126 ,       10 ,      149 ,      104 ,      142 ,      121 ,       64 ,        5 ,       32 ,       86 ,      109 ,       66 ,      144 ,       61 ,      102 ,        8 ,        4 ,      139 ,       20 ,      123 ,      129 ,        0 ,       14 ,       18 , 
      80 ,       55 ,        1 ,       43 ,       35 ,       50 ,      134 ,      145 ,       70 ,       78 ,      141 ,       97 ,       92 ,      148 ,      113 ,       49 ,        2 ,       34 ,      140 ,       15 ,       26 ,      132 ,       89 ,      147 ,       24 ,       98 ,      127 ,        7 ,       63 ,      125 ,      124 ,      105 ,       96 ,       37 ,       69 ,       94 ,      108 ,      120 ,      138 ,       79 ,       65 ,      112 ,       48 ,        6 ,       88 ,       74 ,       19 ,       12 ,       76 ,       17 ,      106 ,      130 ,       13 ,      122 ,       28 ,       31 ,       23 ,       27 ,      116 ,       82 ,       85 ,      100 ,       51 ,       21 ,       99 ,       52 ,      143 ,      136 ,      115 ,       91 ,      135 ,      110 ,      107 ,       36 ,       11 ,       59 ,       39 ,       54 ,       41 ,       22 ,       60 ,       40 ,       44 ,       30 ,       67 ,       93 ,       87 ,       25 ,      146 ,       71 ,       38 ,       56 ,        9 ,       53 ,       75 ,       77 ,       47 ,      103 ,       46 ,      119 ,       58 ,      133 ,       29 ,       68 ,      101 ,      131 ,       73 ,      137 ,       83 ,       95 ,        3 ,       45 ,       72 ,       42 ,       90 ,      111 ,       33 ,       57 ,       16 ,      118 ,       62 ,      117 ,      114 ,       81 ,       84 ,      128 ,      104 ,      126 ,       10 ,      142 ,        5 ,      149 ,      121 ,       64 ,       32 ,      144 ,       61 ,        8 ,       86 ,      109 ,       66 ,      102 ,        4 ,      123 ,       20 ,      139 ,      129 ,       14 ,        0 ,       18 , 
      55 ,       80 ,        1 ,       43 ,       50 ,       35 ,      134 ,      145 ,       78 ,       70 ,      141 ,      148 ,       92 ,       34 ,       97 ,      113 ,      140 ,      132 ,        2 ,       49 ,       89 ,       15 ,      127 ,       26 ,       98 ,      125 ,       24 ,      147 ,       96 ,        7 ,       63 ,       69 ,       37 ,      108 ,      124 ,      105 ,       79 ,      120 ,       94 ,      112 ,       65 ,       88 ,      138 ,       48 ,       19 ,       17 ,       12 ,       76 ,       74 ,        6 ,       28 ,      122 ,      106 ,       27 ,       23 ,       13 ,      130 ,       82 ,       31 ,       85 ,      100 ,       21 ,      116 ,       51 ,       99 ,       91 ,      143 ,      135 ,      136 ,      115 ,       52 ,      110 ,       11 ,       59 ,      107 ,       39 ,       54 ,       36 ,       41 ,       60 ,       40 ,       22 ,       44 ,       30 ,      146 ,       67 ,       93 ,       71 ,       56 ,       87 ,       25 ,        9 ,       38 ,       53 ,       75 ,       47 ,      119 ,       46 ,      103 ,       58 ,       77 ,       29 ,       73 ,      137 ,       68 ,      133 ,      131 ,       45 ,      101 ,       42 ,       83 ,       95 ,       72 ,      111 ,       33 ,        3 ,       90 ,       62 ,      117 ,       57 ,      118 ,       16 ,      128 ,      104 ,      114 ,      142 ,       84 ,       81 ,       10 ,      126 ,      121 ,      149 ,        5 ,       32 ,       64 ,       61 ,        8 ,      144 ,       86 ,      102 ,      109 ,      123 ,       66 ,        4 ,      129 ,       14 ,      139 ,       20 ,       18 ,        0 , 
      55 ,       80 ,       43 ,        1 ,      134 ,       50 ,      145 ,       70 ,      148 ,       92 ,       35 ,       34 ,       78 ,      113 ,      140 ,      141 ,       97 ,       89 ,      132 ,       26 ,       49 ,      127 ,        2 ,       15 ,      125 ,       96 ,      147 ,        7 ,      108 ,       24 ,       37 ,       98 ,       69 ,      105 ,       79 ,       63 ,      124 ,      112 ,       65 ,      120 ,      138 ,       94 ,       19 ,       12 ,       17 ,       74 ,        6 ,       48 ,       88 ,       27 ,      122 ,       76 ,       28 ,       23 ,       13 ,       85 ,      106 ,      130 ,      116 ,       21 ,       31 ,       82 ,       99 ,      100 ,       91 ,      136 ,       51 ,      115 ,      135 ,       11 ,      143 ,      110 ,       52 ,       39 ,      107 ,       54 ,       59 ,       60 ,       36 ,       44 ,       22 ,       41 ,      146 ,       40 ,       67 ,       71 ,       25 ,       30 ,       93 ,        9 ,       38 ,       87 ,       56 ,       47 ,      119 ,       46 ,       75 ,       53 ,       58 ,      137 ,       29 ,      103 ,       77 ,       73 ,       68 ,      101 ,      131 ,       42 ,      133 ,       45 ,      111 ,       83 ,       95 ,       72 ,       90 ,       62 ,       57 ,       33 ,        3 ,      118 ,      117 ,      128 ,       84 ,       81 ,      104 ,       16 ,      114 ,       10 ,      142 ,        5 ,      126 ,      121 ,       32 ,      149 ,       64 ,       61 ,      109 ,        8 ,      144 ,      102 ,      129 ,       86 ,      123 ,        4 ,       18 ,       66 ,       14 ,       20 ,      139 ,        0 , 
      55 ,       80 ,       43 ,        1 ,      134 ,      145 ,      148 ,       34 ,       50 ,       92 ,       70 ,       35 ,       78 ,      113 ,      141 ,      132 ,       26 ,       97 ,      140 ,        2 ,       89 ,      125 ,        7 ,       49 ,      127 ,       96 ,      108 ,       15 ,      105 ,       37 ,      147 ,       63 ,      124 ,       24 ,       65 ,       94 ,       98 ,       79 ,      120 ,       69 ,      138 ,      112 ,       12 ,       48 ,       74 ,       27 ,       19 ,        6 ,       17 ,       76 ,       85 ,       28 ,       88 ,      122 ,       23 ,       13 ,      130 ,      116 ,       21 ,      106 ,      100 ,       91 ,       82 ,       31 ,      115 ,       11 ,       51 ,       99 ,      136 ,      135 ,       52 ,      107 ,      143 ,       54 ,      110 ,       39 ,       44 ,       60 ,       59 ,       36 ,       22 ,       40 ,       41 ,       25 ,       30 ,      146 ,        9 ,       67 ,       71 ,       93 ,       87 ,       56 ,       38 ,       47 ,       75 ,       53 ,      119 ,       58 ,       29 ,       46 ,       77 ,      137 ,      131 ,       68 ,      103 ,      133 ,       42 ,       73 ,       45 ,      111 ,      101 ,       72 ,       62 ,       90 ,       95 ,       83 ,       33 ,      118 ,       57 ,       81 ,        3 ,      117 ,      128 ,       84 ,       16 ,        5 ,      114 ,      126 ,      142 ,      104 ,       10 ,      121 ,       64 ,      109 ,       32 ,      149 ,       61 ,        8 ,      144 ,      129 ,        4 ,       86 ,       66 ,      102 ,       18 ,      123 ,       14 ,      139 ,       20 ,        0 , 
