368 , 150 , 10 , 48893 , ILST
      30 ,       65 ,       33 ,      115 ,      116 ,       69 ,       14 ,       64 ,      103 ,       83 ,       99 ,      131 ,      102 ,      101 ,       37 ,      125 ,       63 ,      141 ,       78 ,       94 ,      128 ,      114 ,       80 ,       93 ,      127 ,       41 ,        2 ,       43 ,       55 ,      106 ,      118 ,       31 ,      105 ,      122 ,       16 ,       52 ,       35 ,       68 ,      111 ,        4 ,       85 ,       61 ,      109 ,      148 ,      117 ,       79 ,       66 ,        5 ,      123 ,      144 ,      142 ,        9 ,       72 ,      124 ,       77 ,       89 ,      137 ,       75 ,       50 ,       60 ,       71 ,       40 ,      149 ,       19 ,      119 ,       46 ,       29 ,      135 ,       20 ,       54 ,       96 ,       90 ,       12 ,       82 ,       98 ,       44 ,      104 ,      147 ,      120 ,       91 ,       74 ,       92 ,       49 ,       39 ,       73 ,      100 ,       38 ,      107 ,       58 ,      113 ,       13 ,       48 ,        6 ,        7 ,       76 ,       22 ,       36 ,       23 ,      108 ,       25 ,      126 ,      110 ,       10 ,       62 ,       27 ,        0 ,       11 ,      121 ,      136 ,       15 ,      140 ,       53 ,       95 ,       42 ,       88 ,       70 ,        1 ,       28 ,       86 ,      143 ,       26 ,       45 ,       18 ,       34 ,       84 ,        3 ,       32 ,      132 ,      146 ,       57 ,       67 ,       81 ,       97 ,       24 ,       51 ,      134 ,      130 ,       87 ,      139 ,      145 ,      112 ,      138 ,       59 ,       47 ,      133 ,        8 ,      129 ,       56 ,       21 ,       17 , 
      30 ,       33 ,      116 ,      115 ,       65 ,       69 ,       64 ,      103 ,       83 ,      131 ,       14 ,       99 ,      101 ,      102 ,       37 ,      125 ,      141 ,       63 ,      128 ,       78 ,       94 ,      114 ,       93 ,       80 ,       41 ,       43 ,      127 ,        2 ,       55 ,      106 ,       31 ,      118 ,      105 ,      122 ,       16 ,       68 ,       52 ,       35 ,        4 ,      111 ,       85 ,      109 ,      117 ,       61 ,      148 ,       66 ,       79 ,      123 ,        5 ,      142 ,      144 ,       72 ,        9 ,       89 ,      124 ,       75 ,       77 ,       50 ,       60 ,      137 ,       71 ,       40 ,      149 ,      119 ,       19 ,      135 ,       20 ,       29 ,       46 ,       96 ,       90 ,       54 ,       82 ,       12 ,       44 ,       98 ,      120 ,      104 ,      147 ,       92 ,       49 ,       91 ,       74 ,       39 ,      100 ,       73 ,      107 ,      113 ,       38 ,       58 ,       48 ,        7 ,       76 ,       13 ,       36 ,        6 ,       22 ,       25 ,       23 ,      108 ,      126 ,       10 ,       62 ,      110 ,       27 ,        0 ,      121 ,       11 ,      136 ,       15 ,       53 ,      140 ,       95 ,       42 ,        1 ,       28 ,       88 ,       70 ,       86 ,      143 ,       45 ,       26 ,       34 ,        3 ,       18 ,       84 ,      132 ,       57 ,       32 ,      146 ,       67 ,       81 ,       51 ,       24 ,      134 ,       97 ,      130 ,      139 ,       87 ,      145 ,      112 ,       59 ,       47 ,        8 ,      138 ,      133 ,      129 ,       17 ,       21 ,       56 , 
      30 ,      116 ,       33 ,      115 ,       65 ,       69 ,      103 ,      131 ,       14 ,       64 ,       83 ,       99 ,      102 ,      101 ,      125 ,       63 ,      141 ,       37 ,      128 ,      114 ,       78 ,       93 ,       94 ,       43 ,       80 ,       41 ,       55 ,        2 ,      127 ,      118 ,       31 ,      106 ,      105 ,       68 ,       16 ,      122 ,       52 ,       35 ,        4 ,       85 ,      117 ,      111 ,      109 ,      148 ,       79 ,       61 ,       66 ,      123 ,        5 ,      142 ,      144 ,       72 ,      124 ,       75 ,       89 ,       77 ,        9 ,       50 ,       71 ,       60 ,      137 ,       40 ,      149 ,      119 ,       19 ,      135 ,       29 ,       96 ,       20 ,       46 ,       90 ,       82 ,       54 ,       44 ,       98 ,       12 ,      147 ,      104 ,      120 ,       49 ,       74 ,       91 ,       92 ,      107 ,      100 ,       39 ,      113 ,       73 ,       58 ,       38 ,       48 ,        7 ,       13 ,       76 ,       36 ,       22 ,        6 ,       23 ,       25 ,      108 ,      126 ,       10 ,       27 ,      110 ,        0 ,       62 ,      136 ,      121 ,       11 ,       15 ,       53 ,       42 ,       95 ,      140 ,        1 ,       88 ,       28 ,      143 ,       70 ,       45 ,       86 ,       26 ,       18 ,       84 ,       34 ,        3 ,      132 ,       57 ,       32 ,      146 ,       24 ,       81 ,       67 ,       51 ,       97 ,       59 ,      112 ,      134 ,      130 ,      145 ,      139 ,       87 ,       47 ,        8 ,      133 ,       17 ,      138 ,       21 ,       56 ,      129 , 
      30 ,       33 ,      116 ,      115 ,       69 ,       65 ,      103 ,       14 ,       83 ,      131 ,       64 ,      102 ,      101 ,       99 ,       63 ,      125 ,      141 ,      114 ,      128 ,       37 ,       93 ,       78 ,       94 ,       41 ,       55 ,       80 ,      127 ,      118 ,       31 ,       43 ,        2 ,      106 ,       68 ,      105 ,       16 ,       52 ,        4 ,      122 ,       35 ,      117 ,      111 ,       85 ,      109 ,       61 ,      148 ,       79 ,      123 ,      142 ,       66 ,        5 ,       72 ,      144 ,      124 ,       75 ,       77 ,        9 ,       89 ,       71 ,      137 ,       50 ,       40 ,      119 ,       60 ,       29 ,       19 ,      135 ,      149 ,       96 ,       46 ,       20 ,       54 ,       90 ,       82 ,       98 ,       44 ,       12 ,      104 ,      147 ,      120 ,       74 ,       49 ,       91 ,      107 ,      100 ,       92 ,      113 ,       39 ,       73 ,       58 ,       48 ,       38 ,       76 ,        7 ,       36 ,       13 ,       22 ,        6 ,      108 ,       25 ,       23 ,      126 ,       10 ,       27 ,        0 ,      110 ,      136 ,       62 ,      121 ,       11 ,       42 ,       53 ,       15 ,      140 ,       88 ,       28 ,       95 ,        1 ,       45 ,      143 ,       26 ,       18 ,       70 ,       86 ,       84 ,       34 ,        3 ,      132 ,       32 ,      146 ,       57 ,       67 ,       24 ,       97 ,       81 ,       59 ,       51 ,      112 ,      130 ,      134 ,       87 ,      145 ,        8 ,       47 ,      139 ,       17 ,      138 ,       21 ,      133 ,      129 ,       56 , 
      30 ,       33 ,      116 ,      115 ,      103 ,       69 ,       65 ,       14 ,       83 ,       64 ,      131 ,      102 ,      101 ,       99 ,      125 ,       63 ,      114 ,      141 ,      128 ,       93 ,       37 ,       78 ,       41 ,       94 ,       55 ,       80 ,      127 ,      118 ,       31 ,      106 ,        2 ,       68 ,       43 ,       16 ,        4 ,      122 ,      105 ,       52 ,       35 ,      111 ,      117 ,       85 ,      109 ,      148 ,       61 ,      142 ,       79 ,      123 ,        5 ,       66 ,       72 ,      124 ,       75 ,       77 ,      144 ,       71 ,       89 ,        9 ,      137 ,       50 ,      119 ,       60 ,       40 ,      135 ,       29 ,       19 ,       96 ,       20 ,       54 ,       46 ,      149 ,       90 ,       82 ,       98 ,       12 ,      147 ,       44 ,      104 ,       49 ,       74 ,      120 ,      100 ,      107 ,       91 ,      113 ,       92 ,       39 ,       73 ,       48 ,       58 ,       38 ,       76 ,        7 ,       13 ,       36 ,       22 ,        6 ,       25 ,      108 ,       10 ,      126 ,        0 ,       23 ,      136 ,       27 ,      110 ,      121 ,       42 ,       53 ,       62 ,       11 ,       15 ,       88 ,      140 ,       95 ,       28 ,        1 ,      143 ,       26 ,       45 ,       70 ,       86 ,       18 ,       34 ,       84 ,        3 ,      132 ,       57 ,       32 ,      146 ,       97 ,       24 ,       67 ,       59 ,       81 ,       51 ,      130 ,      112 ,      145 ,      134 ,       47 ,       87 ,        8 ,      139 ,       17 ,      138 ,      129 ,       56 ,      133 ,       21 , 
     116 ,       30 ,       33 ,       69 ,      115 ,      103 ,       83 ,       65 ,       14 ,      131 ,       64 ,      102 ,       99 ,      101 ,      125 ,       63 ,      114 ,      141 ,       93 ,       78 ,       37 ,      128 ,       41 ,       55 ,      127 ,       80 ,       31 ,       94 ,        2 ,      118 ,       68 ,      106 ,       43 ,       16 ,      105 ,      122 ,        4 ,       52 ,      111 ,      117 ,       85 ,      109 ,       35 ,       61 ,      123 ,       79 ,      148 ,      142 ,        5 ,       66 ,       72 ,      124 ,       75 ,      137 ,       71 ,       89 ,        9 ,      144 ,      119 ,       77 ,       60 ,       40 ,       29 ,       50 ,      135 ,       96 ,       54 ,       19 ,       20 ,      149 ,       46 ,       82 ,       90 ,      120 ,       44 ,      147 ,       12 ,       74 ,       98 ,      100 ,      107 ,       49 ,       91 ,       92 ,      104 ,      113 ,       48 ,       39 ,       73 ,       58 ,       38 ,       76 ,        7 ,       36 ,       13 ,        6 ,       22 ,      108 ,      126 ,       25 ,       10 ,      136 ,        0 ,       23 ,       27 ,      110 ,       42 ,      121 ,       11 ,       53 ,       62 ,       15 ,       88 ,      140 ,       95 ,       28 ,      143 ,        1 ,       45 ,       18 ,       26 ,       84 ,       70 ,        3 ,       34 ,       86 ,       32 ,      132 ,       57 ,      146 ,       97 ,       51 ,      112 ,       67 ,       24 ,       81 ,       59 ,      130 ,       47 ,      134 ,      139 ,       87 ,      145 ,       17 ,        8 ,      129 ,      138 ,       56 ,       21 ,      133 , 
      30 ,      116 ,       33 ,       69 ,      115 ,      103 ,       65 ,       83 ,      131 ,       64 ,       14 ,       99 ,      125 ,       63 ,      102 ,      101 ,      114 ,      141 ,       37 ,       93 ,       78 ,      128 ,       41 ,      127 ,       80 ,       94 ,       55 ,       31 ,        2 ,      118 ,       68 ,       43 ,      106 ,      105 ,       16 ,      122 ,        4 ,      111 ,      117 ,       52 ,      109 ,       85 ,       35 ,       61 ,       79 ,      123 ,      148 ,       66 ,      142 ,        5 ,       72 ,      124 ,       71 ,       75 ,      137 ,       89 ,        9 ,       77 ,      119 ,      144 ,       29 ,       60 ,       40 ,       50 ,       96 ,      135 ,       19 ,       20 ,       54 ,      149 ,       82 ,       90 ,       46 ,      120 ,       44 ,       12 ,       74 ,      147 ,       98 ,      100 ,      107 ,       49 ,       92 ,       91 ,      113 ,      104 ,       48 ,       73 ,       58 ,       39 ,       76 ,       38 ,        7 ,        6 ,       13 ,       36 ,       22 ,      108 ,      126 ,      136 ,       25 ,        0 ,       27 ,       10 ,       23 ,      121 ,      110 ,       11 ,       42 ,       53 ,       15 ,       62 ,       88 ,      140 ,       95 ,       28 ,      143 ,       45 ,        1 ,       84 ,       70 ,       18 ,        3 ,       86 ,       26 ,       32 ,       34 ,      132 ,      146 ,       57 ,       97 ,      112 ,       67 ,       51 ,       24 ,      130 ,       59 ,       81 ,       47 ,       87 ,      139 ,      138 ,        8 ,      129 ,       56 ,      134 ,       17 ,      145 ,       21 ,      133 , 
      30 ,      116 ,       69 ,       33 ,      115 ,      103 ,       65 ,       64 ,       83 ,       14 ,      125 ,      131 ,      102 ,       99 ,       63 ,      114 ,      101 ,      141 ,       37 ,       78 ,       93 ,      127 ,      128 ,       94 ,       41 ,       80 ,        2 ,      118 ,       31 ,       55 ,      106 ,       43 ,       68 ,      105 ,       16 ,      122 ,        4 ,      111 ,      117 ,       85 ,       52 ,      109 ,       35 ,       61 ,      148 ,       79 ,      123 ,       66 ,        5 ,      142 ,       72 ,       71 ,      124 ,       75 ,       89 ,      137 ,       77 ,      144 ,        9 ,      119 ,       60 ,       40 ,       29 ,       50 ,       96 ,      135 ,       19 ,       54 ,       20 ,       82 ,      149 ,       90 ,       46 ,      120 ,       44 ,       12 ,      147 ,       74 ,      100 ,       98 ,       49 ,      107 ,       92 ,      104 ,      113 ,       48 ,       91 ,       73 ,       39 ,       58 ,        7 ,       76 ,       38 ,       36 ,        6 ,       13 ,      126 ,       22 ,      108 ,      136 ,       27 ,       25 ,       10 ,        0 ,       23 ,      121 ,       42 ,       11 ,      110 ,       53 ,       15 ,       62 ,      140 ,       28 ,       88 ,       95 ,       45 ,      143 ,       84 ,       70 ,        1 ,       18 ,       86 ,       26 ,        3 ,       32 ,      132 ,       57 ,      146 ,       34 ,       97 ,      112 ,       51 ,      130 ,       24 ,       67 ,       47 ,       59 ,       81 ,       87 ,      139 ,      138 ,      129 ,        8 ,       56 ,      134 ,       21 ,       17 ,      145 ,      133 , 
      30 ,      116 ,       69 ,       33 ,      103 ,       65 ,      115 ,       64 ,       14 ,      131 ,       83 ,      125 ,      102 ,       99 ,       63 ,      114 ,      101 ,       37 ,      141 ,       93 ,       78 ,      127 ,       41 ,      128 ,       94 ,       80 ,        2 ,      118 ,       31 ,       43 ,       55 ,      106 ,       68 ,      105 ,       16 ,      111 ,      117 ,       85 ,       52 ,      122 ,        4 ,      109 ,       35 ,       61 ,      148 ,      123 ,       79 ,       66 ,      142 ,       72 ,        5 ,       71 ,       89 ,      124 ,      137 ,       75 ,      144 ,       77 ,      119 ,        9 ,       29 ,       40 ,       50 ,       60 ,       96 ,       54 ,       20 ,      149 ,      135 ,       19 ,       82 ,      120 ,       46 ,       90 ,      147 ,       98 ,       44 ,       74 ,       12 ,      100 ,       49 ,      104 ,      107 ,      113 ,       48 ,       39 ,       92 ,       73 ,       76 ,       91 ,       58 ,        7 ,        6 ,       36 ,       38 ,      126 ,       13 ,      108 ,       22 ,      136 ,       27 ,        0 ,       25 ,       10 ,      121 ,       42 ,       23 ,       11 ,      110 ,       15 ,       62 ,       53 ,       28 ,      140 ,       45 ,        1 ,      143 ,       84 ,       95 ,       88 ,       18 ,       70 ,        3 ,       86 ,       26 ,      132 ,      146 ,       57 ,       32 ,       97 ,       51 ,       34 ,      130 ,      112 ,       67 ,       47 ,       24 ,       59 ,       81 ,       87 ,      139 ,      138 ,      129 ,        8 ,       56 ,      134 ,       17 ,      145 ,       21 ,      133 , 
      30 ,      116 ,       69 ,       33 ,      115 ,      103 ,       65 ,       64 ,      131 ,      125 ,       14 ,       83 ,       99 ,       63 ,      102 ,      114 ,      141 ,      101 ,       93 ,       37 ,       78 ,      127 ,       41 ,      128 ,       94 ,       80 ,       31 ,        2 ,      118 ,       55 ,       43 ,       68 ,      105 ,      106 ,      117 ,       16 ,      111 ,       52 ,       85 ,      122 ,        4 ,      109 ,       35 ,       61 ,      123 ,      148 ,      142 ,       79 ,       66 ,        5 ,       71 ,       72 ,      137 ,      124 ,       89 ,      144 ,       75 ,      119 ,       29 ,       77 ,        9 ,       40 ,       60 ,       50 ,       54 ,       20 ,       96 ,      149 ,      135 ,       19 ,      120 ,       82 ,       46 ,       90 ,      147 ,       98 ,       74 ,       44 ,       12 ,      100 ,       49 ,      104 ,      107 ,       39 ,       48 ,      113 ,       73 ,       92 ,       76 ,       91 ,        7 ,        6 ,       58 ,       36 ,       38 ,      126 ,       22 ,       13 ,      108 ,       27 ,        0 ,      136 ,       25 ,       10 ,       42 ,      121 ,      110 ,       23 ,       15 ,       11 ,       53 ,       62 ,       28 ,      140 ,       45 ,       84 ,        1 ,       88 ,       95 ,       70 ,      143 ,       18 ,        3 ,      146 ,       86 ,      132 ,       26 ,       57 ,       32 ,       51 ,      130 ,       97 ,      112 ,       59 ,       67 ,       47 ,      129 ,      139 ,       87 ,       34 ,       81 ,       24 ,      138 ,        8 ,       56 ,      134 ,       17 ,       21 ,      145 ,      133 , 
