1352 , 200 , 10 , 145992 , ILST
     103 ,      116 ,      165 ,       17 ,       10 ,      195 ,       85 ,       34 ,       46 ,      111 ,      127 ,      147 ,       24 ,      125 ,       99 ,      196 ,       65 ,      166 ,      109 ,       89 ,      104 ,        9 ,      130 ,      143 ,      170 ,      157 ,       45 ,       82 ,      180 ,      100 ,       25 ,       54 ,       63 ,      199 ,      161 ,       50 ,      141 ,       56 ,      193 ,      132 ,       30 ,       64 ,      144 ,       79 ,       43 ,      158 ,       23 ,       77 ,        0 ,      129 ,       14 ,       88 ,       39 ,      162 ,      190 ,       93 ,       55 ,      114 ,      184 ,       35 ,      122 ,      189 ,      126 ,      154 ,       12 ,      160 ,      179 ,      115 ,      176 ,       60 ,      120 ,      106 ,       36 ,        6 ,       59 ,       87 ,      181 ,       81 ,       44 ,      128 ,       27 ,      117 ,       74 ,       47 ,      178 ,      118 ,       28 ,       80 ,       86 ,       49 ,       83 ,       96 ,       52 ,      192 ,      134 ,       73 ,      186 ,      153 ,      163 ,       33 ,       76 ,      152 ,      159 ,      113 ,      156 ,       97 ,      183 ,        4 ,       53 ,      139 ,      110 ,      142 ,        8 ,      182 ,      140 ,       78 ,       13 ,        1 ,       11 ,       69 ,       42 ,      169 ,      177 ,      135 ,      102 ,      171 ,       71 ,      123 ,       57 ,        3 ,       41 ,       91 ,       84 ,      131 ,       15 ,      188 ,      198 ,       38 ,       19 ,       32 ,      175 ,      150 ,       29 ,      174 ,      148 ,        2 ,       31 ,      145 ,       51 ,      194 ,       48 ,      149 ,       75 ,      168 ,       98 ,      108 ,        5 ,      112 ,       20 ,      151 ,       72 ,      124 ,      155 ,       62 ,       37 ,       68 ,       16 ,       92 ,      197 ,       61 ,      138 ,      107 ,       95 ,       90 ,      187 ,       18 ,       40 ,      172 ,      136 ,      146 ,      137 ,      173 ,      167 ,       26 ,       21 ,      191 ,        7 ,       58 ,       67 ,      164 ,      133 ,       70 ,       66 ,      185 ,       94 ,      105 ,      119 ,      121 ,       22 ,      101 , 
     103 ,      165 ,       10 ,       17 ,      116 ,       34 ,       46 ,       85 ,      195 ,      111 ,      125 ,      127 ,      147 ,       65 ,       24 ,      109 ,       99 ,      196 ,      104 ,      166 ,       89 ,      157 ,      170 ,      130 ,       45 ,        9 ,      143 ,       82 ,      180 ,       54 ,      100 ,       25 ,      161 ,      141 ,       63 ,      132 ,       30 ,      199 ,       64 ,      144 ,      193 ,       50 ,       56 ,       23 ,       77 ,      129 ,       43 ,       14 ,      158 ,        0 ,       79 ,       93 ,      190 ,      162 ,       39 ,       35 ,      122 ,      114 ,      184 ,       55 ,       12 ,       88 ,      126 ,      189 ,      115 ,      179 ,      120 ,      106 ,      176 ,      154 ,       36 ,       59 ,       87 ,      160 ,       60 ,        6 ,      181 ,      128 ,       44 ,       47 ,       81 ,       74 ,       27 ,      118 ,       28 ,       86 ,      117 ,      178 ,       96 ,       80 ,      134 ,       52 ,       83 ,       49 ,       73 ,      163 ,       33 ,      153 ,       76 ,      192 ,      186 ,       97 ,      113 ,        4 ,      156 ,      152 ,      159 ,      139 ,       53 ,      142 ,      183 ,      182 ,        8 ,      110 ,       13 ,       78 ,      140 ,       69 ,        1 ,      135 ,       11 ,      171 ,      177 ,      102 ,      169 ,      123 ,       42 ,       57 ,       41 ,       71 ,      131 ,        3 ,       84 ,       38 ,       91 ,       19 ,       32 ,      188 ,      198 ,      150 ,      175 ,       15 ,      174 ,      148 ,       31 ,        2 ,       51 ,      145 ,       29 ,      168 ,       48 ,       98 ,        5 ,      149 ,      194 ,       20 ,      112 ,      124 ,       75 ,      108 ,      151 ,       68 ,      155 ,       16 ,       37 ,       72 ,      197 ,      107 ,       92 ,       90 ,       62 ,       18 ,       61 ,       40 ,       95 ,      138 ,      187 ,      172 ,      167 ,      136 ,      146 ,      137 ,      173 ,       26 ,        7 ,      164 ,       67 ,       21 ,      191 ,      133 ,       70 ,       94 ,      185 ,      105 ,       58 ,       66 ,      121 ,      119 ,       22 ,      101 , 
     103 ,       17 ,      165 ,       10 ,       34 ,      116 ,      125 ,       85 ,       46 ,      127 ,      195 ,      111 ,      109 ,      196 ,      147 ,       65 ,       24 ,      157 ,      170 ,       99 ,      166 ,      104 ,        9 ,      130 ,       89 ,      143 ,       82 ,       45 ,       54 ,      180 ,       25 ,      100 ,       63 ,      161 ,      132 ,      199 ,      141 ,       50 ,       30 ,      144 ,      193 ,       64 ,       23 ,       77 ,      129 ,       56 ,      158 ,       93 ,      190 ,      162 ,       43 ,       14 ,        0 ,       79 ,       39 ,       35 ,      122 ,      184 ,      114 ,       55 ,      126 ,       12 ,       88 ,      115 ,      179 ,      189 ,      120 ,       59 ,       87 ,       36 ,      106 ,      160 ,      181 ,      176 ,        6 ,      154 ,       81 ,       60 ,       44 ,       27 ,       47 ,      118 ,      128 ,       74 ,      178 ,       80 ,      117 ,       96 ,       83 ,       86 ,       28 ,       49 ,      134 ,      153 ,       33 ,       52 ,      192 ,      186 ,      163 ,       73 ,      156 ,      152 ,      159 ,      113 ,      139 ,       76 ,       97 ,        4 ,       53 ,      182 ,      183 ,      142 ,        8 ,       69 ,       78 ,        1 ,       13 ,       11 ,      140 ,      110 ,      135 ,      177 ,      102 ,       42 ,      171 ,       71 ,      169 ,      123 ,       57 ,       41 ,        3 ,       19 ,       91 ,      131 ,       32 ,      150 ,      188 ,      175 ,      174 ,      198 ,       84 ,      148 ,       15 ,       38 ,       51 ,        2 ,      145 ,      168 ,       31 ,       98 ,       29 ,      149 ,       48 ,      124 ,      112 ,      108 ,      194 ,       20 ,        5 ,       16 ,      155 ,      151 ,       75 ,      197 ,       37 ,       68 ,       62 ,      107 ,       72 ,       90 ,       18 ,       92 ,       95 ,       61 ,       40 ,      138 ,      146 ,      187 ,      172 ,      136 ,      167 ,      173 ,       26 ,        7 ,       21 ,      137 ,       67 ,       94 ,      191 ,      133 ,      164 ,       70 ,      185 ,      121 ,      119 ,      101 ,       58 ,       66 ,      105 ,       22 , 
     103 ,      165 ,      125 ,       17 ,       34 ,      116 ,       10 ,      195 ,       46 ,       85 ,      196 ,      147 ,       65 ,      127 ,       24 ,      109 ,      111 ,      157 ,      170 ,      104 ,      166 ,       99 ,        9 ,       45 ,       89 ,       54 ,      130 ,      143 ,       82 ,      161 ,      100 ,       25 ,      132 ,       63 ,      180 ,      144 ,      199 ,       50 ,      141 ,       64 ,       23 ,       56 ,      193 ,      129 ,       77 ,       30 ,       93 ,       14 ,      158 ,      162 ,       43 ,      190 ,       79 ,      184 ,       35 ,        0 ,       39 ,       55 ,      114 ,      126 ,      122 ,       12 ,      179 ,      189 ,       88 ,      115 ,      106 ,      120 ,       87 ,       36 ,      160 ,      181 ,      154 ,       59 ,        6 ,       44 ,       27 ,      118 ,      176 ,       81 ,       47 ,       60 ,       80 ,      128 ,      178 ,      117 ,       83 ,       74 ,      134 ,       28 ,       96 ,       86 ,       49 ,      153 ,      163 ,      186 ,      192 ,       33 ,       52 ,      152 ,       73 ,      156 ,       97 ,      159 ,      113 ,      139 ,      183 ,       76 ,       53 ,      142 ,        4 ,      182 ,       13 ,       11 ,       69 ,        1 ,        8 ,      140 ,       78 ,      177 ,      171 ,      135 ,      102 ,      110 ,       42 ,       41 ,       71 ,      123 ,      169 ,      131 ,       19 ,       57 ,        3 ,      150 ,       91 ,       32 ,      188 ,      198 ,      175 ,       15 ,       38 ,       84 ,      174 ,       51 ,      148 ,      168 ,       31 ,       98 ,      145 ,        2 ,      124 ,       29 ,      149 ,      108 ,       48 ,       20 ,      112 ,      194 ,       16 ,      155 ,        5 ,      151 ,       37 ,      107 ,       68 ,      197 ,       75 ,       62 ,       92 ,       90 ,       18 ,       72 ,       61 ,      146 ,       40 ,      187 ,      172 ,      138 ,       95 ,        7 ,      136 ,       26 ,      167 ,      137 ,       67 ,      173 ,       94 ,      164 ,       21 ,      185 ,       70 ,      191 ,       58 ,      133 ,      105 ,      119 ,      101 ,      121 ,       66 ,       22 , 
     165 ,      103 ,       10 ,      195 ,       34 ,       17 ,      125 ,      116 ,       85 ,       46 ,      147 ,       65 ,       24 ,      196 ,      127 ,      109 ,      170 ,      157 ,      111 ,      104 ,        9 ,      166 ,       45 ,       99 ,       54 ,       82 ,      143 ,       89 ,      130 ,      161 ,      100 ,       25 ,      132 ,      180 ,      199 ,      144 ,       63 ,       23 ,      141 ,       50 ,       56 ,      129 ,       64 ,      193 ,       77 ,       14 ,       93 ,      162 ,       30 ,      158 ,      190 ,       43 ,        0 ,      184 ,       79 ,      114 ,      122 ,       12 ,      179 ,       35 ,       55 ,      126 ,       39 ,      120 ,       88 ,      189 ,       87 ,      106 ,      115 ,      181 ,      160 ,       36 ,      154 ,       59 ,       44 ,       27 ,        6 ,      118 ,       80 ,       81 ,      176 ,       60 ,       47 ,       83 ,      128 ,      178 ,       74 ,      134 ,       86 ,       96 ,      117 ,      186 ,      153 ,      163 ,       28 ,       49 ,      192 ,      156 ,       33 ,      159 ,       73 ,       52 ,       97 ,      152 ,      183 ,      139 ,      113 ,      182 ,       76 ,       53 ,       69 ,      142 ,        4 ,       13 ,       11 ,      140 ,        8 ,        1 ,      171 ,       78 ,      135 ,      177 ,      110 ,       71 ,       42 ,      102 ,      131 ,       41 ,      169 ,      123 ,       57 ,       19 ,      188 ,       32 ,        3 ,      198 ,       91 ,      150 ,       38 ,      175 ,       15 ,       84 ,      174 ,      168 ,      145 ,       51 ,      124 ,        2 ,      148 ,       98 ,       31 ,       29 ,      149 ,       20 ,      108 ,      155 ,       48 ,       16 ,      194 ,        5 ,      112 ,      151 ,      107 ,      197 ,       68 ,       75 ,       62 ,       37 ,       90 ,       18 ,       72 ,       92 ,      187 ,       61 ,      146 ,       40 ,      172 ,      136 ,        7 ,      138 ,       67 ,      173 ,       95 ,      164 ,      167 ,       26 ,      137 ,      191 ,      185 ,       58 ,       94 ,      133 ,      101 ,       70 ,       21 ,      105 ,       66 ,       22 ,      119 ,      121 , 
     103 ,      165 ,       34 ,      195 ,       10 ,      116 ,      125 ,       17 ,       85 ,       46 ,      147 ,       24 ,       65 ,      170 ,      196 ,      127 ,      109 ,      104 ,      166 ,      111 ,      157 ,       45 ,        9 ,       54 ,       82 ,      161 ,       99 ,      130 ,       89 ,      100 ,       25 ,      143 ,      144 ,      132 ,      180 ,       50 ,      199 ,       56 ,       23 ,       63 ,      141 ,       64 ,       93 ,      129 ,      193 ,      162 ,       14 ,      158 ,       77 ,        0 ,       30 ,       43 ,       79 ,      190 ,      122 ,       12 ,      179 ,      114 ,      184 ,       35 ,       55 ,      120 ,      189 ,       39 ,      126 ,       88 ,      181 ,       87 ,      115 ,       36 ,      106 ,      154 ,      160 ,       59 ,        6 ,       44 ,       81 ,      118 ,       80 ,       47 ,       60 ,       27 ,      176 ,      128 ,      178 ,       83 ,       74 ,       86 ,      134 ,      117 ,       96 ,      186 ,      153 ,       49 ,      192 ,      163 ,       28 ,      159 ,       73 ,      156 ,       52 ,       33 ,      183 ,      139 ,       76 ,      182 ,      152 ,       97 ,      113 ,       53 ,       13 ,       11 ,       69 ,      140 ,      142 ,        4 ,        1 ,      177 ,        8 ,      171 ,       42 ,      102 ,       78 ,      110 ,      135 ,       41 ,      131 ,       57 ,       71 ,       19 ,      188 ,      123 ,        3 ,      169 ,      198 ,      175 ,       91 ,       32 ,       84 ,       38 ,      150 ,      168 ,       15 ,        2 ,       51 ,      174 ,      145 ,      124 ,       98 ,       20 ,       31 ,      148 ,       29 ,      149 ,       16 ,      108 ,       48 ,      155 ,      151 ,      194 ,        5 ,      107 ,      197 ,       68 ,      112 ,       37 ,       18 ,       62 ,       75 ,       61 ,       72 ,      187 ,       90 ,       92 ,        7 ,      146 ,       40 ,      136 ,       95 ,      173 ,      172 ,      138 ,      164 ,       67 ,       26 ,      191 ,      185 ,      167 ,       94 ,      137 ,       58 ,       21 ,      101 ,      105 ,      133 ,      119 ,       70 ,       22 ,       66 ,      121 , 
     103 ,       34 ,      195 ,      165 ,       10 ,       17 ,      125 ,       85 ,      116 ,       46 ,      147 ,      196 ,       65 ,      170 ,       24 ,      111 ,      109 ,      166 ,      127 ,      104 ,       82 ,      157 ,       54 ,       45 ,        9 ,       99 ,       25 ,      161 ,      144 ,      143 ,       89 ,      130 ,      132 ,      100 ,       50 ,       56 ,      180 ,       63 ,       23 ,      199 ,      141 ,       64 ,      162 ,       93 ,      193 ,      158 ,      129 ,       14 ,       43 ,       77 ,        0 ,       12 ,      190 ,       79 ,       30 ,      184 ,      114 ,       55 ,      179 ,      122 ,      189 ,      120 ,       35 ,       39 ,       88 ,      181 ,       87 ,      126 ,      115 ,      154 ,      106 ,      160 ,       81 ,        6 ,       36 ,       59 ,       44 ,       80 ,       47 ,      118 ,      128 ,      176 ,       60 ,       74 ,       83 ,       27 ,      178 ,       86 ,      117 ,      153 ,      134 ,      192 ,       96 ,      186 ,       49 ,      163 ,       52 ,       28 ,      156 ,      159 ,       73 ,      183 ,      182 ,      139 ,       33 ,       97 ,       53 ,       76 ,      152 ,       11 ,       13 ,      113 ,      140 ,      142 ,       69 ,        1 ,        8 ,        4 ,      177 ,      102 ,      171 ,       42 ,       41 ,       78 ,      110 ,      135 ,       19 ,      188 ,      131 ,        3 ,       71 ,       57 ,      169 ,      175 ,      123 ,      198 ,       32 ,       91 ,       38 ,      150 ,       84 ,      168 ,      145 ,       51 ,       15 ,        2 ,      174 ,      124 ,      148 ,      149 ,       20 ,       31 ,       48 ,       98 ,      108 ,      194 ,      155 ,       16 ,       29 ,      197 ,        5 ,      151 ,      107 ,       68 ,       18 ,      112 ,       61 ,       37 ,       62 ,       75 ,        7 ,       92 ,       90 ,      187 ,       72 ,       95 ,      146 ,       40 ,      173 ,      172 ,       26 ,       67 ,      138 ,      136 ,      185 ,      191 ,      167 ,      164 ,       58 ,      133 ,       94 ,      101 ,      105 ,       22 ,       21 ,      137 ,      119 ,       70 ,       66 ,      121 , 
     103 ,       34 ,      195 ,       17 ,      165 ,      125 ,       10 ,      116 ,       85 ,      170 ,       24 ,      147 ,       46 ,      196 ,      111 ,       65 ,      127 ,       82 ,      109 ,      166 ,       54 ,      104 ,        9 ,       45 ,       99 ,      157 ,      161 ,      144 ,      132 ,      130 ,       25 ,      100 ,      143 ,       89 ,       50 ,      180 ,      141 ,       56 ,      199 ,       63 ,       64 ,      193 ,       23 ,      162 ,       93 ,       43 ,      129 ,      158 ,        0 ,       14 ,      190 ,       79 ,       12 ,       77 ,      179 ,       55 ,      114 ,      122 ,       30 ,      184 ,       35 ,      120 ,      181 ,       88 ,      115 ,      189 ,       39 ,      106 ,       87 ,      126 ,       36 ,      154 ,        6 ,       81 ,      160 ,       80 ,       59 ,       44 ,      176 ,       47 ,      128 ,      118 ,       74 ,       60 ,      178 ,       83 ,       27 ,       86 ,      134 ,      117 ,       49 ,      153 ,      192 ,       28 ,      156 ,       96 ,      163 ,      186 ,      159 ,      182 ,       33 ,      139 ,       52 ,       53 ,      183 ,       11 ,       73 ,       97 ,       76 ,      152 ,      113 ,      140 ,       13 ,      142 ,        8 ,        4 ,       69 ,      171 ,        1 ,       78 ,       41 ,      102 ,      177 ,      135 ,       19 ,       42 ,      110 ,      188 ,       71 ,        3 ,      131 ,      169 ,       57 ,       91 ,      198 ,      123 ,      175 ,       32 ,       84 ,      150 ,       38 ,        2 ,       15 ,      145 ,      168 ,      148 ,      149 ,      124 ,       51 ,       20 ,      174 ,       98 ,       31 ,      108 ,       16 ,       48 ,      197 ,      155 ,      107 ,      194 ,        5 ,       29 ,       18 ,      151 ,       68 ,       61 ,       37 ,      112 ,       90 ,       92 ,       75 ,        7 ,       62 ,      187 ,       40 ,       72 ,       95 ,      172 ,      146 ,      173 ,      185 ,       67 ,      138 ,       26 ,      191 ,      136 ,       94 ,       58 ,      167 ,      164 ,      105 ,       66 ,      101 ,      133 ,      119 ,       22 ,       70 ,       21 ,      121 ,      137 , 
     195 ,      165 ,       17 ,      103 ,       34 ,      125 ,      116 ,       10 ,       24 ,       46 ,       85 ,      170 ,      111 ,      147 ,      196 ,       65 ,       54 ,       82 ,        9 ,      127 ,      109 ,       45 ,       99 ,      166 ,      144 ,      104 ,       25 ,      130 ,      161 ,      132 ,      157 ,      143 ,      100 ,       50 ,       89 ,      180 ,      199 ,       56 ,       64 ,      141 ,      193 ,       63 ,       23 ,      162 ,       93 ,       43 ,      158 ,       14 ,      129 ,        0 ,      179 ,       55 ,       79 ,       77 ,      190 ,       12 ,      122 ,       35 ,      114 ,       30 ,      184 ,      189 ,      181 ,      120 ,       88 ,       87 ,      106 ,      126 ,       39 ,      115 ,      154 ,       80 ,        6 ,       36 ,       81 ,       44 ,       47 ,       59 ,      160 ,       74 ,      128 ,      176 ,      118 ,       60 ,      178 ,      134 ,       83 ,       27 ,       86 ,      192 ,      156 ,      117 ,      153 ,       96 ,      159 ,       49 ,       28 ,      163 ,      139 ,      182 ,       53 ,      186 ,       52 ,      183 ,      142 ,       76 ,       97 ,       73 ,      152 ,      140 ,       33 ,       11 ,      113 ,       13 ,        4 ,        8 ,      171 ,       78 ,       41 ,       69 ,        1 ,      102 ,      135 ,      177 ,       42 ,       71 ,       19 ,      110 ,       57 ,      188 ,      169 ,        3 ,      123 ,       91 ,      131 ,      198 ,       32 ,      150 ,      175 ,       84 ,        2 ,      145 ,       15 ,      149 ,       38 ,      148 ,      174 ,      168 ,      124 ,       31 ,       98 ,       51 ,       20 ,       16 ,       48 ,      108 ,      107 ,      194 ,        5 ,      155 ,       29 ,      197 ,       18 ,      151 ,      112 ,       68 ,       90 ,       61 ,       62 ,       37 ,       92 ,        7 ,       75 ,       72 ,       40 ,      172 ,      146 ,      187 ,      138 ,       95 ,      191 ,      173 ,       67 ,      185 ,       26 ,      164 ,      136 ,      105 ,       58 ,       94 ,      167 ,      119 ,       70 ,      101 ,      121 ,       22 ,       66 ,       21 ,      133 ,      137 , 
     165 ,      195 ,      103 ,       34 ,       17 ,      116 ,      125 ,       10 ,       24 ,       46 ,      170 ,       85 ,      196 ,      147 ,      111 ,       82 ,       54 ,       65 ,      127 ,       99 ,        9 ,      109 ,       45 ,      104 ,      144 ,      132 ,      161 ,       25 ,      130 ,      100 ,       89 ,      166 ,      143 ,      157 ,      180 ,       50 ,       56 ,       63 ,       64 ,      199 ,       23 ,      193 ,      162 ,      141 ,       14 ,       93 ,      158 ,      129 ,       43 ,       79 ,        0 ,       55 ,      179 ,       35 ,      122 ,      114 ,       77 ,       12 ,       30 ,      181 ,      190 ,      189 ,      120 ,      184 ,       39 ,       87 ,       88 ,      126 ,      115 ,      154 ,      106 ,       81 ,       36 ,       80 ,      160 ,       59 ,       44 ,        6 ,      176 ,       47 ,       74 ,      118 ,      178 ,       60 ,      128 ,       83 ,      134 ,       27 ,      153 ,       86 ,      117 ,      192 ,      156 ,      163 ,       96 ,       49 ,      159 ,       28 ,       52 ,      182 ,      139 ,       76 ,       53 ,      183 ,       97 ,      186 ,       73 ,      142 ,      152 ,       13 ,        4 ,      140 ,       33 ,        8 ,       11 ,      113 ,       78 ,      171 ,       41 ,      135 ,       42 ,       71 ,      102 ,        1 ,       19 ,      110 ,       69 ,      188 ,      123 ,      177 ,       57 ,      131 ,       32 ,       91 ,        3 ,      198 ,      169 ,        2 ,      150 ,      175 ,      145 ,       38 ,       84 ,       15 ,      149 ,      148 ,      174 ,      168 ,       98 ,       20 ,      124 ,       51 ,       31 ,       48 ,       16 ,      155 ,      108 ,      107 ,      197 ,      194 ,       18 ,        5 ,       29 ,      151 ,       62 ,       90 ,       61 ,      112 ,       37 ,       68 ,       92 ,       75 ,        7 ,      187 ,       72 ,       40 ,      146 ,      172 ,      138 ,       95 ,       67 ,      185 ,      136 ,      173 ,      164 ,      191 ,       58 ,       26 ,       94 ,      105 ,      101 ,      119 ,       70 ,       22 ,       66 ,       21 ,      133 ,      137 ,      121 ,      167 , 
