388 , 150 , 10 , 0 , IGT
     134 ,       25 ,      140 ,       92 ,       95 ,       91 ,        9 ,        6 ,       19 ,      126 ,      110 ,       63 ,       61 ,       80 ,       71 ,       51 ,        5 ,      122 ,       33 ,       94 ,      117 ,       69 ,       40 ,       82 ,      112 ,       44 ,        3 ,      148 ,      102 ,      121 ,       86 ,      145 ,       99 ,       77 ,        7 ,      131 ,       88 ,      132 ,       78 ,      101 ,       13 ,       41 ,       28 ,        0 ,       75 ,       64 ,       29 ,       17 ,       43 ,      149 ,       37 ,       97 ,       58 ,      124 ,      141 ,       57 ,       85 ,       21 ,      106 ,       23 ,      147 ,      111 ,       16 ,       15 ,       32 ,       67 ,      118 ,        1 ,       26 ,      136 ,       68 ,       11 ,       84 ,      113 ,      105 ,       52 ,      103 ,        8 ,       49 ,       87 ,      123 ,      109 ,      137 ,       22 ,       36 ,      120 ,       42 ,       30 ,       96 ,       35 ,      128 ,      143 ,      135 ,      142 ,      107 ,       24 ,       50 ,       18 ,       81 ,      130 ,       48 ,       65 ,      125 ,       60 ,       76 ,       47 ,       10 ,       45 ,      114 ,      146 ,       38 ,      144 ,       20 ,       83 ,       72 ,       46 ,       12 ,      138 ,      115 ,       56 ,      100 ,        2 ,       90 ,      139 ,       39 ,       79 ,      119 ,      104 ,       34 ,       62 ,       31 ,        4 ,       70 ,       98 ,      116 ,      133 ,       14 ,       59 ,       53 ,       27 ,       73 ,      127 ,      129 ,       93 ,      108 ,       55 ,       66 ,       54 ,       74 ,       89 , 
     140 ,      134 ,       25 ,       91 ,       92 ,        6 ,       95 ,        9 ,       19 ,      126 ,       63 ,       80 ,      110 ,       51 ,       61 ,       71 ,        5 ,      122 ,      117 ,       33 ,       94 ,       82 ,       40 ,       69 ,      112 ,      148 ,       44 ,      102 ,       86 ,        3 ,      121 ,       99 ,      145 ,       77 ,        7 ,      132 ,      131 ,       88 ,       13 ,       78 ,      101 ,        0 ,       28 ,       41 ,       64 ,       17 ,       43 ,       75 ,       37 ,      149 ,       29 ,       97 ,       58 ,       57 ,      124 ,       21 ,      141 ,       23 ,      106 ,       85 ,      147 ,       15 ,       32 ,       16 ,      111 ,        1 ,      118 ,      136 ,       67 ,       26 ,       11 ,      113 ,       68 ,       84 ,      105 ,       52 ,      103 ,        8 ,       49 ,       87 ,      109 ,      137 ,       22 ,      123 ,       42 ,      120 ,       96 ,       36 ,       35 ,      143 ,       30 ,      135 ,      128 ,       24 ,       50 ,      142 ,      107 ,      130 ,       81 ,       48 ,       18 ,       60 ,       65 ,      125 ,       76 ,       10 ,       47 ,      146 ,      114 ,       38 ,       20 ,       45 ,      144 ,       83 ,       72 ,       46 ,      138 ,      115 ,       12 ,      100 ,       56 ,        2 ,      139 ,       39 ,       90 ,       79 ,      119 ,      104 ,       62 ,        4 ,       34 ,       98 ,      116 ,       70 ,      133 ,       31 ,       53 ,       59 ,       14 ,      127 ,       73 ,       27 ,       93 ,      108 ,      129 ,       55 ,       54 ,       89 ,       74 ,       66 , 
     140 ,       25 ,       91 ,      134 ,       92 ,        6 ,        9 ,       95 ,      126 ,       19 ,       63 ,      110 ,       80 ,       71 ,       51 ,       61 ,      117 ,      122 ,        5 ,       94 ,       82 ,       40 ,       33 ,      148 ,       69 ,      112 ,       44 ,       86 ,      102 ,        3 ,      121 ,       77 ,       99 ,      132 ,      145 ,        7 ,       88 ,      131 ,       78 ,       13 ,      101 ,       41 ,        0 ,       28 ,       64 ,       75 ,       43 ,       17 ,       37 ,       97 ,       58 ,      149 ,       29 ,      124 ,      141 ,       57 ,       21 ,      106 ,       23 ,       85 ,       15 ,      147 ,       16 ,       32 ,      111 ,      118 ,        1 ,      136 ,       67 ,       26 ,       68 ,       84 ,       11 ,      113 ,       52 ,      105 ,      103 ,        8 ,       87 ,       49 ,      109 ,      123 ,       22 ,      137 ,       42 ,       36 ,      120 ,       96 ,       30 ,       35 ,      143 ,       24 ,       50 ,      135 ,      107 ,      128 ,      142 ,       48 ,      130 ,       18 ,       60 ,       81 ,      125 ,       65 ,       76 ,       10 ,      146 ,       38 ,       47 ,      114 ,       20 ,       45 ,      144 ,       83 ,       72 ,       46 ,      138 ,      100 ,      115 ,       12 ,        2 ,       56 ,      139 ,       90 ,       39 ,       79 ,      104 ,        4 ,      119 ,       34 ,       62 ,      116 ,       98 ,      133 ,       70 ,       31 ,       53 ,       14 ,       73 ,       59 ,      127 ,       27 ,      129 ,       93 ,       55 ,      108 ,       89 ,       74 ,       54 ,       66 , 
     140 ,       91 ,       25 ,      134 ,        9 ,        6 ,       95 ,       92 ,       19 ,       63 ,      126 ,      110 ,       80 ,       61 ,       71 ,       51 ,      122 ,      117 ,        5 ,       94 ,       40 ,       82 ,       33 ,      148 ,       44 ,      112 ,       69 ,        3 ,       86 ,      102 ,       99 ,       77 ,      132 ,      121 ,        7 ,      131 ,       88 ,       13 ,       78 ,      145 ,        0 ,      101 ,       28 ,       41 ,       64 ,       17 ,       75 ,       43 ,       58 ,      149 ,       37 ,      124 ,       97 ,       29 ,       21 ,       57 ,       23 ,      141 ,       85 ,      106 ,       15 ,       16 ,      147 ,       32 ,      111 ,      118 ,        1 ,      136 ,       26 ,       68 ,       11 ,       84 ,       67 ,      113 ,       52 ,      103 ,      105 ,        8 ,       87 ,       49 ,      109 ,       22 ,      123 ,      137 ,       36 ,       42 ,       30 ,       96 ,      120 ,       24 ,       35 ,      143 ,      107 ,      135 ,       50 ,      128 ,       48 ,      142 ,      130 ,       60 ,       81 ,       18 ,       65 ,       10 ,      125 ,       76 ,       47 ,       38 ,       20 ,      114 ,      146 ,      144 ,       45 ,       72 ,       83 ,      138 ,       46 ,       12 ,      115 ,      100 ,       56 ,        2 ,      139 ,       90 ,      104 ,       79 ,      119 ,       34 ,       62 ,       39 ,      116 ,       98 ,       70 ,       31 ,      133 ,        4 ,       14 ,       59 ,       53 ,       73 ,      127 ,       93 ,       27 ,      129 ,       55 ,       89 ,      108 ,       74 ,       66 ,       54 , 
     140 ,       91 ,       25 ,      134 ,        6 ,        9 ,       95 ,       92 ,       63 ,      126 ,      110 ,       19 ,       80 ,       71 ,       61 ,      122 ,      117 ,        5 ,       51 ,       40 ,       94 ,       82 ,       44 ,      148 ,      112 ,       33 ,       86 ,      102 ,       69 ,        3 ,      132 ,      121 ,        7 ,       99 ,       77 ,       13 ,       78 ,      145 ,      131 ,       88 ,       28 ,       41 ,        0 ,      101 ,       64 ,       75 ,       17 ,       43 ,       58 ,      124 ,       97 ,       29 ,      149 ,       37 ,       21 ,       23 ,       57 ,      106 ,      141 ,       85 ,       15 ,      147 ,       16 ,      111 ,      118 ,       32 ,       26 ,        1 ,       11 ,      136 ,       68 ,       67 ,       52 ,      113 ,       84 ,      103 ,      105 ,        8 ,       87 ,       49 ,      109 ,       22 ,      123 ,       36 ,      137 ,       42 ,       96 ,       30 ,       24 ,       35 ,      120 ,      107 ,      143 ,      135 ,       50 ,      142 ,      128 ,       48 ,       60 ,      130 ,       18 ,       81 ,       65 ,       10 ,      125 ,       76 ,       20 ,       47 ,       38 ,      144 ,      114 ,      146 ,       83 ,       45 ,       72 ,      138 ,      115 ,       12 ,       46 ,       56 ,      100 ,        2 ,       90 ,      104 ,      119 ,      139 ,       79 ,       62 ,       34 ,       39 ,      116 ,       98 ,       70 ,      133 ,       31 ,        4 ,       14 ,       59 ,       73 ,      127 ,       53 ,      129 ,       93 ,       27 ,       55 ,       89 ,       66 ,       74 ,      108 ,       54 , 
     140 ,       91 ,       25 ,      134 ,        6 ,       92 ,        9 ,       95 ,       63 ,      110 ,      126 ,       19 ,       71 ,       80 ,      122 ,       51 ,        5 ,       61 ,      117 ,       94 ,       82 ,      148 ,       44 ,       40 ,       33 ,      112 ,      102 ,       86 ,      132 ,       69 ,        3 ,        7 ,       77 ,      121 ,       13 ,       99 ,      131 ,      145 ,       78 ,       88 ,       28 ,        0 ,      101 ,       41 ,       17 ,       64 ,       75 ,       43 ,       58 ,       97 ,      124 ,       37 ,       29 ,      149 ,       23 ,       57 ,      106 ,       85 ,      141 ,       15 ,       21 ,       16 ,      118 ,       32 ,      147 ,      111 ,        1 ,       26 ,       11 ,       68 ,      136 ,       67 ,      113 ,      103 ,       52 ,       84 ,        8 ,      105 ,       87 ,       49 ,      109 ,       36 ,       22 ,      123 ,       96 ,       30 ,      137 ,       42 ,       35 ,       24 ,      120 ,      135 ,      107 ,      142 ,      143 ,       50 ,      128 ,      130 ,       48 ,       60 ,       81 ,       10 ,       18 ,      125 ,       65 ,       47 ,       76 ,      144 ,       20 ,       38 ,      146 ,      114 ,       83 ,      138 ,       45 ,       72 ,       12 ,      115 ,       46 ,       56 ,        2 ,      104 ,      100 ,      119 ,       90 ,       79 ,       62 ,      139 ,       34 ,       39 ,      116 ,       70 ,       98 ,      133 ,       31 ,        4 ,       59 ,       14 ,       73 ,      127 ,       53 ,      129 ,       93 ,       55 ,       66 ,       89 ,       27 ,       74 ,      108 ,       54 , 
     140 ,       25 ,       91 ,       92 ,      134 ,        6 ,        9 ,       63 ,       95 ,       19 ,      126 ,      110 ,      122 ,       71 ,        5 ,       80 ,       51 ,       61 ,      117 ,       82 ,      148 ,       94 ,       44 ,       33 ,       40 ,      112 ,       86 ,      132 ,        3 ,      102 ,       69 ,        7 ,       77 ,       99 ,      131 ,      121 ,      145 ,       13 ,       88 ,       78 ,       28 ,        0 ,      101 ,       41 ,       75 ,       17 ,       43 ,       64 ,       58 ,       97 ,      124 ,      149 ,       29 ,       37 ,      106 ,       85 ,      141 ,       23 ,       57 ,       15 ,      118 ,       16 ,       21 ,      147 ,        1 ,      111 ,       32 ,       26 ,       11 ,      136 ,       68 ,      103 ,       67 ,      113 ,       84 ,       52 ,      105 ,        8 ,       49 ,       87 ,      109 ,       36 ,       22 ,       96 ,      123 ,      137 ,       42 ,       35 ,       30 ,      120 ,       24 ,      107 ,      135 ,      142 ,      143 ,      130 ,      128 ,       50 ,       48 ,       60 ,       18 ,       81 ,       10 ,      125 ,       65 ,       47 ,       76 ,       20 ,       38 ,      146 ,       83 ,      144 ,       45 ,      114 ,      138 ,       72 ,       12 ,       46 ,        2 ,      115 ,       56 ,      104 ,      100 ,       90 ,      119 ,      139 ,       34 ,       62 ,       79 ,       39 ,       70 ,      116 ,       98 ,      133 ,       31 ,        4 ,       59 ,      127 ,       53 ,       73 ,       93 ,      129 ,       14 ,       89 ,       66 ,       55 ,       27 ,       74 ,       54 ,      108 , 
     140 ,       25 ,       91 ,       92 ,        6 ,      134 ,        9 ,       95 ,       63 ,      126 ,       19 ,      110 ,       71 ,        5 ,      122 ,       80 ,       51 ,       61 ,      117 ,       94 ,       82 ,      148 ,       44 ,       33 ,       40 ,       86 ,      112 ,      102 ,        3 ,      132 ,        7 ,       69 ,       99 ,      121 ,      145 ,       13 ,       77 ,      131 ,       78 ,       28 ,       88 ,        0 ,       75 ,      101 ,       17 ,       41 ,       64 ,       97 ,       43 ,       58 ,      149 ,       29 ,      124 ,       37 ,      106 ,      141 ,       85 ,       23 ,      118 ,       15 ,       57 ,       21 ,      147 ,       16 ,       32 ,        1 ,      111 ,       11 ,       26 ,      136 ,       68 ,       67 ,      103 ,      113 ,       84 ,      105 ,       52 ,       49 ,        8 ,       87 ,       22 ,      109 ,       36 ,       96 ,      123 ,       35 ,      137 ,       42 ,       30 ,      120 ,       24 ,      135 ,      107 ,      143 ,      142 ,      128 ,       48 ,       50 ,       60 ,      130 ,       18 ,      125 ,       10 ,       81 ,       47 ,       20 ,       76 ,       38 ,       65 ,       83 ,      146 ,       45 ,      144 ,       72 ,      138 ,       12 ,      114 ,       46 ,        2 ,      115 ,      104 ,       56 ,       90 ,      139 ,      100 ,      119 ,       62 ,       34 ,       79 ,      116 ,       39 ,      133 ,       70 ,       98 ,       31 ,        4 ,      127 ,       73 ,       59 ,       53 ,       93 ,      129 ,       89 ,       66 ,       14 ,       74 ,       54 ,      108 ,       55 ,       27 , 
     140 ,       25 ,       91 ,       92 ,        6 ,       95 ,      134 ,        9 ,      126 ,       63 ,       19 ,      110 ,        5 ,       80 ,       71 ,       51 ,      122 ,       61 ,      117 ,       82 ,      148 ,       94 ,       44 ,       33 ,       40 ,      112 ,      102 ,      132 ,       86 ,       69 ,        3 ,        7 ,       99 ,      121 ,      145 ,       77 ,       78 ,       13 ,      131 ,       28 ,       88 ,       75 ,        0 ,       17 ,      101 ,       64 ,       41 ,       58 ,       97 ,       29 ,      124 ,       37 ,      149 ,       43 ,       85 ,      106 ,      141 ,       23 ,       15 ,       21 ,      118 ,       57 ,       16 ,        1 ,      147 ,       32 ,      111 ,       11 ,       26 ,      136 ,       68 ,      103 ,      113 ,       67 ,       84 ,      105 ,        8 ,       52 ,       87 ,       49 ,       22 ,       36 ,       96 ,      109 ,      123 ,       35 ,      137 ,       42 ,       30 ,      120 ,       24 ,      135 ,      107 ,      143 ,       48 ,      128 ,       60 ,      130 ,       50 ,      142 ,      125 ,       18 ,       10 ,       20 ,       47 ,       81 ,       76 ,       38 ,       83 ,      146 ,      144 ,       72 ,       65 ,       12 ,      114 ,       45 ,      138 ,      115 ,      104 ,       46 ,        2 ,       90 ,       56 ,      139 ,      100 ,      119 ,       79 ,       62 ,       34 ,      116 ,       70 ,      133 ,       39 ,       31 ,       98 ,      127 ,        4 ,       73 ,       59 ,       93 ,       89 ,       53 ,       14 ,      129 ,       74 ,       66 ,       54 ,      108 ,       55 ,       27 , 
     140 ,       25 ,       92 ,       91 ,       95 ,        9 ,        6 ,      126 ,      134 ,      110 ,       19 ,       63 ,        5 ,       71 ,       80 ,       51 ,       61 ,      122 ,       82 ,      117 ,      148 ,       44 ,       94 ,       40 ,      112 ,       33 ,       86 ,      102 ,      132 ,        3 ,        7 ,       69 ,       99 ,      121 ,      145 ,       77 ,       78 ,      131 ,       13 ,       88 ,        0 ,       75 ,       28 ,       17 ,      101 ,       64 ,       41 ,       97 ,       29 ,       58 ,      124 ,      149 ,       37 ,       43 ,       85 ,      106 ,       15 ,       21 ,      141 ,       23 ,       57 ,        1 ,      118 ,       16 ,      111 ,       32 ,       11 ,      147 ,      136 ,       26 ,       68 ,      113 ,       67 ,      103 ,        8 ,       52 ,      105 ,       84 ,       87 ,       49 ,       36 ,       96 ,      123 ,       22 ,      109 ,       42 ,       35 ,       30 ,      137 ,      120 ,       24 ,      135 ,      143 ,      128 ,      107 ,       60 ,      130 ,      142 ,       48 ,       50 ,      125 ,       20 ,       10 ,       18 ,       81 ,       47 ,       38 ,       76 ,       83 ,      146 ,       72 ,      144 ,       12 ,      114 ,       45 ,       65 ,      115 ,      138 ,      104 ,        2 ,       46 ,       56 ,       90 ,      100 ,      139 ,       62 ,       79 ,       34 ,      119 ,      116 ,       39 ,      133 ,       70 ,      127 ,       98 ,       31 ,       59 ,       93 ,       89 ,       73 ,        4 ,      129 ,       14 ,       53 ,       66 ,       74 ,       54 ,       27 ,       55 ,      108 , 
