398 , 150 , 10 , 122799 , ILST
      33 ,       72 ,       81 ,      149 ,      145 ,       89 ,       20 ,       41 ,      141 ,      103 ,       85 ,      125 ,       84 ,       17 ,       56 ,       98 ,      120 ,       46 ,       24 ,       80 ,      100 ,        9 ,       52 ,       32 ,       99 ,       55 ,       92 ,        2 ,      110 ,       87 ,      136 ,       88 ,      142 ,        4 ,      138 ,      114 ,       69 ,       19 ,      119 ,       73 ,        6 ,      122 ,       37 ,       35 ,       49 ,        1 ,      106 ,      116 ,       65 ,       74 ,      109 ,       68 ,       97 ,       50 ,       78 ,        3 ,       66 ,       28 ,       36 ,       27 ,       62 ,       18 ,       43 ,      127 ,      129 ,       34 ,       16 ,       83 ,        8 ,       75 ,      117 ,      130 ,        5 ,       57 ,      107 ,       58 ,       21 ,       26 ,      121 ,      112 ,       14 ,       10 ,       67 ,      124 ,      104 ,       96 ,       82 ,       64 ,       70 ,      102 ,       15 ,      147 ,       53 ,      139 ,       47 ,       93 ,      126 ,      137 ,        0 ,      113 ,      148 ,       59 ,       22 ,       54 ,      144 ,       76 ,       39 ,       86 ,      131 ,       95 ,       79 ,        7 ,      128 ,      105 ,       77 ,       12 ,       38 ,       63 ,       13 ,       31 ,       45 ,       91 ,       60 ,      118 ,       23 ,       44 ,      101 ,       29 ,       94 ,       61 ,       90 ,      135 ,      111 ,      143 ,       48 ,      108 ,       30 ,       51 ,       25 ,       11 ,       42 ,      132 ,       71 ,      140 ,      123 ,      146 ,       40 ,      134 ,      115 ,      133 , 
      81 ,       33 ,       72 ,      145 ,       20 ,      149 ,       89 ,      141 ,       41 ,      125 ,      103 ,       85 ,       84 ,       17 ,       98 ,      120 ,       46 ,       24 ,       56 ,       80 ,        9 ,      100 ,       32 ,       52 ,       99 ,       55 ,        2 ,       92 ,      110 ,       88 ,      136 ,       87 ,      142 ,      114 ,        4 ,       19 ,      138 ,       69 ,      119 ,        6 ,       37 ,      122 ,       73 ,       35 ,        1 ,      116 ,       65 ,       49 ,      106 ,      109 ,       97 ,       68 ,       50 ,       74 ,       78 ,       66 ,        3 ,       28 ,       36 ,       27 ,       18 ,       62 ,      129 ,       43 ,       34 ,      127 ,        8 ,       75 ,       16 ,      130 ,       83 ,      117 ,        5 ,       58 ,       57 ,      107 ,       26 ,      112 ,      121 ,       21 ,       67 ,       10 ,       14 ,      124 ,       96 ,       82 ,      104 ,       64 ,      102 ,       15 ,       70 ,       53 ,       47 ,      147 ,      139 ,       93 ,      137 ,      113 ,      126 ,        0 ,      148 ,       59 ,      144 ,       22 ,       54 ,       86 ,       39 ,       76 ,       95 ,        7 ,      128 ,      131 ,       79 ,       77 ,      105 ,       12 ,       38 ,       31 ,       45 ,       63 ,       13 ,      118 ,       60 ,       23 ,       44 ,       91 ,      101 ,       94 ,       29 ,       61 ,      111 ,      135 ,      143 ,       90 ,       48 ,       51 ,      108 ,       30 ,       25 ,      132 ,       42 ,      140 ,       11 ,       71 ,      146 ,       40 ,      123 ,      134 ,      115 ,      133 , 
      33 ,       72 ,       81 ,      149 ,      145 ,       89 ,      141 ,       20 ,       41 ,      125 ,      103 ,       17 ,       84 ,       98 ,       85 ,      120 ,       24 ,       56 ,       46 ,        9 ,       80 ,      100 ,       52 ,       99 ,       55 ,       32 ,        2 ,       92 ,      136 ,       87 ,      110 ,       88 ,      142 ,        4 ,      114 ,       19 ,       69 ,      138 ,        6 ,      119 ,       35 ,       73 ,       37 ,      122 ,      116 ,        1 ,      106 ,       65 ,       49 ,      109 ,       97 ,       74 ,       50 ,       68 ,        3 ,       66 ,       78 ,       28 ,       27 ,       18 ,       36 ,      129 ,       43 ,       34 ,       62 ,      127 ,       16 ,      117 ,       75 ,        8 ,      130 ,       58 ,       57 ,       83 ,        5 ,      107 ,      121 ,       21 ,      112 ,       26 ,       10 ,       67 ,      124 ,       96 ,       82 ,       14 ,      102 ,      104 ,       64 ,       15 ,       53 ,       70 ,       47 ,      147 ,      139 ,      113 ,       93 ,      137 ,      148 ,      126 ,        0 ,      144 ,       59 ,       86 ,       22 ,       54 ,       76 ,       39 ,        7 ,      128 ,       95 ,       79 ,      131 ,       12 ,       77 ,       38 ,       13 ,       45 ,      105 ,      118 ,       44 ,       31 ,       63 ,       94 ,       23 ,       60 ,       91 ,       29 ,      101 ,      135 ,      143 ,       61 ,      111 ,       48 ,       90 ,       51 ,      140 ,      108 ,      132 ,       25 ,       42 ,      134 ,       71 ,       40 ,      146 ,       11 ,      123 ,       30 ,      133 ,      115 , 
      81 ,       72 ,      145 ,       33 ,      149 ,       89 ,      141 ,       41 ,       20 ,       17 ,      125 ,      103 ,       84 ,       98 ,       85 ,       24 ,       56 ,      120 ,       46 ,      100 ,        9 ,       80 ,       52 ,       32 ,       99 ,        2 ,       55 ,       92 ,      136 ,       87 ,      110 ,       88 ,        4 ,      142 ,      114 ,      138 ,        6 ,       19 ,       69 ,       35 ,       73 ,       37 ,      116 ,        1 ,      106 ,      122 ,      119 ,      109 ,       49 ,       65 ,       74 ,       97 ,       68 ,       50 ,        3 ,       78 ,       66 ,       27 ,       28 ,       18 ,       36 ,       43 ,      129 ,       34 ,       62 ,      127 ,       16 ,      117 ,        8 ,       75 ,       58 ,       57 ,      130 ,        5 ,      107 ,       83 ,      121 ,      112 ,       21 ,       10 ,       26 ,      124 ,       67 ,       96 ,       14 ,      104 ,       82 ,       64 ,      102 ,       15 ,       53 ,       70 ,      147 ,       47 ,       93 ,      113 ,      137 ,      139 ,      126 ,      148 ,       59 ,      144 ,        0 ,       22 ,       86 ,       54 ,       76 ,       39 ,      128 ,        7 ,       95 ,       12 ,       77 ,      131 ,       79 ,       38 ,       13 ,       45 ,      105 ,       44 ,      118 ,       63 ,       31 ,       23 ,       29 ,       94 ,       60 ,       91 ,      143 ,      101 ,      135 ,       61 ,      111 ,       51 ,       48 ,       90 ,      132 ,       25 ,      108 ,      140 ,       42 ,       40 ,      134 ,       71 ,      146 ,       11 ,      115 ,      123 ,       30 ,      133 , 
      72 ,       81 ,       33 ,      145 ,      149 ,       89 ,       41 ,      141 ,       20 ,      125 ,       17 ,      103 ,       84 ,       85 ,       24 ,       98 ,       56 ,       46 ,      120 ,      100 ,       80 ,       32 ,       52 ,        9 ,       99 ,        2 ,       55 ,       92 ,      110 ,      136 ,        4 ,       87 ,       88 ,      138 ,      142 ,        6 ,       69 ,       19 ,      114 ,       73 ,       37 ,        1 ,       35 ,      106 ,      116 ,      122 ,      119 ,       65 ,      109 ,       49 ,       74 ,       68 ,       97 ,       78 ,       50 ,        3 ,       66 ,       27 ,       18 ,       28 ,       36 ,       43 ,       34 ,      127 ,      129 ,       16 ,      117 ,       75 ,       62 ,        8 ,       57 ,        5 ,      130 ,       58 ,      107 ,      112 ,       83 ,       10 ,      121 ,       21 ,       26 ,       96 ,      124 ,      104 ,       67 ,       14 ,       64 ,      102 ,       15 ,       82 ,      147 ,       47 ,       53 ,       70 ,      137 ,      113 ,       93 ,      139 ,      126 ,      148 ,       59 ,        0 ,      144 ,       22 ,       54 ,       86 ,       76 ,       39 ,      128 ,        7 ,       95 ,       12 ,       77 ,       79 ,       38 ,      131 ,       13 ,       45 ,       44 ,      105 ,       31 ,       63 ,      118 ,       94 ,       29 ,       23 ,       60 ,       91 ,      143 ,      135 ,      111 ,       61 ,      101 ,       90 ,       48 ,       51 ,       25 ,      132 ,      108 ,       42 ,      140 ,       71 ,      134 ,       40 ,      146 ,       11 ,      115 ,      123 ,       30 ,      133 , 
      33 ,       72 ,       81 ,      145 ,      149 ,       41 ,       89 ,       20 ,       17 ,      125 ,      141 ,       84 ,       85 ,      103 ,       24 ,       98 ,       56 ,      120 ,       80 ,      100 ,       46 ,        9 ,       99 ,       32 ,       52 ,       55 ,       92 ,      136 ,        2 ,      110 ,       87 ,        4 ,      142 ,       88 ,      138 ,       19 ,        6 ,      114 ,       37 ,        1 ,       69 ,      106 ,       73 ,       35 ,      119 ,      116 ,      122 ,      109 ,       65 ,       74 ,       97 ,       49 ,       68 ,       50 ,        3 ,       18 ,       78 ,       27 ,       28 ,       66 ,       43 ,       36 ,       34 ,      127 ,      129 ,       16 ,      117 ,       75 ,       62 ,       57 ,      130 ,        8 ,      107 ,       58 ,      112 ,        5 ,       83 ,       10 ,       21 ,      121 ,       96 ,      124 ,      104 ,       26 ,       14 ,       67 ,      102 ,       64 ,       15 ,       47 ,       53 ,      147 ,       82 ,      137 ,       70 ,      139 ,      113 ,       93 ,      126 ,      148 ,        0 ,       59 ,       22 ,       54 ,      144 ,       86 ,       76 ,      128 ,        7 ,       39 ,       95 ,       12 ,       77 ,       38 ,       13 ,       79 ,       45 ,      131 ,       44 ,      105 ,      118 ,       31 ,       29 ,       63 ,       23 ,       94 ,       60 ,      143 ,      135 ,       91 ,       61 ,      111 ,       48 ,       51 ,      101 ,       90 ,       25 ,      132 ,      108 ,       42 ,       71 ,      140 ,       40 ,       11 ,      134 ,      146 ,       30 ,      115 ,      123 ,      133 , 
      81 ,       33 ,       72 ,       41 ,      145 ,      149 ,       20 ,       89 ,      141 ,       84 ,       17 ,       85 ,      125 ,      103 ,       24 ,       56 ,       98 ,      100 ,      120 ,       80 ,       46 ,       99 ,       32 ,       55 ,        9 ,       52 ,      136 ,       92 ,       87 ,        2 ,      142 ,       88 ,      110 ,        4 ,      138 ,        6 ,      114 ,       19 ,       37 ,        1 ,      106 ,       73 ,       35 ,       69 ,      116 ,      119 ,      122 ,      109 ,       65 ,       74 ,       49 ,       97 ,       50 ,       68 ,        3 ,       18 ,       28 ,       78 ,       27 ,       66 ,       36 ,      127 ,       43 ,      129 ,       34 ,       75 ,       16 ,       57 ,      117 ,      130 ,        8 ,       62 ,       58 ,      112 ,        5 ,      107 ,       10 ,       83 ,       21 ,      124 ,       96 ,      121 ,      104 ,       14 ,       26 ,      102 ,       64 ,       15 ,       67 ,       53 ,       47 ,      147 ,      137 ,       70 ,       82 ,      139 ,       93 ,      113 ,      126 ,        0 ,       59 ,       22 ,       54 ,      148 ,      144 ,       76 ,       86 ,        7 ,      128 ,       95 ,       77 ,       38 ,       12 ,       39 ,       45 ,      131 ,       13 ,       79 ,      118 ,      105 ,       44 ,       31 ,       29 ,       63 ,       60 ,       23 ,      135 ,       91 ,       94 ,      143 ,       61 ,       48 ,      111 ,       51 ,       90 ,      101 ,       25 ,      132 ,      108 ,       42 ,       71 ,      140 ,       11 ,       40 ,      134 ,      146 ,      115 ,       30 ,      133 ,      123 , 
      81 ,       33 ,       72 ,       41 ,      145 ,      149 ,       20 ,       84 ,       89 ,       85 ,      141 ,      125 ,       24 ,       56 ,       17 ,      103 ,      100 ,       98 ,      120 ,       46 ,       80 ,       99 ,       32 ,       52 ,       55 ,        9 ,       92 ,      136 ,       87 ,       88 ,        2 ,      142 ,      110 ,      138 ,        6 ,      114 ,        4 ,       37 ,       19 ,      106 ,        1 ,       73 ,       35 ,      119 ,      116 ,       69 ,       65 ,      109 ,      122 ,       74 ,       49 ,       68 ,       97 ,       50 ,        3 ,       18 ,       28 ,       27 ,       36 ,      127 ,       66 ,       78 ,       43 ,      129 ,       34 ,       16 ,       75 ,       57 ,      130 ,      117 ,       62 ,        8 ,       58 ,      107 ,       10 ,      112 ,       83 ,        5 ,      124 ,       21 ,      121 ,       26 ,      104 ,       96 ,       14 ,      102 ,       67 ,       64 ,       47 ,       15 ,      147 ,       53 ,      137 ,      139 ,       70 ,       82 ,      113 ,        0 ,      126 ,       93 ,       22 ,       59 ,      148 ,       54 ,       76 ,      144 ,       86 ,        7 ,       95 ,      128 ,       77 ,       39 ,       38 ,       12 ,       45 ,      131 ,       79 ,       13 ,      105 ,       44 ,       31 ,      118 ,       63 ,       29 ,       60 ,       91 ,       23 ,      135 ,      143 ,       94 ,       48 ,       51 ,      111 ,       90 ,       25 ,      101 ,       61 ,      132 ,      108 ,       42 ,       11 ,       71 ,      140 ,      146 ,      134 ,       40 ,      115 ,      123 ,       30 ,      133 , 
      81 ,       33 ,       72 ,       41 ,       20 ,      145 ,       84 ,      149 ,       89 ,      141 ,       85 ,       56 ,       24 ,      103 ,      125 ,       17 ,       98 ,      120 ,      100 ,       80 ,       46 ,       32 ,       52 ,        9 ,       99 ,      136 ,       92 ,       55 ,       87 ,        2 ,      110 ,       88 ,      142 ,        6 ,      114 ,      138 ,        4 ,      106 ,       37 ,       19 ,       73 ,       35 ,      119 ,        1 ,       69 ,      116 ,       65 ,      122 ,       74 ,      109 ,       97 ,       49 ,        3 ,       68 ,       50 ,       28 ,       18 ,       27 ,       36 ,       78 ,       66 ,      127 ,       43 ,      129 ,       34 ,       57 ,       75 ,       16 ,      130 ,      117 ,       62 ,       58 ,        8 ,      107 ,      112 ,       83 ,      124 ,       21 ,       10 ,      121 ,        5 ,       26 ,      102 ,      104 ,       96 ,       14 ,       47 ,       64 ,       67 ,       15 ,      147 ,      139 ,       70 ,      137 ,       53 ,        0 ,      113 ,       82 ,       93 ,      126 ,       22 ,       59 ,      148 ,       76 ,       54 ,      144 ,       86 ,        7 ,      128 ,       95 ,       39 ,       77 ,       12 ,       45 ,       38 ,       79 ,       13 ,      131 ,       44 ,      105 ,       31 ,      118 ,       63 ,       29 ,       60 ,       23 ,      135 ,      143 ,       91 ,       94 ,       48 ,       51 ,       90 ,       25 ,      111 ,      101 ,       61 ,      132 ,      108 ,       42 ,       11 ,       71 ,      146 ,      134 ,      140 ,      115 ,       30 ,       40 ,      133 ,      123 , 
      81 ,       72 ,       33 ,       20 ,       41 ,      145 ,      149 ,       84 ,       89 ,       85 ,      141 ,       56 ,      125 ,       24 ,       80 ,       98 ,      120 ,       17 ,      100 ,      103 ,       46 ,       52 ,       87 ,       32 ,      136 ,       88 ,       99 ,       55 ,        2 ,        9 ,        4 ,      110 ,       37 ,      114 ,      142 ,       92 ,        6 ,      138 ,       73 ,      106 ,       35 ,      119 ,        1 ,       19 ,       65 ,      116 ,       74 ,       69 ,      122 ,      109 ,       49 ,       97 ,       50 ,       68 ,       18 ,        3 ,       28 ,       27 ,       78 ,      127 ,       36 ,       66 ,       43 ,       57 ,       34 ,       16 ,      129 ,       75 ,      117 ,       62 ,      130 ,       58 ,      107 ,      112 ,        8 ,      124 ,       21 ,       83 ,      121 ,        5 ,       26 ,       10 ,      102 ,      104 ,       47 ,       14 ,       96 ,       15 ,       64 ,       67 ,      139 ,       70 ,      147 ,      137 ,      113 ,        0 ,       53 ,       93 ,       82 ,      126 ,       22 ,      148 ,       76 ,       59 ,       54 ,       86 ,        7 ,      144 ,       95 ,       39 ,       12 ,      128 ,       38 ,       77 ,       13 ,       45 ,       79 ,      105 ,       44 ,      131 ,       31 ,      118 ,       29 ,       63 ,      135 ,      143 ,       23 ,       91 ,       60 ,       48 ,       51 ,       25 ,       94 ,      111 ,       90 ,      101 ,      132 ,       61 ,       42 ,       11 ,      108 ,      146 ,      134 ,       71 ,       30 ,      140 ,      115 ,      133 ,       40 ,      123 , 
