1368 , 200 , 10 , 20501 , IG
     178 ,      137 ,      155 ,       36 ,      140 ,       18 ,      123 ,       28 ,      144 ,      122 ,      130 ,      183 ,       92 ,       79 ,      139 ,       54 ,        1 ,       45 ,        0 ,      195 ,       52 ,      161 ,      158 ,      162 ,      160 ,       98 ,      145 ,       60 ,      169 ,       40 ,       53 ,       61 ,       72 ,       11 ,      187 ,        5 ,       25 ,       81 ,      197 ,      115 ,      148 ,      136 ,       87 ,       73 ,       38 ,      154 ,      101 ,      159 ,      156 ,      196 ,      182 ,      165 ,      193 ,      114 ,       89 ,      146 ,      112 ,       24 ,       80 ,      151 ,      173 ,      150 ,       48 ,      179 ,       67 ,       99 ,       63 ,      121 ,      104 ,       56 ,      198 ,       65 ,      177 ,      153 ,      172 ,       15 ,       96 ,        9 ,      175 ,      180 ,       86 ,       57 ,       13 ,      188 ,       88 ,       75 ,      124 ,      113 ,      174 ,       17 ,       97 ,       29 ,      116 ,       70 ,      128 ,      184 ,      108 ,       21 ,      100 ,       31 ,      191 ,       34 ,      131 ,       90 ,       50 ,       32 ,      109 ,       82 ,      189 ,       51 ,      106 ,       62 ,       49 ,       20 ,       16 ,       93 ,       33 ,      186 ,      141 ,      111 ,       58 ,      103 ,      138 ,       91 ,      127 ,      164 ,      134 ,      152 ,      118 ,       42 ,        8 ,      143 ,       14 ,      117 ,      176 ,       94 ,       64 ,       55 ,      142 ,       83 ,      147 ,      126 ,       59 ,      129 ,      157 ,      132 ,      170 ,      149 ,      133 ,       76 ,      167 ,      110 ,      105 ,      125 ,       19 ,       77 ,       44 ,       74 ,       12 ,        7 ,       78 ,       71 ,       10 ,       84 ,      166 ,      181 ,        6 ,       47 ,      120 ,       66 ,       30 ,       43 ,       37 ,      171 ,      107 ,       69 ,       27 ,       46 ,      102 ,      185 ,      168 ,       95 ,       68 ,       35 ,       39 ,       22 ,      163 ,      119 ,       41 ,      194 ,       23 ,      192 ,        3 ,       26 ,       85 ,      199 ,      135 ,      190 ,        4 ,        2 , 
      36 ,      140 ,      137 ,      123 ,      144 ,      155 ,      178 ,      122 ,       18 ,       28 ,      183 ,       92 ,       79 ,      130 ,      139 ,      195 ,        0 ,       54 ,        1 ,      162 ,      161 ,       52 ,       45 ,       60 ,      158 ,      160 ,       40 ,       98 ,      145 ,       53 ,       61 ,      187 ,       72 ,       81 ,      169 ,      115 ,       25 ,       11 ,        5 ,       87 ,      136 ,      197 ,       38 ,      154 ,      148 ,      101 ,      182 ,      165 ,       73 ,      159 ,      156 ,      196 ,       89 ,       24 ,      114 ,      112 ,      151 ,      193 ,      146 ,       48 ,      173 ,      150 ,       80 ,      179 ,       99 ,      104 ,      198 ,       65 ,       56 ,       63 ,      172 ,       67 ,       96 ,      121 ,        9 ,      153 ,      175 ,       86 ,      177 ,       15 ,      180 ,       57 ,      124 ,      188 ,       88 ,       13 ,       75 ,       17 ,       97 ,      174 ,      113 ,       70 ,      108 ,      184 ,      116 ,       31 ,      191 ,       29 ,      131 ,       34 ,       21 ,      100 ,      128 ,       90 ,      189 ,       50 ,      106 ,       82 ,       32 ,       20 ,       62 ,      109 ,       16 ,       51 ,       49 ,       93 ,      186 ,       33 ,      141 ,       58 ,      138 ,      103 ,      111 ,      164 ,      127 ,      118 ,        8 ,      134 ,      152 ,       91 ,       42 ,       14 ,      143 ,       55 ,       64 ,       94 ,      142 ,      117 ,      176 ,       83 ,      126 ,      147 ,       59 ,      129 ,      132 ,      149 ,      133 ,      157 ,      170 ,      110 ,       76 ,      105 ,       19 ,      125 ,       44 ,      167 ,       12 ,        7 ,       78 ,       74 ,       71 ,       10 ,       77 ,      181 ,      166 ,       47 ,       30 ,       84 ,       66 ,        6 ,      171 ,      107 ,       69 ,      120 ,       43 ,       46 ,       37 ,      168 ,      102 ,      185 ,       27 ,       95 ,      163 ,       22 ,       35 ,       68 ,       39 ,      192 ,       23 ,      119 ,      194 ,       41 ,       26 ,       85 ,      199 ,        4 ,      135 ,        3 ,        2 ,      190 , 
     140 ,      144 ,       36 ,      123 ,      137 ,      155 ,      183 ,      122 ,       18 ,      178 ,       92 ,      139 ,       28 ,      130 ,       79 ,      162 ,       54 ,        1 ,      195 ,       60 ,        0 ,      161 ,      160 ,       45 ,       52 ,       98 ,       40 ,      158 ,       72 ,       61 ,      145 ,       53 ,       25 ,      169 ,      115 ,      187 ,       87 ,       81 ,        5 ,       38 ,      136 ,       11 ,      101 ,      154 ,      197 ,      148 ,      159 ,      165 ,       73 ,       24 ,      182 ,      156 ,       89 ,      112 ,      196 ,      151 ,       48 ,      173 ,      146 ,      150 ,      114 ,      104 ,       99 ,      198 ,       65 ,      193 ,      179 ,       80 ,       56 ,      172 ,       63 ,       96 ,       67 ,      175 ,      153 ,      177 ,      121 ,        9 ,       86 ,       57 ,      180 ,      188 ,       75 ,       88 ,      124 ,       13 ,       15 ,       17 ,       97 ,      174 ,      113 ,       31 ,      108 ,      184 ,       70 ,      191 ,      131 ,      116 ,      100 ,       21 ,       34 ,       29 ,       90 ,       82 ,       50 ,      128 ,       20 ,      189 ,       32 ,       62 ,      106 ,      109 ,       51 ,       33 ,      186 ,       16 ,       93 ,       49 ,      141 ,       58 ,      138 ,      103 ,      111 ,        8 ,      127 ,      134 ,      118 ,       42 ,      143 ,      164 ,       91 ,       64 ,      152 ,       94 ,       55 ,      142 ,       14 ,       83 ,      117 ,      147 ,      176 ,      126 ,      132 ,       59 ,      129 ,      133 ,      157 ,      149 ,      170 ,      110 ,       44 ,      167 ,       19 ,      105 ,       76 ,        7 ,       78 ,      125 ,       74 ,       71 ,       12 ,       47 ,       77 ,       10 ,      166 ,      181 ,       30 ,        6 ,       66 ,      171 ,       43 ,       84 ,      107 ,      120 ,       46 ,       69 ,      102 ,      168 ,      185 ,       37 ,       27 ,       95 ,      163 ,       35 ,       22 ,      192 ,      119 ,       39 ,       41 ,       68 ,      194 ,       26 ,       23 ,       85 ,        4 ,      199 ,        2 ,        3 ,      135 ,      190 , 
     144 ,       36 ,      140 ,      137 ,      183 ,      155 ,      123 ,      139 ,       92 ,       18 ,      122 ,      162 ,      178 ,       28 ,      195 ,       54 ,      130 ,      161 ,        0 ,       79 ,      160 ,        1 ,       60 ,       40 ,       98 ,       45 ,       61 ,      145 ,       72 ,       52 ,      115 ,      158 ,       53 ,       25 ,      169 ,       81 ,      187 ,       87 ,       11 ,       38 ,        5 ,      136 ,      101 ,      154 ,      148 ,      165 ,      182 ,      197 ,      159 ,       89 ,      112 ,      156 ,       73 ,       24 ,      151 ,      173 ,      196 ,      104 ,       99 ,      150 ,       48 ,      146 ,      193 ,       65 ,      114 ,       56 ,      198 ,       80 ,       67 ,      172 ,      179 ,       63 ,      175 ,       96 ,       86 ,      121 ,      180 ,      153 ,       57 ,      188 ,      177 ,        9 ,      124 ,       13 ,       97 ,       15 ,       88 ,       75 ,       17 ,       31 ,      174 ,      184 ,      131 ,      108 ,      113 ,       70 ,      191 ,       21 ,      100 ,      116 ,       34 ,       29 ,       90 ,       82 ,       50 ,       20 ,       62 ,       32 ,      128 ,      189 ,      109 ,      106 ,       16 ,      186 ,       93 ,       33 ,       51 ,       49 ,      111 ,        8 ,      103 ,      127 ,      141 ,       58 ,      138 ,      118 ,       42 ,      164 ,      134 ,      143 ,       94 ,       91 ,      142 ,       64 ,      152 ,       55 ,       83 ,       14 ,      147 ,      117 ,      126 ,      132 ,      176 ,      157 ,       59 ,      133 ,       44 ,      110 ,      149 ,      129 ,      170 ,      105 ,      167 ,       76 ,       19 ,       74 ,       71 ,       78 ,       47 ,       12 ,      166 ,        7 ,      125 ,       30 ,      181 ,       10 ,       77 ,       43 ,       84 ,        6 ,       46 ,       66 ,      171 ,      107 ,       69 ,      102 ,      120 ,      168 ,      185 ,       95 ,       27 ,       22 ,      119 ,      163 ,       35 ,       37 ,       41 ,      192 ,       39 ,       23 ,      194 ,      199 ,       26 ,        4 ,       85 ,       68 ,        2 ,        3 ,      135 ,      190 , 
      36 ,      144 ,      140 ,      123 ,      155 ,      183 ,      139 ,      137 ,       92 ,       18 ,      178 ,      122 ,      130 ,      162 ,       28 ,      195 ,        0 ,      161 ,       79 ,       54 ,      160 ,       40 ,       60 ,       45 ,        1 ,       52 ,      115 ,       98 ,       61 ,       72 ,      158 ,       25 ,      145 ,       53 ,      169 ,       11 ,       38 ,       81 ,       87 ,      187 ,      148 ,        5 ,      136 ,      197 ,      154 ,      101 ,      165 ,       89 ,      156 ,      182 ,      151 ,       73 ,      196 ,      159 ,      112 ,       99 ,      104 ,       24 ,      150 ,      173 ,       65 ,      193 ,      114 ,       48 ,      198 ,       56 ,      179 ,      146 ,       80 ,       67 ,      175 ,      121 ,       96 ,       63 ,      172 ,      180 ,      177 ,       86 ,      153 ,       13 ,       57 ,      188 ,       88 ,        9 ,      108 ,       97 ,       17 ,       15 ,       75 ,      131 ,       70 ,      124 ,      191 ,      174 ,       31 ,      184 ,      113 ,       29 ,      116 ,       21 ,       90 ,      100 ,       34 ,       82 ,       20 ,       50 ,       62 ,      109 ,      128 ,      189 ,      106 ,       32 ,       16 ,       51 ,       93 ,        8 ,       49 ,      186 ,      103 ,       33 ,      111 ,      118 ,      127 ,       42 ,      134 ,      138 ,      164 ,      141 ,       58 ,      142 ,      143 ,       94 ,       91 ,       55 ,       64 ,      152 ,       83 ,      147 ,       14 ,      132 ,      126 ,      117 ,      176 ,      157 ,       59 ,      149 ,       44 ,      133 ,      110 ,      129 ,      167 ,      170 ,      105 ,       76 ,       47 ,       74 ,       78 ,       19 ,       71 ,      166 ,       30 ,      125 ,       12 ,        7 ,       10 ,       43 ,       77 ,      181 ,       84 ,        6 ,       46 ,       69 ,      120 ,      102 ,       95 ,      107 ,       66 ,      168 ,      171 ,       27 ,      185 ,      119 ,       22 ,      163 ,       37 ,       35 ,      199 ,       23 ,      192 ,       41 ,        4 ,      194 ,       39 ,       26 ,       68 ,       85 ,        2 ,      135 ,      190 ,        3 , 
     144 ,      140 ,       36 ,      155 ,      183 ,       92 ,      137 ,      123 ,      139 ,      122 ,      178 ,       28 ,      195 ,       18 ,      130 ,        0 ,      162 ,       54 ,       40 ,      160 ,       79 ,       52 ,      161 ,       45 ,       61 ,      115 ,       60 ,      158 ,        1 ,       72 ,       98 ,       25 ,      169 ,      145 ,       53 ,       38 ,       11 ,      148 ,       81 ,       87 ,        5 ,      101 ,      187 ,      136 ,      165 ,       89 ,      182 ,      151 ,      154 ,      196 ,      197 ,      156 ,      104 ,      159 ,       73 ,       99 ,      112 ,      150 ,      193 ,      173 ,       65 ,       24 ,      179 ,      114 ,      146 ,       80 ,       56 ,       48 ,      198 ,       96 ,      175 ,      172 ,      121 ,       63 ,       67 ,      180 ,      153 ,      177 ,      188 ,       86 ,       13 ,       57 ,       88 ,       97 ,       15 ,        9 ,       75 ,      108 ,       17 ,      124 ,      174 ,      131 ,      191 ,       70 ,      184 ,       31 ,      116 ,       90 ,      113 ,       29 ,       20 ,       21 ,      100 ,       82 ,       34 ,      189 ,      106 ,      128 ,       32 ,       16 ,      109 ,       62 ,       50 ,       51 ,       49 ,      103 ,       93 ,      118 ,      186 ,        8 ,      111 ,       33 ,       42 ,      164 ,      127 ,      142 ,      134 ,      138 ,      141 ,       91 ,      143 ,      152 ,       55 ,       94 ,       83 ,       58 ,       64 ,      132 ,       14 ,      147 ,      126 ,      176 ,      149 ,      117 ,      157 ,       59 ,      133 ,       44 ,      110 ,      167 ,      129 ,       74 ,       76 ,      170 ,      105 ,       47 ,       30 ,       78 ,       19 ,       71 ,      166 ,      125 ,       12 ,        7 ,       43 ,       10 ,      181 ,       77 ,       46 ,       84 ,        6 ,      120 ,      102 ,      107 ,       69 ,       27 ,       95 ,      171 ,      168 ,      185 ,      119 ,       22 ,      163 ,       23 ,      192 ,       35 ,       66 ,      194 ,        2 ,       37 ,       85 ,      199 ,       26 ,        4 ,       68 ,      190 ,       41 ,       39 ,      135 ,        3 , 
     144 ,      140 ,       92 ,      155 ,      137 ,       36 ,      123 ,      183 ,      139 ,      178 ,       28 ,      122 ,      195 ,       54 ,       18 ,      162 ,      130 ,        0 ,      160 ,       52 ,       40 ,       79 ,      161 ,      115 ,       45 ,       72 ,       61 ,       60 ,      158 ,        1 ,       25 ,      145 ,       98 ,      169 ,       81 ,       53 ,      148 ,       38 ,       11 ,       87 ,      101 ,      187 ,        5 ,      136 ,      182 ,      151 ,       89 ,      154 ,      104 ,      196 ,       73 ,       99 ,      165 ,      156 ,      197 ,      150 ,      193 ,      159 ,      112 ,      173 ,       24 ,       65 ,      114 ,      179 ,       48 ,      146 ,      198 ,       96 ,       56 ,       80 ,      175 ,      121 ,       63 ,      172 ,       67 ,      177 ,      188 ,      180 ,      153 ,       97 ,       86 ,       88 ,       13 ,       15 ,       57 ,      124 ,       17 ,      108 ,        9 ,       75 ,      184 ,      174 ,      191 ,      131 ,       90 ,       70 ,      113 ,       31 ,       20 ,      100 ,       82 ,      116 ,       21 ,       29 ,      128 ,       34 ,      189 ,      109 ,       16 ,      106 ,       62 ,       32 ,       93 ,       49 ,      103 ,      186 ,       50 ,       51 ,      111 ,      118 ,       33 ,        8 ,      164 ,       42 ,      141 ,      134 ,       91 ,      142 ,      143 ,      138 ,      152 ,      127 ,       83 ,       55 ,       94 ,      147 ,       58 ,      126 ,       14 ,      117 ,      132 ,       64 ,      149 ,      133 ,      176 ,      157 ,       59 ,      167 ,      129 ,       76 ,       44 ,      105 ,      110 ,      170 ,       47 ,       74 ,       30 ,       19 ,      125 ,       78 ,      166 ,       12 ,        7 ,       71 ,       43 ,       10 ,       77 ,       46 ,      181 ,      120 ,       84 ,      102 ,       27 ,       69 ,      107 ,        6 ,       95 ,      185 ,      168 ,      171 ,       22 ,      119 ,      192 ,      194 ,       23 ,      163 ,       35 ,       37 ,       66 ,        2 ,       85 ,      199 ,       68 ,       41 ,       26 ,      190 ,       39 ,        4 ,        3 ,      135 , 
     144 ,       92 ,      137 ,      140 ,      155 ,       36 ,      123 ,      183 ,      139 ,       28 ,      122 ,      178 ,       54 ,      195 ,        0 ,      130 ,      162 ,       18 ,      160 ,       79 ,       52 ,       72 ,      161 ,      115 ,       40 ,       45 ,      158 ,        1 ,       60 ,       61 ,       25 ,       98 ,       81 ,       53 ,       11 ,      169 ,       38 ,      145 ,        5 ,      187 ,      148 ,      182 ,       87 ,      101 ,      136 ,      104 ,      151 ,      154 ,      165 ,       89 ,      156 ,       99 ,       73 ,      196 ,      150 ,      112 ,      197 ,      159 ,      193 ,      173 ,      114 ,       48 ,       24 ,      179 ,       65 ,       96 ,       80 ,      146 ,      175 ,      121 ,      198 ,      172 ,       56 ,       67 ,      180 ,       63 ,      153 ,       97 ,       88 ,       86 ,       15 ,      188 ,      177 ,       13 ,       57 ,      108 ,       75 ,      124 ,        9 ,      184 ,       17 ,      174 ,       90 ,      131 ,      191 ,      113 ,       70 ,       31 ,       82 ,       21 ,       20 ,      100 ,      116 ,       29 ,      189 ,       34 ,      128 ,       32 ,       16 ,       49 ,      109 ,       62 ,      186 ,       93 ,      106 ,      111 ,       50 ,      103 ,       51 ,      118 ,      164 ,       33 ,      141 ,      134 ,        8 ,       42 ,      138 ,       91 ,      127 ,      143 ,      142 ,      152 ,       55 ,       83 ,       94 ,      126 ,      117 ,      147 ,      132 ,       64 ,      176 ,       14 ,       58 ,      157 ,      149 ,       76 ,       59 ,       44 ,      167 ,      133 ,      170 ,      110 ,       47 ,      129 ,      105 ,       30 ,       74 ,      125 ,       12 ,       78 ,       19 ,        7 ,      166 ,       10 ,       71 ,      181 ,       43 ,      102 ,      120 ,       84 ,       27 ,       46 ,       77 ,       95 ,       69 ,      107 ,      185 ,        6 ,      168 ,      192 ,      194 ,      171 ,      119 ,       22 ,       35 ,       23 ,      163 ,      199 ,       37 ,       66 ,       41 ,       68 ,       26 ,        2 ,       85 ,      190 ,       39 ,        4 ,        3 ,      135 , 
     144 ,       92 ,      137 ,      123 ,      140 ,      155 ,      183 ,       36 ,      139 ,      178 ,       54 ,      122 ,       28 ,      162 ,      195 ,      130 ,        0 ,       18 ,      160 ,       79 ,       40 ,       45 ,      115 ,       52 ,      161 ,       72 ,      158 ,       61 ,        1 ,       60 ,       53 ,       98 ,      169 ,       25 ,       11 ,       81 ,      187 ,       38 ,      145 ,        5 ,      136 ,      148 ,       87 ,      182 ,      104 ,      101 ,       89 ,      165 ,      151 ,      154 ,      196 ,      150 ,      156 ,       73 ,      112 ,       99 ,      159 ,      197 ,       48 ,      173 ,       65 ,      193 ,      114 ,       96 ,      146 ,      179 ,       24 ,       80 ,      172 ,       56 ,      198 ,      180 ,      121 ,       63 ,       67 ,      175 ,       86 ,      153 ,      188 ,       97 ,       57 ,      177 ,       88 ,       15 ,       13 ,      124 ,      184 ,      108 ,       17 ,      174 ,      131 ,       75 ,        9 ,      113 ,       90 ,      191 ,       82 ,       70 ,       21 ,       31 ,      116 ,       29 ,      100 ,       32 ,       20 ,       16 ,       49 ,      189 ,       34 ,      128 ,      109 ,       93 ,      111 ,       62 ,      186 ,      106 ,       51 ,      164 ,      103 ,       50 ,       33 ,      118 ,      138 ,       91 ,       42 ,      127 ,      141 ,      142 ,      134 ,       83 ,        8 ,      126 ,      143 ,       94 ,      152 ,       64 ,      176 ,       55 ,      132 ,      157 ,      149 ,      117 ,       58 ,      147 ,       14 ,       44 ,       76 ,      167 ,       59 ,      133 ,      170 ,      110 ,       30 ,      129 ,      105 ,      125 ,       47 ,       12 ,       19 ,       74 ,        7 ,      166 ,       78 ,       71 ,       43 ,      181 ,      120 ,       84 ,       10 ,      102 ,       95 ,       69 ,       27 ,      107 ,        6 ,      185 ,       77 ,       46 ,      192 ,      194 ,       22 ,      119 ,      171 ,      168 ,       35 ,       23 ,      199 ,       37 ,      163 ,       66 ,        2 ,       68 ,       26 ,       85 ,        3 ,       41 ,      190 ,       39 ,        4 ,      135 , 
     144 ,      140 ,       92 ,      137 ,      123 ,      155 ,      183 ,      178 ,       36 ,      139 ,       28 ,      122 ,       54 ,      130 ,      162 ,       79 ,      195 ,        0 ,      115 ,       18 ,      161 ,      160 ,       40 ,       52 ,       72 ,       45 ,      158 ,       61 ,        1 ,       60 ,      169 ,       81 ,       25 ,       53 ,       98 ,       11 ,       38 ,        5 ,      187 ,      145 ,      148 ,      104 ,       87 ,      136 ,      101 ,       89 ,      182 ,      196 ,      165 ,      150 ,      151 ,      154 ,       73 ,      156 ,       99 ,      112 ,      159 ,      173 ,      114 ,       48 ,      197 ,       65 ,      193 ,      146 ,      172 ,       24 ,       96 ,      179 ,      198 ,       63 ,       56 ,       80 ,      121 ,      180 ,      188 ,      175 ,       86 ,       67 ,      153 ,       97 ,       57 ,      177 ,       13 ,       88 ,      184 ,       15 ,      108 ,       17 ,      124 ,        9 ,      174 ,      131 ,      113 ,       75 ,       70 ,      191 ,       82 ,       90 ,       29 ,       31 ,       21 ,       32 ,       16 ,      100 ,      189 ,       49 ,      116 ,       20 ,       34 ,      109 ,      128 ,       62 ,      106 ,      186 ,      111 ,       93 ,       33 ,      103 ,       51 ,      138 ,       42 ,       91 ,      118 ,      127 ,       50 ,      164 ,      141 ,       83 ,      126 ,      134 ,      143 ,      142 ,       64 ,        8 ,      176 ,      152 ,       55 ,      149 ,       94 ,       58 ,      147 ,      132 ,       76 ,      157 ,       44 ,       14 ,      117 ,       59 ,       30 ,      167 ,      170 ,      125 ,      105 ,      129 ,      110 ,      133 ,       47 ,       74 ,        7 ,       19 ,      166 ,       12 ,       71 ,      181 ,      120 ,       10 ,       78 ,      102 ,       43 ,       95 ,       84 ,      107 ,      185 ,       27 ,       69 ,       77 ,        6 ,       46 ,      171 ,      119 ,      194 ,      192 ,       35 ,       22 ,      199 ,       37 ,      163 ,       68 ,       66 ,        2 ,       85 ,      168 ,       26 ,       23 ,        3 ,      190 ,       39 ,        4 ,       41 ,      135 , 
