1293 , 200 , 10 , 283844 , IG
     112 ,      119 ,      137 ,      199 ,      125 ,       39 ,       84 ,       24 ,      171 ,      194 ,      153 ,       49 ,        1 ,       38 ,       64 ,      123 ,      108 ,      138 ,      168 ,       98 ,       61 ,      130 ,      117 ,        5 ,       40 ,       20 ,       80 ,       23 ,       32 ,       55 ,      196 ,       59 ,      190 ,       67 ,       22 ,      177 ,       56 ,       36 ,       18 ,      126 ,       95 ,       33 ,        0 ,       91 ,      142 ,      116 ,      172 ,      101 ,      114 ,       30 ,      129 ,      109 ,      159 ,       65 ,      198 ,      107 ,      131 ,       93 ,      167 ,       85 ,      191 ,        2 ,      152 ,      187 ,       46 ,        3 ,      189 ,      151 ,      121 ,       89 ,      103 ,      110 ,       12 ,       88 ,      178 ,       81 ,      122 ,       87 ,      143 ,       17 ,      181 ,       54 ,      170 ,       53 ,       90 ,        4 ,       58 ,       60 ,      176 ,      133 ,      106 ,       11 ,      183 ,       27 ,      146 ,      156 ,       79 ,       71 ,       35 ,      161 ,      136 ,      147 ,       86 ,      192 ,      169 ,       19 ,       72 ,       10 ,      175 ,      128 ,      157 ,       82 ,      144 ,       34 ,       94 ,       99 ,      162 ,       76 ,      104 ,      100 ,      160 ,       37 ,      105 ,      149 ,      132 ,        6 ,       26 ,      111 ,      102 ,      182 ,       43 ,      141 ,      115 ,      139 ,       29 ,      135 ,       51 ,      195 ,       48 ,      184 ,       31 ,      140 ,       21 ,       62 ,       96 ,       47 ,      180 ,      150 ,       74 ,       15 ,       44 ,       57 ,       66 ,       25 ,       41 ,       45 ,      148 ,       78 ,      154 ,      155 ,      185 ,      173 ,      124 ,       83 ,        9 ,        7 ,      118 ,      164 ,      134 ,      158 ,      174 ,      163 ,       77 ,      179 ,       63 ,      197 ,      193 ,       97 ,       50 ,       92 ,       16 ,      127 ,       28 ,       68 ,       42 ,      165 ,       73 ,       13 ,       70 ,       75 ,       69 ,      166 ,      188 ,      145 ,      186 ,        8 ,       14 ,      113 ,      120 ,       52 , 
     119 ,      112 ,      125 ,      137 ,       39 ,      199 ,       84 ,      171 ,      153 ,       24 ,      194 ,       49 ,       38 ,        1 ,      123 ,       64 ,      138 ,      108 ,       61 ,      168 ,      130 ,       98 ,      117 ,        5 ,       40 ,       23 ,       20 ,       80 ,       32 ,       59 ,       55 ,      190 ,      196 ,      177 ,       67 ,       22 ,       36 ,       56 ,       18 ,       95 ,      126 ,       33 ,        0 ,      116 ,      142 ,      172 ,       91 ,      114 ,       30 ,      101 ,      159 ,      129 ,      109 ,      198 ,       65 ,      131 ,      167 ,       85 ,        2 ,       93 ,      107 ,      191 ,      152 ,      187 ,       46 ,      189 ,      151 ,        3 ,      103 ,      121 ,       89 ,      110 ,      178 ,       88 ,       12 ,      122 ,       87 ,       17 ,       81 ,      143 ,       54 ,      181 ,      170 ,        4 ,       53 ,       60 ,       58 ,      133 ,       90 ,       11 ,      176 ,      183 ,       71 ,      106 ,       79 ,       27 ,      146 ,       35 ,      156 ,      136 ,      161 ,       86 ,      147 ,      169 ,       19 ,      192 ,      175 ,       10 ,       72 ,      157 ,      144 ,       82 ,      128 ,       34 ,       94 ,       99 ,       76 ,      162 ,      100 ,      160 ,      104 ,      149 ,       37 ,      105 ,      132 ,      111 ,        6 ,      102 ,       26 ,      141 ,       43 ,      182 ,       29 ,      139 ,      135 ,      195 ,      115 ,       51 ,      184 ,       48 ,      140 ,       31 ,       62 ,       96 ,       21 ,      180 ,       47 ,       74 ,       66 ,       15 ,      150 ,       25 ,       44 ,       45 ,      148 ,       41 ,       57 ,      185 ,      155 ,       78 ,      164 ,       83 ,      174 ,      173 ,       77 ,      124 ,      134 ,      118 ,       16 ,      154 ,      163 ,      179 ,      158 ,        7 ,      197 ,       63 ,       97 ,      193 ,       50 ,       75 ,       92 ,       68 ,      127 ,      186 ,      165 ,        8 ,       70 ,       42 ,        9 ,       13 ,      188 ,      113 ,       73 ,       28 ,       52 ,      166 ,       69 ,       14 ,      145 ,      120 , 
     112 ,      137 ,       39 ,      125 ,      119 ,      171 ,       84 ,      199 ,      194 ,       24 ,      153 ,        1 ,       38 ,       49 ,      138 ,      123 ,       64 ,      168 ,       61 ,      108 ,       98 ,        5 ,       40 ,      130 ,      117 ,       20 ,       80 ,       32 ,       23 ,       55 ,      196 ,       59 ,      190 ,       22 ,      177 ,       67 ,       36 ,       56 ,      126 ,       95 ,       18 ,       33 ,      116 ,      172 ,        0 ,      114 ,       91 ,      142 ,       30 ,      101 ,      129 ,      198 ,      109 ,      159 ,       65 ,       85 ,      167 ,       93 ,      131 ,        2 ,      152 ,      107 ,      187 ,      191 ,       46 ,      189 ,        3 ,      151 ,      121 ,       89 ,      110 ,      103 ,       12 ,      122 ,      178 ,       87 ,       88 ,       81 ,       54 ,       17 ,      170 ,      181 ,       53 ,      143 ,        4 ,       60 ,       58 ,      133 ,       90 ,       11 ,      176 ,      106 ,      183 ,       71 ,       79 ,      146 ,       27 ,      156 ,      136 ,      161 ,       35 ,      147 ,       86 ,      175 ,      169 ,      192 ,       10 ,       72 ,       19 ,       82 ,      144 ,      157 ,       34 ,       99 ,       76 ,      162 ,       94 ,      128 ,      104 ,      100 ,      160 ,       37 ,      149 ,      111 ,      105 ,       26 ,      132 ,      102 ,        6 ,       43 ,      141 ,       29 ,      182 ,      139 ,      115 ,      135 ,      195 ,       48 ,       51 ,      184 ,      140 ,       31 ,       21 ,       62 ,       96 ,       47 ,      180 ,       74 ,       66 ,      150 ,       15 ,       45 ,       25 ,       44 ,       57 ,      185 ,      148 ,       41 ,      155 ,      164 ,       78 ,      174 ,      173 ,       83 ,      124 ,      134 ,       77 ,      154 ,       16 ,      118 ,      163 ,      158 ,      179 ,        7 ,       63 ,      193 ,       97 ,      197 ,       50 ,       68 ,       92 ,       70 ,      186 ,      127 ,       75 ,        8 ,       42 ,      165 ,        9 ,       13 ,       73 ,      188 ,      113 ,       28 ,      166 ,       52 ,       14 ,       69 ,      120 ,      145 , 
     137 ,       39 ,      112 ,      171 ,      125 ,      199 ,      119 ,       84 ,       24 ,        1 ,      194 ,       38 ,      138 ,      153 ,      123 ,       49 ,       64 ,      168 ,      108 ,       98 ,       61 ,      130 ,       40 ,        5 ,       20 ,      117 ,       23 ,       32 ,       80 ,      196 ,       55 ,      190 ,       59 ,      177 ,       22 ,       36 ,       56 ,       67 ,      126 ,       95 ,       18 ,       33 ,      116 ,      114 ,      172 ,        0 ,       91 ,       30 ,      129 ,      142 ,      198 ,      159 ,       65 ,       85 ,      101 ,      109 ,      167 ,        2 ,      152 ,       93 ,      107 ,      187 ,      131 ,       46 ,      191 ,        3 ,      189 ,      151 ,      121 ,      110 ,       89 ,      122 ,      178 ,       12 ,      103 ,       87 ,       88 ,       17 ,       54 ,       81 ,      170 ,       53 ,      181 ,        4 ,      143 ,       60 ,       90 ,       58 ,      133 ,       11 ,      106 ,      176 ,      183 ,      146 ,       71 ,       79 ,       27 ,      136 ,       35 ,      161 ,      156 ,      147 ,       86 ,      175 ,       10 ,      169 ,      192 ,       19 ,      144 ,       72 ,       82 ,       34 ,      157 ,      162 ,       94 ,       76 ,       99 ,      128 ,      104 ,       37 ,      160 ,      100 ,      149 ,      111 ,      105 ,      102 ,        6 ,      132 ,       26 ,      141 ,       43 ,       29 ,      182 ,      139 ,      115 ,      195 ,      135 ,       48 ,       62 ,      184 ,       21 ,       31 ,       51 ,       47 ,       15 ,      180 ,       96 ,       45 ,       66 ,       74 ,       57 ,      140 ,      150 ,       44 ,       25 ,      148 ,      185 ,      155 ,       41 ,      134 ,      124 ,      173 ,      174 ,       78 ,       83 ,      164 ,       77 ,      118 ,      154 ,       16 ,      163 ,       97 ,      158 ,      179 ,      197 ,       63 ,       68 ,      193 ,       50 ,        7 ,       70 ,        9 ,       92 ,       75 ,      165 ,      127 ,       42 ,      186 ,        8 ,       13 ,      113 ,       73 ,      188 ,       28 ,       14 ,      166 ,      120 ,       52 ,       69 ,      145 , 
     137 ,      112 ,      125 ,      199 ,       39 ,      171 ,       84 ,       24 ,      119 ,      194 ,        1 ,      153 ,       38 ,      138 ,      123 ,       49 ,      108 ,       64 ,      168 ,      130 ,       98 ,       40 ,       61 ,        5 ,       23 ,      117 ,       20 ,      196 ,       80 ,       32 ,       59 ,       55 ,      177 ,      190 ,       56 ,       22 ,       67 ,       36 ,       95 ,      126 ,       33 ,       18 ,      114 ,      172 ,      116 ,        0 ,      129 ,       30 ,       91 ,      142 ,       65 ,       85 ,      198 ,      159 ,      109 ,        2 ,      167 ,       93 ,      101 ,      107 ,      152 ,       46 ,      191 ,      187 ,      131 ,        3 ,      189 ,      110 ,       89 ,      151 ,      121 ,      178 ,      122 ,       12 ,       87 ,      103 ,       88 ,       54 ,       81 ,      170 ,       17 ,       53 ,      143 ,      181 ,       90 ,        4 ,       60 ,       58 ,      133 ,       11 ,      106 ,      176 ,      146 ,      183 ,       71 ,       27 ,       79 ,      161 ,      156 ,      136 ,       35 ,      147 ,       10 ,      169 ,       86 ,      175 ,      192 ,       19 ,       82 ,      144 ,       72 ,       34 ,      157 ,       94 ,       99 ,      162 ,       76 ,      104 ,      128 ,      160 ,      149 ,      111 ,       37 ,      100 ,      105 ,        6 ,      102 ,      132 ,       26 ,       43 ,      141 ,      182 ,       29 ,      195 ,      139 ,      115 ,       62 ,      135 ,      184 ,       48 ,       51 ,       21 ,       31 ,      180 ,       15 ,       96 ,       47 ,       74 ,       57 ,       66 ,       45 ,      140 ,      150 ,       25 ,       44 ,      185 ,      148 ,       41 ,      155 ,      134 ,      173 ,      174 ,       78 ,      124 ,       83 ,      164 ,       77 ,      154 ,      118 ,      163 ,       16 ,       97 ,      158 ,      179 ,       63 ,      197 ,      193 ,       68 ,        7 ,       50 ,       70 ,       92 ,      165 ,        9 ,       75 ,      186 ,       42 ,      127 ,        8 ,       13 ,      113 ,      188 ,       73 ,       28 ,      120 ,       14 ,      166 ,       52 ,       69 ,      145 , 
     137 ,      112 ,      125 ,      199 ,       39 ,      171 ,       24 ,      194 ,       84 ,      119 ,        1 ,      153 ,       38 ,      123 ,      138 ,      108 ,       64 ,      168 ,       49 ,       98 ,      130 ,       61 ,        5 ,       40 ,       23 ,       20 ,      117 ,       80 ,      196 ,       55 ,       59 ,       32 ,       56 ,      177 ,      190 ,       22 ,       67 ,       36 ,       95 ,      126 ,       18 ,      116 ,      114 ,       33 ,        0 ,      172 ,       30 ,       91 ,      129 ,      142 ,      198 ,       85 ,       65 ,        2 ,      167 ,      109 ,       93 ,      159 ,      107 ,      101 ,       46 ,      152 ,      131 ,        3 ,      191 ,      187 ,       89 ,      189 ,      121 ,      110 ,      122 ,      151 ,       87 ,      103 ,       12 ,       54 ,      178 ,       81 ,       88 ,      170 ,      143 ,       17 ,       53 ,      181 ,        4 ,       58 ,       60 ,       90 ,      133 ,       11 ,      106 ,      176 ,       71 ,      183 ,      146 ,       79 ,       27 ,      161 ,      136 ,      156 ,       10 ,      147 ,       35 ,       86 ,      192 ,      169 ,      175 ,       82 ,       19 ,       34 ,       72 ,      144 ,       94 ,      157 ,      162 ,      104 ,      128 ,       99 ,       76 ,      149 ,      160 ,       37 ,      111 ,      100 ,      105 ,      102 ,      132 ,        6 ,      141 ,      182 ,       26 ,       43 ,       29 ,      195 ,       62 ,      139 ,      135 ,      115 ,      184 ,       48 ,       51 ,      180 ,       21 ,       31 ,       96 ,       74 ,       15 ,       57 ,       47 ,       45 ,       66 ,      140 ,       25 ,      185 ,      150 ,       41 ,      155 ,      148 ,       44 ,      174 ,      134 ,       78 ,      173 ,      124 ,       77 ,       83 ,      164 ,      154 ,      163 ,       97 ,       16 ,      118 ,      179 ,      158 ,       63 ,      197 ,      193 ,       68 ,        7 ,       50 ,       92 ,        9 ,       70 ,      165 ,       42 ,      186 ,       75 ,       13 ,      127 ,        8 ,      113 ,      188 ,       73 ,      120 ,       28 ,       52 ,       14 ,      145 ,       69 ,      166 , 
     125 ,      112 ,      137 ,      171 ,      199 ,       24 ,       39 ,      194 ,        1 ,       84 ,      119 ,      153 ,       38 ,      123 ,      138 ,      108 ,       64 ,      168 ,       49 ,       61 ,       98 ,      130 ,        5 ,       40 ,      117 ,       23 ,       20 ,       80 ,      196 ,       55 ,       59 ,       56 ,       32 ,       22 ,      177 ,      190 ,       67 ,       95 ,      126 ,       36 ,       18 ,       33 ,      114 ,        0 ,      116 ,      172 ,       30 ,       91 ,      129 ,      142 ,       85 ,        2 ,      198 ,      167 ,       65 ,      159 ,      109 ,      101 ,       93 ,      107 ,      152 ,       46 ,      131 ,      187 ,        3 ,      191 ,       89 ,      121 ,      189 ,      110 ,      151 ,      122 ,      103 ,       87 ,       12 ,       81 ,       88 ,      178 ,       54 ,      170 ,       17 ,      143 ,       53 ,        4 ,       58 ,      181 ,      133 ,       60 ,       11 ,      176 ,       90 ,      106 ,      183 ,       71 ,       27 ,      146 ,      161 ,       79 ,      136 ,      156 ,      147 ,       35 ,       10 ,      192 ,      169 ,       86 ,       19 ,      175 ,       72 ,       82 ,       34 ,      144 ,       94 ,      162 ,      104 ,      157 ,       99 ,       76 ,      160 ,      128 ,      111 ,      149 ,      105 ,       37 ,      102 ,      132 ,      100 ,        6 ,      141 ,      182 ,       26 ,       43 ,      195 ,       29 ,      139 ,       62 ,      184 ,      135 ,      115 ,       51 ,       48 ,      180 ,       21 ,       31 ,       15 ,       96 ,       57 ,       45 ,       47 ,       74 ,      140 ,       66 ,      185 ,       25 ,      150 ,      155 ,       41 ,       44 ,      148 ,      134 ,       78 ,      124 ,      173 ,      174 ,       83 ,       77 ,      164 ,      154 ,       97 ,       16 ,      163 ,      158 ,      179 ,      118 ,       63 ,      197 ,      193 ,        7 ,       92 ,       50 ,       68 ,        9 ,       70 ,      186 ,       75 ,      165 ,       42 ,       13 ,      127 ,        8 ,      188 ,      113 ,       73 ,      120 ,       28 ,       14 ,       52 ,       69 ,      145 ,      166 , 
     112 ,      137 ,      125 ,      171 ,      199 ,       39 ,       24 ,       84 ,      194 ,        1 ,      119 ,       38 ,      153 ,      123 ,      138 ,       64 ,      108 ,      168 ,       49 ,       98 ,       61 ,      130 ,       40 ,       23 ,        5 ,      117 ,       80 ,       20 ,      196 ,       55 ,       59 ,       56 ,       32 ,      190 ,       22 ,      177 ,       67 ,       36 ,       95 ,      126 ,       18 ,      114 ,      116 ,       33 ,        0 ,      172 ,       91 ,      129 ,       30 ,      142 ,       85 ,        2 ,      167 ,       65 ,      198 ,      159 ,      109 ,      101 ,       93 ,      152 ,      131 ,       46 ,      107 ,      187 ,        3 ,      191 ,      121 ,      189 ,       89 ,      110 ,      103 ,      151 ,      122 ,       12 ,       87 ,      178 ,       81 ,       54 ,       17 ,       88 ,      170 ,      143 ,       53 ,       58 ,        4 ,      181 ,       11 ,      133 ,       60 ,       90 ,       71 ,      176 ,      183 ,      106 ,      146 ,      161 ,       79 ,       27 ,      147 ,      136 ,       35 ,      156 ,       10 ,      169 ,      192 ,       19 ,       86 ,      175 ,       34 ,       72 ,      144 ,       82 ,       94 ,      104 ,      162 ,      157 ,      149 ,       76 ,      160 ,       99 ,      111 ,      128 ,       37 ,      105 ,      102 ,        6 ,      132 ,      141 ,      100 ,       43 ,      182 ,       26 ,      139 ,      195 ,       29 ,      184 ,      135 ,       62 ,      115 ,       51 ,       21 ,       48 ,       31 ,       15 ,      180 ,       57 ,       96 ,       45 ,       47 ,      140 ,      185 ,       74 ,       25 ,       66 ,      155 ,       44 ,      150 ,      148 ,       78 ,       41 ,      134 ,      173 ,      124 ,      174 ,       77 ,      154 ,       83 ,      164 ,       97 ,      163 ,       16 ,      158 ,      179 ,      118 ,       63 ,        7 ,      197 ,      193 ,       50 ,       68 ,       92 ,        9 ,      186 ,       75 ,       70 ,       13 ,      127 ,      165 ,        8 ,      188 ,       42 ,       73 ,      120 ,       14 ,      113 ,       69 ,       28 ,       52 ,      145 ,      166 , 
     125 ,      112 ,      171 ,      137 ,      199 ,       24 ,       39 ,       84 ,      194 ,        1 ,      119 ,       38 ,      123 ,      153 ,      138 ,       64 ,      108 ,      168 ,       49 ,       98 ,       40 ,      130 ,       61 ,       23 ,        5 ,      117 ,      196 ,       80 ,       55 ,       20 ,       32 ,      190 ,       59 ,      177 ,       22 ,       56 ,       67 ,       95 ,      126 ,       36 ,       18 ,      116 ,       33 ,      114 ,        0 ,      172 ,       91 ,      142 ,       85 ,       30 ,        2 ,       65 ,      129 ,      167 ,      159 ,      198 ,      101 ,      109 ,       93 ,       46 ,      152 ,      187 ,      131 ,      107 ,      121 ,      189 ,      191 ,        3 ,      151 ,       89 ,      122 ,       12 ,       87 ,      103 ,       81 ,      110 ,      178 ,       17 ,       54 ,      170 ,       88 ,      143 ,       53 ,       58 ,      181 ,      133 ,        4 ,       90 ,       60 ,       11 ,       71 ,      183 ,      176 ,      146 ,      161 ,      106 ,       79 ,      136 ,       27 ,      147 ,      156 ,      169 ,       10 ,       35 ,       86 ,       34 ,       19 ,       72 ,      175 ,      192 ,       94 ,       82 ,      144 ,      104 ,      162 ,      157 ,      160 ,      149 ,      111 ,       76 ,       99 ,      128 ,       37 ,        6 ,      102 ,      105 ,      132 ,      141 ,       43 ,       26 ,      100 ,      139 ,       29 ,      182 ,      195 ,       62 ,      184 ,      115 ,      135 ,       51 ,       48 ,       31 ,       21 ,       15 ,      180 ,       45 ,       57 ,       96 ,      140 ,       47 ,       74 ,      185 ,      155 ,       66 ,       25 ,       44 ,      148 ,      150 ,       41 ,       78 ,      134 ,      173 ,      174 ,      124 ,       77 ,       83 ,       97 ,      154 ,      164 ,       16 ,      163 ,      179 ,      158 ,        7 ,      118 ,       63 ,      197 ,       50 ,      193 ,       68 ,        9 ,       92 ,       75 ,      186 ,       70 ,       13 ,      127 ,      165 ,      188 ,       42 ,      120 ,       73 ,        8 ,      113 ,       14 ,       69 ,       52 ,       28 ,      166 ,      145 , 
     112 ,      171 ,      199 ,      125 ,      137 ,       39 ,       24 ,       84 ,      119 ,      194 ,       38 ,      123 ,        1 ,      138 ,      153 ,      108 ,       64 ,       49 ,      168 ,       98 ,       61 ,       40 ,       23 ,      130 ,        5 ,      196 ,      117 ,       20 ,       80 ,       55 ,       32 ,      190 ,       59 ,       56 ,      177 ,       22 ,       67 ,      126 ,       95 ,       18 ,       36 ,       33 ,        0 ,      116 ,      114 ,      172 ,       91 ,      142 ,       30 ,        2 ,       65 ,       85 ,      129 ,      167 ,      159 ,      109 ,      101 ,      198 ,       93 ,      187 ,      152 ,       46 ,      131 ,      107 ,      121 ,      189 ,      151 ,        3 ,      191 ,       89 ,       87 ,      103 ,       12 ,      122 ,       81 ,      178 ,       17 ,      110 ,       54 ,      143 ,       88 ,       53 ,      181 ,      170 ,      133 ,       58 ,       60 ,        4 ,       90 ,       11 ,      183 ,      146 ,       71 ,      176 ,      161 ,      106 ,       79 ,       27 ,      136 ,      147 ,      156 ,      169 ,       10 ,       34 ,       19 ,       86 ,       35 ,       72 ,       94 ,      175 ,      192 ,       82 ,      104 ,      162 ,      149 ,      144 ,      160 ,      157 ,      111 ,       76 ,       99 ,      128 ,        6 ,       37 ,      102 ,      105 ,       43 ,      141 ,      132 ,       26 ,      139 ,      182 ,      100 ,       29 ,      195 ,       62 ,      184 ,      115 ,      135 ,       31 ,       48 ,       15 ,       51 ,       21 ,       57 ,      180 ,      140 ,       45 ,       96 ,      185 ,       47 ,       74 ,       25 ,      155 ,      148 ,       66 ,       44 ,       78 ,       41 ,      150 ,      134 ,      174 ,      173 ,      124 ,       77 ,      164 ,       83 ,       97 ,      154 ,       16 ,      163 ,        7 ,      179 ,       63 ,      158 ,      197 ,       50 ,      118 ,        9 ,       68 ,      193 ,       92 ,       70 ,       75 ,      127 ,      186 ,       13 ,      165 ,      188 ,       73 ,      120 ,        8 ,       42 ,      113 ,       14 ,       69 ,       28 ,       52 ,      166 ,      145 , 
