1290 , 200 , 10 , 241906 , IG
      81 ,       98 ,       36 ,        4 ,      136 ,       59 ,       64 ,       45 ,      181 ,      196 ,       89 ,      144 ,       31 ,       62 ,       53 ,       37 ,       11 ,      171 ,      168 ,       29 ,       43 ,       54 ,        5 ,       21 ,       76 ,       73 ,      139 ,      109 ,       74 ,      175 ,      132 ,      160 ,       67 ,      189 ,       90 ,      105 ,      184 ,      178 ,       55 ,      188 ,       19 ,      195 ,      183 ,       32 ,       83 ,      121 ,       57 ,      130 ,       75 ,      191 ,       10 ,      122 ,      156 ,        1 ,       16 ,       18 ,      120 ,       47 ,       65 ,       71 ,      119 ,      101 ,      194 ,       94 ,       95 ,      177 ,        7 ,       84 ,       28 ,       49 ,      154 ,      104 ,       60 ,      161 ,       93 ,      123 ,      147 ,       52 ,        9 ,       96 ,       92 ,      148 ,      163 ,      127 ,      167 ,      146 ,      157 ,      124 ,      174 ,      186 ,      145 ,      143 ,      114 ,       69 ,      129 ,       61 ,       24 ,      107 ,       17 ,      138 ,       86 ,       14 ,       77 ,        3 ,       39 ,      126 ,       88 ,       20 ,       56 ,      172 ,      141 ,        6 ,      155 ,        2 ,       99 ,       78 ,       35 ,      100 ,      151 ,      164 ,      111 ,       40 ,       51 ,      128 ,      176 ,        8 ,       58 ,       12 ,      182 ,       48 ,       87 ,      131 ,       30 ,       97 ,      153 ,      149 ,       72 ,      135 ,       15 ,      110 ,      116 ,       22 ,      190 ,      113 ,       44 ,      125 ,      185 ,       27 ,        0 ,      152 ,       82 ,       33 ,      118 ,       42 ,      158 ,       66 ,       50 ,       25 ,      134 ,      117 ,      197 ,       70 ,       41 ,      103 ,      150 ,      170 ,       46 ,      140 ,      159 ,      142 ,      166 ,       68 ,      108 ,       26 ,      193 ,       85 ,      165 ,      198 ,      115 ,       38 ,      137 ,      180 ,       63 ,       79 ,       34 ,       13 ,      192 ,      179 ,       80 ,      187 ,      169 ,       91 ,      133 ,      112 ,      102 ,      106 ,       23 ,      173 ,      162 ,      199 , 
      36 ,        4 ,       81 ,       98 ,       64 ,      136 ,       59 ,       45 ,       89 ,      196 ,      144 ,       31 ,      181 ,       53 ,       11 ,       62 ,       37 ,      171 ,       43 ,      168 ,        5 ,       54 ,       21 ,       76 ,       29 ,      139 ,       73 ,      175 ,       74 ,      132 ,      109 ,       67 ,      160 ,      105 ,       90 ,      178 ,      184 ,      189 ,       19 ,      188 ,      183 ,       55 ,      195 ,       32 ,      121 ,       57 ,       83 ,      191 ,      130 ,      122 ,      156 ,       75 ,        1 ,       18 ,      120 ,       16 ,       65 ,       10 ,      119 ,      101 ,       71 ,       47 ,       95 ,       94 ,       84 ,      194 ,      177 ,        7 ,       28 ,       49 ,      104 ,      154 ,      161 ,      123 ,       60 ,       93 ,      147 ,       52 ,       96 ,       92 ,        9 ,      127 ,      163 ,      148 ,      146 ,      167 ,      157 ,      124 ,      174 ,      186 ,      143 ,      114 ,      145 ,       69 ,      129 ,       24 ,      107 ,       61 ,       86 ,       17 ,      138 ,       14 ,        3 ,       77 ,      126 ,       88 ,       39 ,       56 ,       20 ,        6 ,      172 ,      141 ,       99 ,      155 ,       78 ,       35 ,        2 ,      151 ,      100 ,      164 ,       40 ,       51 ,      111 ,      128 ,       58 ,       12 ,      176 ,        8 ,       48 ,      182 ,      131 ,       87 ,       30 ,       72 ,       97 ,      135 ,      149 ,       15 ,      110 ,      153 ,      116 ,      113 ,       44 ,      190 ,      185 ,      125 ,       27 ,       22 ,        0 ,       82 ,      152 ,      118 ,      158 ,       33 ,       66 ,       42 ,      134 ,      197 ,       50 ,       25 ,      117 ,       70 ,      150 ,       41 ,      140 ,      103 ,      159 ,      170 ,       46 ,      166 ,      142 ,       68 ,      108 ,       85 ,       26 ,      198 ,      165 ,      115 ,      193 ,       63 ,       80 ,       13 ,       38 ,      180 ,       79 ,      179 ,      137 ,       34 ,      192 ,      169 ,      187 ,       91 ,      102 ,      133 ,      112 ,      106 ,       23 ,      162 ,      173 ,      199 , 
      36 ,        4 ,       98 ,       81 ,       64 ,      136 ,       59 ,      196 ,       45 ,      144 ,       89 ,       53 ,      181 ,       11 ,       31 ,       37 ,      171 ,       62 ,      168 ,       43 ,       54 ,       21 ,        5 ,       76 ,       73 ,       29 ,      109 ,      139 ,      132 ,      175 ,       74 ,      160 ,      105 ,       67 ,       90 ,      178 ,      189 ,      184 ,      183 ,       19 ,      188 ,      195 ,       55 ,      121 ,       57 ,       32 ,       83 ,      191 ,      130 ,       75 ,      156 ,        1 ,      122 ,       18 ,      120 ,       16 ,       65 ,       10 ,       71 ,      119 ,       95 ,       47 ,      101 ,       94 ,       84 ,      177 ,      194 ,        7 ,       49 ,      154 ,       28 ,      123 ,      104 ,       93 ,      161 ,       52 ,       60 ,      147 ,       92 ,       96 ,      127 ,      148 ,        9 ,      163 ,      167 ,      146 ,      124 ,      157 ,      143 ,      174 ,      186 ,      114 ,      129 ,       69 ,      107 ,      145 ,       24 ,       86 ,       61 ,       17 ,      138 ,       14 ,       77 ,        3 ,       88 ,       56 ,      126 ,       20 ,       39 ,        6 ,      172 ,       99 ,      141 ,       78 ,      155 ,        2 ,      151 ,       35 ,      164 ,      100 ,       40 ,      111 ,       58 ,       51 ,      128 ,        8 ,      176 ,       12 ,      182 ,      131 ,       48 ,       87 ,       97 ,      135 ,       30 ,       72 ,       15 ,      110 ,      149 ,      153 ,      116 ,       44 ,      113 ,      190 ,       27 ,      125 ,      185 ,        0 ,       82 ,       22 ,      118 ,      152 ,       66 ,       42 ,      134 ,       33 ,      158 ,       50 ,       25 ,      197 ,      117 ,      150 ,      140 ,       70 ,       41 ,      103 ,       46 ,      170 ,      159 ,       68 ,      166 ,      142 ,       85 ,      108 ,       26 ,      198 ,      165 ,      115 ,      193 ,       80 ,       63 ,       13 ,       38 ,      180 ,       79 ,      179 ,      192 ,      137 ,       34 ,      187 ,      169 ,      102 ,       91 ,      133 ,      112 ,       23 ,      106 ,      162 ,      173 ,      199 , 
      98 ,       81 ,       36 ,        4 ,      136 ,      196 ,       64 ,       59 ,       89 ,      144 ,       53 ,       45 ,      181 ,       37 ,       11 ,       62 ,       31 ,      171 ,       54 ,       21 ,      168 ,        5 ,       43 ,       29 ,       76 ,       73 ,      139 ,      109 ,      132 ,      175 ,      160 ,       74 ,       67 ,       90 ,      178 ,      105 ,      183 ,      184 ,       19 ,      189 ,      188 ,      121 ,      195 ,       57 ,       32 ,       55 ,      191 ,       83 ,       75 ,        1 ,      156 ,      130 ,      122 ,      120 ,       18 ,       16 ,       71 ,       65 ,       10 ,      119 ,       95 ,      101 ,       47 ,       84 ,       94 ,      177 ,        7 ,      154 ,      194 ,       49 ,      123 ,      104 ,       93 ,      161 ,       28 ,      147 ,       52 ,       60 ,       92 ,      148 ,       96 ,        9 ,      127 ,      146 ,      163 ,      167 ,      157 ,      174 ,      186 ,      124 ,      143 ,      129 ,      107 ,       69 ,      145 ,       86 ,      114 ,       17 ,       24 ,       61 ,       77 ,      138 ,       88 ,        3 ,       14 ,      126 ,       20 ,       56 ,       39 ,        6 ,      172 ,      141 ,       99 ,       78 ,        2 ,      151 ,      164 ,      155 ,      100 ,       40 ,       35 ,      111 ,       51 ,       58 ,        8 ,      128 ,       12 ,      182 ,      176 ,       87 ,       48 ,      131 ,       30 ,       97 ,      135 ,       72 ,      110 ,      153 ,       15 ,      116 ,      149 ,      190 ,      113 ,       27 ,      125 ,       44 ,        0 ,      185 ,      118 ,      152 ,       82 ,       22 ,       33 ,       42 ,      134 ,       66 ,      158 ,       50 ,       25 ,      197 ,      140 ,      117 ,       70 ,      150 ,      103 ,       41 ,       46 ,      170 ,      159 ,      166 ,       68 ,      142 ,       85 ,      108 ,      165 ,      115 ,       26 ,      198 ,      193 ,       63 ,       80 ,      180 ,       13 ,       38 ,       79 ,      179 ,      137 ,      192 ,      169 ,       34 ,      187 ,      133 ,       91 ,      102 ,      112 ,       23 ,      162 ,      199 ,      106 ,      173 , 
      98 ,       36 ,       81 ,      196 ,      136 ,        4 ,       89 ,       64 ,       59 ,       53 ,       45 ,      144 ,       37 ,      181 ,       62 ,       11 ,       54 ,       21 ,      168 ,       31 ,        5 ,       43 ,      171 ,       29 ,       76 ,      139 ,      109 ,       73 ,      132 ,       74 ,      160 ,       67 ,      175 ,      178 ,       90 ,      184 ,      105 ,      189 ,       19 ,      183 ,      121 ,       57 ,      195 ,      188 ,      191 ,       32 ,       75 ,       55 ,       83 ,      156 ,      130 ,        1 ,      120 ,       18 ,      122 ,       16 ,       71 ,      119 ,       10 ,       65 ,      101 ,       84 ,       94 ,       95 ,       47 ,      177 ,        7 ,      194 ,      154 ,       49 ,      123 ,      161 ,      104 ,       93 ,       28 ,      147 ,       92 ,      148 ,       52 ,       60 ,        9 ,      127 ,      146 ,       96 ,      163 ,      157 ,      167 ,      186 ,      143 ,      174 ,      107 ,      124 ,      129 ,       86 ,      145 ,       17 ,       24 ,       69 ,      114 ,       61 ,       77 ,      138 ,        3 ,       14 ,       88 ,      126 ,       20 ,       56 ,       39 ,      141 ,        6 ,      172 ,       78 ,       99 ,      164 ,      155 ,        2 ,       40 ,      151 ,      100 ,      111 ,       35 ,       51 ,        8 ,      128 ,       58 ,       12 ,      182 ,       30 ,      176 ,      131 ,       87 ,       48 ,      135 ,      110 ,       72 ,       97 ,      153 ,      149 ,      190 ,       15 ,      116 ,       44 ,       27 ,      118 ,        0 ,      113 ,      125 ,       82 ,      185 ,       22 ,      152 ,       33 ,       42 ,      134 ,       50 ,       66 ,      197 ,      158 ,      117 ,      140 ,       70 ,       41 ,       25 ,      150 ,      103 ,       46 ,      166 ,      170 ,       68 ,      159 ,       85 ,      142 ,      108 ,      165 ,      115 ,      198 ,       26 ,       63 ,      193 ,      180 ,       38 ,       79 ,       80 ,      179 ,      192 ,       13 ,      137 ,       34 ,      169 ,      187 ,      133 ,      112 ,       23 ,      102 ,       91 ,      199 ,      106 ,      162 ,      173 , 
      98 ,       36 ,       81 ,      196 ,      136 ,        4 ,       64 ,       59 ,       89 ,      144 ,       37 ,       45 ,       53 ,      181 ,       62 ,       11 ,       21 ,       31 ,       54 ,        5 ,      168 ,      171 ,       29 ,       43 ,      139 ,       76 ,      132 ,      109 ,       73 ,       74 ,       67 ,      160 ,       90 ,      175 ,      178 ,      184 ,       19 ,      105 ,      189 ,      183 ,      195 ,      188 ,      121 ,      191 ,       75 ,       55 ,       57 ,       32 ,       83 ,      156 ,      130 ,      120 ,       18 ,        1 ,       16 ,      122 ,       71 ,      119 ,       65 ,       10 ,      101 ,       84 ,       95 ,       47 ,      177 ,       94 ,        7 ,      154 ,       49 ,      194 ,      123 ,      104 ,       93 ,      161 ,      147 ,       28 ,      148 ,       52 ,        9 ,       60 ,       92 ,       96 ,      127 ,      146 ,      186 ,      157 ,      163 ,      167 ,      107 ,      143 ,      124 ,      174 ,      145 ,       17 ,      129 ,       86 ,       69 ,       61 ,      114 ,       24 ,       77 ,        3 ,      138 ,       20 ,      126 ,       56 ,       14 ,       88 ,        6 ,       39 ,      141 ,      172 ,       78 ,      155 ,       99 ,      164 ,      151 ,        2 ,      100 ,      111 ,       35 ,       40 ,        8 ,       51 ,       12 ,      128 ,      182 ,       58 ,      176 ,       30 ,      131 ,       87 ,       48 ,      110 ,      135 ,       72 ,      153 ,      190 ,       15 ,      149 ,       97 ,      116 ,       44 ,      118 ,       27 ,      125 ,        0 ,      113 ,       82 ,      185 ,       22 ,      152 ,      134 ,       50 ,       42 ,       33 ,       66 ,      117 ,      197 ,      158 ,      140 ,       70 ,       25 ,      150 ,       41 ,      166 ,       46 ,      103 ,       68 ,      159 ,      170 ,      142 ,       85 ,      108 ,      198 ,      165 ,      115 ,       26 ,      180 ,      193 ,       63 ,       80 ,      179 ,       38 ,       79 ,      137 ,       13 ,       34 ,      192 ,      169 ,      187 ,      133 ,       23 ,      102 ,      199 ,       91 ,      112 ,      106 ,      162 ,      173 , 
      36 ,       81 ,       98 ,        4 ,      196 ,      136 ,       59 ,      144 ,       64 ,       37 ,       89 ,      181 ,       53 ,       11 ,       45 ,       62 ,       54 ,       31 ,        5 ,       21 ,      171 ,      168 ,       29 ,       76 ,       43 ,      139 ,       73 ,      109 ,       67 ,       74 ,      160 ,      132 ,      178 ,      175 ,       90 ,       19 ,      189 ,      184 ,      105 ,      195 ,      121 ,      191 ,      188 ,      183 ,       75 ,       55 ,       83 ,       57 ,       32 ,      120 ,       18 ,      156 ,        1 ,      130 ,       71 ,      122 ,       16 ,      119 ,       10 ,      101 ,       65 ,       95 ,      177 ,       84 ,       94 ,        7 ,       47 ,      194 ,      154 ,       49 ,      104 ,       93 ,      161 ,      123 ,       28 ,      147 ,      148 ,       60 ,       92 ,        9 ,       52 ,      127 ,       96 ,      146 ,      186 ,      163 ,      157 ,      107 ,      167 ,      143 ,      174 ,      124 ,       17 ,      145 ,       69 ,       86 ,       61 ,      129 ,       24 ,      114 ,       77 ,        3 ,      138 ,      126 ,       20 ,       88 ,       14 ,       56 ,       39 ,      172 ,      141 ,        6 ,       78 ,       99 ,      164 ,      155 ,      151 ,      100 ,        2 ,      111 ,       40 ,        8 ,       12 ,       35 ,       51 ,      128 ,       58 ,       30 ,      182 ,       87 ,      131 ,      176 ,       48 ,      135 ,      110 ,       72 ,       15 ,      153 ,      149 ,      190 ,       27 ,      116 ,       97 ,       44 ,      125 ,       82 ,      113 ,        0 ,      118 ,       22 ,      185 ,      152 ,      134 ,       42 ,       33 ,       66 ,       50 ,      117 ,      197 ,      158 ,       70 ,      150 ,      140 ,       41 ,       25 ,      166 ,       46 ,      103 ,       68 ,      159 ,      170 ,      142 ,       85 ,      165 ,      108 ,       26 ,      198 ,      180 ,       63 ,      115 ,      193 ,       80 ,      179 ,      137 ,       34 ,       38 ,       79 ,       13 ,      192 ,      187 ,      169 ,       23 ,      102 ,      133 ,       91 ,      112 ,      199 ,      106 ,      173 ,      162 , 
      81 ,       36 ,       98 ,      136 ,      196 ,        4 ,       59 ,      144 ,       37 ,       89 ,      181 ,       64 ,       11 ,       62 ,       53 ,       45 ,       54 ,       31 ,      171 ,        5 ,       29 ,       21 ,       43 ,       76 ,      168 ,       73 ,       67 ,      109 ,      139 ,      160 ,      132 ,      175 ,       74 ,       19 ,      178 ,       90 ,      189 ,      184 ,      105 ,      195 ,      191 ,      183 ,      121 ,       75 ,      188 ,       57 ,       83 ,       55 ,      120 ,      156 ,       32 ,       18 ,        1 ,       71 ,      130 ,       16 ,      122 ,       10 ,      101 ,       95 ,      119 ,       65 ,      177 ,       84 ,       94 ,        7 ,       47 ,      154 ,      194 ,       49 ,      161 ,      104 ,      123 ,       28 ,       93 ,      147 ,       60 ,       92 ,      148 ,       52 ,        9 ,      146 ,      127 ,      186 ,       96 ,      163 ,      157 ,      107 ,      143 ,      167 ,      174 ,      124 ,      145 ,       86 ,       17 ,       61 ,       69 ,       24 ,       77 ,      129 ,        3 ,      126 ,      114 ,       88 ,       14 ,      138 ,      172 ,       56 ,       20 ,       39 ,      141 ,       78 ,        6 ,       99 ,      164 ,      155 ,      151 ,      100 ,        2 ,        8 ,      111 ,       12 ,       40 ,      128 ,       35 ,       58 ,       51 ,       30 ,      182 ,       87 ,      176 ,      131 ,       48 ,      110 ,      135 ,       72 ,       15 ,      153 ,      149 ,      190 ,      116 ,       27 ,       44 ,       82 ,       97 ,        0 ,      125 ,      113 ,       22 ,      118 ,      134 ,      152 ,      185 ,       42 ,       33 ,       50 ,      197 ,       66 ,      117 ,      158 ,      150 ,      140 ,       70 ,      166 ,       41 ,       25 ,       68 ,       46 ,      159 ,      103 ,      170 ,      142 ,      165 ,       85 ,      108 ,       26 ,       63 ,      115 ,      180 ,      198 ,      193 ,       80 ,       34 ,      179 ,      137 ,       13 ,       38 ,      192 ,       79 ,       23 ,      169 ,      133 ,      102 ,      187 ,      112 ,       91 ,      199 ,      173 ,      106 ,      162 , 
      81 ,       98 ,       36 ,      136 ,      196 ,        4 ,       59 ,      144 ,       37 ,      181 ,       89 ,       11 ,       62 ,       64 ,       53 ,       31 ,       54 ,       45 ,       29 ,      171 ,       21 ,        5 ,      168 ,       43 ,       76 ,       73 ,       67 ,      109 ,      160 ,      132 ,      175 ,      139 ,       74 ,       19 ,       90 ,      189 ,      184 ,      178 ,      191 ,      105 ,      121 ,      195 ,      183 ,      188 ,       75 ,       57 ,      120 ,       55 ,      156 ,       83 ,        1 ,       71 ,       18 ,       32 ,      122 ,       16 ,      130 ,      101 ,       95 ,       10 ,      119 ,       65 ,       47 ,       84 ,      177 ,       94 ,        7 ,       49 ,      194 ,      154 ,      161 ,      104 ,      123 ,       93 ,       28 ,       92 ,      147 ,       60 ,      148 ,      146 ,       52 ,      127 ,        9 ,       96 ,      186 ,      107 ,      163 ,      157 ,      143 ,      174 ,      145 ,       86 ,      124 ,      167 ,       69 ,       61 ,       17 ,       24 ,        3 ,       77 ,      129 ,      114 ,       14 ,      126 ,      138 ,       88 ,      172 ,       56 ,       20 ,      141 ,       39 ,       99 ,       78 ,        6 ,      151 ,      164 ,      155 ,        8 ,      100 ,       12 ,        2 ,      128 ,      111 ,       40 ,       51 ,       35 ,       58 ,      182 ,       30 ,       87 ,      135 ,       48 ,      176 ,      131 ,      110 ,      153 ,       72 ,       15 ,      116 ,      149 ,      190 ,       82 ,       97 ,       44 ,       27 ,      125 ,        0 ,      113 ,       22 ,      118 ,      152 ,      185 ,      134 ,       50 ,       42 ,       33 ,       66 ,      197 ,      117 ,      150 ,      158 ,      166 ,      140 ,       70 ,       68 ,       25 ,       41 ,       46 ,      159 ,      170 ,      142 ,       85 ,      165 ,      103 ,      108 ,      180 ,       26 ,      115 ,       63 ,      193 ,      198 ,       34 ,       80 ,      179 ,      137 ,       13 ,       38 ,       79 ,      192 ,      133 ,       23 ,      187 ,      169 ,       91 ,      102 ,      112 ,      106 ,      199 ,      173 ,      162 , 
      98 ,       81 ,      136 ,       36 ,      196 ,        4 ,       37 ,       59 ,      181 ,      144 ,       89 ,       64 ,       11 ,       53 ,       62 ,       31 ,       45 ,       54 ,       29 ,      168 ,       73 ,       76 ,       21 ,       43 ,      175 ,        5 ,      109 ,      132 ,       67 ,       74 ,      160 ,      171 ,      189 ,       90 ,      195 ,      178 ,      139 ,      191 ,      121 ,       19 ,      105 ,      183 ,      184 ,      120 ,      188 ,       75 ,       83 ,        1 ,      156 ,       57 ,       55 ,       18 ,       71 ,       32 ,       16 ,      122 ,      101 ,       10 ,      130 ,      119 ,       47 ,       95 ,      177 ,       65 ,        7 ,       84 ,       94 ,      154 ,      104 ,       49 ,      194 ,      161 ,      123 ,       92 ,       93 ,       28 ,       60 ,      147 ,       52 ,      146 ,      127 ,      148 ,      186 ,        9 ,      107 ,      163 ,       96 ,      143 ,      174 ,      157 ,       86 ,      145 ,      167 ,      124 ,       69 ,       61 ,       17 ,       77 ,        3 ,      114 ,       24 ,      126 ,       14 ,      129 ,       88 ,      138 ,      172 ,       56 ,      141 ,       99 ,       20 ,        6 ,       39 ,       78 ,      155 ,      151 ,      100 ,      164 ,       12 ,        8 ,      128 ,      111 ,        2 ,       40 ,       35 ,      182 ,       51 ,       58 ,       87 ,      135 ,      176 ,       30 ,       48 ,      110 ,      131 ,      153 ,       15 ,       72 ,      116 ,       97 ,      149 ,      190 ,       44 ,      125 ,      113 ,       82 ,       27 ,        0 ,      118 ,      152 ,       22 ,       33 ,      185 ,      134 ,       42 ,       50 ,      197 ,       66 ,      150 ,      166 ,      117 ,      158 ,       70 ,      140 ,       68 ,       25 ,       41 ,       46 ,      170 ,      142 ,      159 ,      165 ,      103 ,       85 ,      108 ,      115 ,      180 ,       63 ,       26 ,      193 ,       34 ,      198 ,       80 ,       13 ,      179 ,      137 ,       38 ,       79 ,       23 ,      133 ,      192 ,      169 ,       91 ,      187 ,      102 ,      112 ,      173 ,      106 ,      199 ,      162 , 
