794 , 200 , 10 , 432510 , IGT
      84 ,      124 ,       13 ,       96 ,      141 ,       43 ,       28 ,       78 ,       60 ,        4 ,       56 ,       50 ,      105 ,      133 ,       52 ,       36 ,       45 ,       59 ,      115 ,      178 ,      198 ,      194 ,      122 ,      185 ,      140 ,       93 ,       11 ,      129 ,      121 ,       99 ,       58 ,       67 ,      182 ,      191 ,      164 ,       21 ,      113 ,       26 ,       54 ,        1 ,      104 ,       89 ,      175 ,      197 ,      155 ,       98 ,      161 ,       71 ,      145 ,      120 ,       72 ,      188 ,       65 ,       68 ,      157 ,      106 ,       82 ,       70 ,      193 ,      183 ,       95 ,      114 ,       35 ,       17 ,       47 ,      152 ,       62 ,        5 ,        6 ,       10 ,      147 ,      112 ,      151 ,       87 ,        3 ,       42 ,       12 ,       88 ,      189 ,      143 ,      187 ,      195 ,      134 ,       27 ,      144 ,       33 ,       90 ,      168 ,      154 ,       85 ,       73 ,      118 ,      173 ,      177 ,       44 ,      123 ,       92 ,       41 ,      153 ,      136 ,        8 ,      158 ,       97 ,       77 ,       53 ,       91 ,       20 ,       32 ,      170 ,      196 ,      109 ,       19 ,      179 ,      199 ,       86 ,       23 ,      149 ,       79 ,       94 ,      180 ,      132 ,       49 ,      110 ,       75 ,      128 ,       37 ,      131 ,       61 ,       80 ,       15 ,       74 ,      127 ,       64 ,       14 ,      138 ,       40 ,      169 ,       46 ,       39 ,      165 ,      126 ,      184 ,      176 ,      137 ,      162 ,       16 ,        2 ,      190 ,      135 ,      146 ,      167 ,      181 ,       30 ,      103 ,       48 ,      119 ,       57 ,       18 ,      150 ,      100 ,      107 ,       66 ,      160 ,       31 ,      166 ,       51 ,       55 ,      125 ,        9 ,      108 ,      192 ,       83 ,      139 ,      172 ,      159 ,      156 ,      148 ,       38 ,       22 ,       76 ,      111 ,       34 ,        0 ,      163 ,      101 ,       81 ,       63 ,      174 ,      142 ,       69 ,       24 ,      102 ,      130 ,      186 ,        7 ,      116 ,      117 ,       25 ,       29 ,      171 , 
      13 ,       96 ,       84 ,       43 ,      124 ,       28 ,      141 ,        4 ,       78 ,       50 ,      105 ,       56 ,       60 ,       36 ,      133 ,       59 ,       45 ,       52 ,      178 ,      194 ,      115 ,      198 ,      140 ,      185 ,       93 ,      122 ,      121 ,       99 ,       11 ,       67 ,      129 ,      182 ,       58 ,      191 ,       21 ,      164 ,      113 ,       26 ,       54 ,       89 ,        1 ,      104 ,      175 ,       98 ,      161 ,      155 ,      145 ,      197 ,       72 ,      120 ,      188 ,       71 ,       65 ,       68 ,      157 ,       82 ,      193 ,      106 ,       70 ,       95 ,      114 ,      183 ,       35 ,       47 ,      152 ,       17 ,       62 ,        5 ,       10 ,      147 ,        6 ,       87 ,      151 ,       42 ,      112 ,       12 ,       88 ,      143 ,        3 ,      195 ,      134 ,      189 ,      187 ,       27 ,       90 ,      144 ,      168 ,       33 ,      154 ,      118 ,       73 ,       85 ,       44 ,      177 ,      173 ,       41 ,      153 ,      123 ,       92 ,      158 ,      136 ,        8 ,       77 ,       53 ,       20 ,       97 ,       32 ,      196 ,       91 ,      170 ,      109 ,      199 ,       19 ,      179 ,       86 ,       23 ,      149 ,      180 ,       79 ,       49 ,       94 ,       75 ,      128 ,      132 ,      110 ,      131 ,       80 ,       37 ,       61 ,      138 ,       15 ,      127 ,       14 ,       64 ,       74 ,      169 ,      184 ,        2 ,       39 ,      165 ,      126 ,       40 ,       46 ,      137 ,      176 ,       16 ,      162 ,      190 ,      135 ,      181 ,      167 ,      146 ,      103 ,       30 ,       48 ,       18 ,      107 ,       57 ,      119 ,      150 ,      100 ,       66 ,      108 ,       51 ,      160 ,       83 ,        9 ,       31 ,      125 ,      139 ,      192 ,      166 ,       38 ,      156 ,      172 ,      148 ,      159 ,       81 ,       55 ,       22 ,       76 ,       63 ,       34 ,      163 ,      101 ,        0 ,      186 ,       69 ,       24 ,      174 ,      142 ,      102 ,        7 ,      111 ,      130 ,      117 ,      116 ,       29 ,      171 ,       25 , 
      13 ,       96 ,       43 ,      124 ,       84 ,       28 ,      141 ,        4 ,       50 ,       78 ,       56 ,       60 ,       36 ,      105 ,      133 ,       45 ,       59 ,       52 ,      115 ,      198 ,      140 ,      194 ,      178 ,      185 ,       93 ,      122 ,       99 ,      121 ,       11 ,      129 ,       67 ,      191 ,      182 ,       58 ,      164 ,       26 ,       21 ,       54 ,      113 ,      104 ,        1 ,       89 ,      175 ,       98 ,      145 ,      161 ,      155 ,      197 ,      120 ,       72 ,      188 ,       71 ,       65 ,       82 ,       68 ,      157 ,      193 ,       70 ,       95 ,       35 ,      106 ,      114 ,      183 ,       47 ,       17 ,        5 ,      152 ,       62 ,        6 ,       87 ,       10 ,       42 ,      112 ,      147 ,       12 ,       88 ,      151 ,      143 ,        3 ,      195 ,      189 ,      134 ,      187 ,       27 ,      168 ,      144 ,       90 ,      118 ,       33 ,      154 ,       73 ,       85 ,       44 ,      173 ,       41 ,      177 ,      123 ,       92 ,      153 ,      158 ,       77 ,        8 ,       20 ,      136 ,       53 ,       32 ,      196 ,       97 ,      170 ,       91 ,      199 ,      109 ,       19 ,      179 ,       23 ,       86 ,      180 ,      149 ,       94 ,       79 ,      128 ,       49 ,       75 ,      132 ,       80 ,      110 ,      131 ,      138 ,       37 ,       15 ,       61 ,      127 ,       14 ,       64 ,       74 ,      169 ,       39 ,      184 ,      165 ,        2 ,       40 ,      126 ,       46 ,      137 ,      176 ,       16 ,      162 ,      167 ,      190 ,      135 ,      146 ,      181 ,      103 ,       30 ,      107 ,       18 ,      119 ,       48 ,      150 ,       66 ,       57 ,      100 ,       51 ,      108 ,       83 ,      160 ,        9 ,      125 ,       31 ,      166 ,      192 ,      139 ,      156 ,      172 ,       38 ,      148 ,       81 ,       22 ,      159 ,       34 ,       55 ,      163 ,       63 ,       76 ,      186 ,        0 ,      101 ,       24 ,      142 ,       69 ,      102 ,      174 ,        7 ,      130 ,      117 ,      111 ,       29 ,       25 ,      116 ,      171 , 
      43 ,      124 ,       13 ,       96 ,       84 ,        4 ,       28 ,       50 ,       56 ,      141 ,       78 ,      105 ,      133 ,       60 ,       36 ,       45 ,       59 ,      198 ,      194 ,       52 ,      178 ,      115 ,      140 ,      185 ,      122 ,       93 ,       99 ,      121 ,       67 ,       11 ,      129 ,      182 ,       58 ,      191 ,       26 ,       21 ,      164 ,      113 ,        1 ,      104 ,       54 ,       89 ,      175 ,       98 ,      145 ,      161 ,      155 ,      120 ,      197 ,       72 ,      188 ,       82 ,       68 ,       65 ,       71 ,      157 ,      193 ,       70 ,      106 ,      114 ,       95 ,       35 ,      183 ,        5 ,       47 ,       17 ,      152 ,       62 ,        6 ,       42 ,      112 ,       87 ,       10 ,      147 ,       12 ,      151 ,       88 ,      195 ,        3 ,      143 ,      134 ,       27 ,      187 ,      144 ,      189 ,       90 ,      168 ,       33 ,      118 ,      154 ,       73 ,       85 ,       44 ,      173 ,       41 ,      123 ,      177 ,      153 ,       92 ,       77 ,        8 ,      158 ,      136 ,       53 ,       20 ,       91 ,      196 ,       32 ,       97 ,      199 ,       19 ,      109 ,      170 ,       86 ,      179 ,       23 ,      180 ,      149 ,       94 ,       79 ,       75 ,      132 ,      131 ,      128 ,       49 ,      138 ,      110 ,       80 ,       15 ,       14 ,       37 ,      127 ,       61 ,       74 ,       64 ,      169 ,       39 ,      184 ,       40 ,      165 ,        2 ,      126 ,      176 ,       46 ,      137 ,       16 ,      162 ,      190 ,      135 ,      167 ,      103 ,      146 ,      181 ,      107 ,       18 ,       30 ,      119 ,      150 ,       66 ,       48 ,      100 ,       51 ,       57 ,      108 ,       83 ,      160 ,       31 ,        9 ,      166 ,      139 ,      125 ,      192 ,       38 ,      156 ,      172 ,      148 ,       22 ,       81 ,      159 ,       34 ,       63 ,      163 ,       76 ,       55 ,        0 ,      101 ,      186 ,       24 ,      102 ,       69 ,      174 ,      130 ,      142 ,        7 ,       29 ,      111 ,       25 ,      117 ,      171 ,      116 , 
      13 ,      124 ,       43 ,       84 ,       28 ,       50 ,        4 ,       96 ,      141 ,       56 ,      105 ,       78 ,       36 ,       45 ,      133 ,       59 ,       60 ,      194 ,      198 ,      115 ,      178 ,      122 ,       52 ,      140 ,      185 ,       93 ,       67 ,      121 ,       99 ,       11 ,      182 ,      129 ,      191 ,       58 ,       26 ,      164 ,        1 ,      113 ,      104 ,       89 ,       21 ,       98 ,       54 ,      175 ,      161 ,      155 ,      145 ,      120 ,      188 ,       72 ,       68 ,      197 ,       82 ,      157 ,       65 ,       70 ,       71 ,      193 ,      106 ,      114 ,       35 ,       95 ,      183 ,       47 ,        5 ,      152 ,       17 ,       62 ,        6 ,       87 ,       42 ,      112 ,       10 ,       12 ,      147 ,      195 ,        3 ,      143 ,      151 ,       27 ,      134 ,       88 ,      187 ,       90 ,      168 ,      144 ,      189 ,      118 ,       33 ,      154 ,       85 ,       73 ,      173 ,      123 ,       41 ,       44 ,       92 ,      177 ,      153 ,       77 ,      158 ,        8 ,      136 ,       20 ,       53 ,       32 ,       97 ,      196 ,       19 ,      199 ,      170 ,       91 ,      109 ,      179 ,       86 ,       23 ,      180 ,       94 ,      149 ,      132 ,       79 ,       75 ,      128 ,      131 ,       49 ,       80 ,      138 ,       14 ,       37 ,      127 ,       15 ,      110 ,       61 ,       74 ,      169 ,       39 ,       64 ,      184 ,       40 ,        2 ,      165 ,      126 ,      176 ,       46 ,      137 ,       16 ,      190 ,      162 ,      135 ,      167 ,      103 ,      146 ,      181 ,       18 ,       30 ,      107 ,      119 ,      150 ,       48 ,       57 ,       51 ,       66 ,      100 ,      108 ,      160 ,       83 ,       31 ,        9 ,      125 ,      139 ,      166 ,      192 ,       38 ,      156 ,      172 ,      148 ,       81 ,       22 ,       34 ,      159 ,       76 ,       63 ,      163 ,        0 ,      101 ,       55 ,      102 ,      186 ,       24 ,      174 ,       69 ,      142 ,       29 ,      130 ,      111 ,       25 ,        7 ,      117 ,      171 ,      116 , 
      13 ,       43 ,      124 ,       84 ,       50 ,        4 ,       96 ,       28 ,      141 ,       78 ,      105 ,       56 ,       36 ,       59 ,       45 ,      133 ,      194 ,       60 ,      115 ,      198 ,      122 ,       52 ,      178 ,      140 ,       67 ,      185 ,       11 ,       93 ,       99 ,      129 ,      121 ,      182 ,      191 ,       26 ,       58 ,      113 ,      164 ,      104 ,        1 ,       89 ,       54 ,       21 ,       98 ,      155 ,      145 ,      175 ,      188 ,      161 ,       72 ,      120 ,      197 ,       68 ,       82 ,      157 ,       65 ,       70 ,       71 ,      114 ,      106 ,       95 ,      193 ,      183 ,       35 ,       47 ,        5 ,       17 ,      152 ,        6 ,       87 ,       62 ,      112 ,       12 ,       42 ,       10 ,      195 ,      147 ,      143 ,       27 ,        3 ,      151 ,      187 ,       88 ,      134 ,      168 ,       90 ,      144 ,      118 ,      189 ,      154 ,       33 ,      173 ,       85 ,       41 ,       44 ,       73 ,       92 ,      123 ,      153 ,       77 ,      177 ,      136 ,        8 ,      158 ,       53 ,       20 ,       97 ,      196 ,       32 ,       19 ,      199 ,      170 ,       91 ,      109 ,      179 ,       23 ,      180 ,       86 ,       94 ,      132 ,       79 ,      149 ,      128 ,       75 ,       80 ,       49 ,       14 ,      131 ,      127 ,      138 ,       37 ,      110 ,       15 ,       74 ,       61 ,       64 ,      169 ,      184 ,       40 ,       39 ,      126 ,      165 ,        2 ,      176 ,       16 ,       46 ,      162 ,      137 ,      190 ,      167 ,      146 ,      135 ,      103 ,      181 ,       18 ,       30 ,      107 ,      119 ,      150 ,       57 ,       48 ,       51 ,      108 ,       66 ,      100 ,      160 ,       31 ,       83 ,      125 ,        9 ,      192 ,      139 ,       38 ,      166 ,      172 ,      148 ,      156 ,       22 ,       81 ,      159 ,       34 ,       76 ,       63 ,      101 ,      163 ,       55 ,        0 ,      102 ,      186 ,       24 ,      174 ,      142 ,       69 ,      130 ,       29 ,      111 ,       25 ,      117 ,        7 ,      171 ,      116 , 
      43 ,       13 ,       84 ,      124 ,        4 ,       96 ,       50 ,       78 ,       28 ,      141 ,       36 ,       59 ,      105 ,       56 ,       45 ,      194 ,      133 ,      115 ,       60 ,      122 ,      198 ,       52 ,      178 ,       67 ,      185 ,      140 ,       11 ,       99 ,      121 ,       93 ,      129 ,       26 ,      182 ,      191 ,      164 ,       58 ,      113 ,      104 ,       89 ,        1 ,       54 ,       21 ,      145 ,       98 ,      155 ,      161 ,      188 ,      175 ,      197 ,       72 ,      120 ,       68 ,       65 ,       70 ,       82 ,       71 ,      106 ,      157 ,      114 ,       95 ,      193 ,      183 ,        5 ,       35 ,       47 ,       17 ,      152 ,       62 ,        6 ,       12 ,      112 ,       10 ,       42 ,       87 ,      143 ,      147 ,        3 ,      195 ,       27 ,      151 ,       88 ,      168 ,      187 ,      134 ,       90 ,      144 ,      189 ,      118 ,      154 ,       33 ,       41 ,      173 ,       44 ,       73 ,       85 ,       92 ,       77 ,      177 ,      123 ,      153 ,      158 ,      136 ,        8 ,       97 ,       53 ,       32 ,      196 ,      199 ,       19 ,       20 ,       91 ,      179 ,      170 ,       23 ,      109 ,      180 ,       86 ,       94 ,      132 ,       79 ,      149 ,      128 ,       49 ,       75 ,      131 ,       14 ,       80 ,      127 ,       37 ,      138 ,       74 ,       61 ,       15 ,      110 ,      169 ,       64 ,      184 ,       40 ,      165 ,       39 ,      176 ,      126 ,        2 ,       16 ,      137 ,       46 ,      190 ,      167 ,      146 ,      103 ,      162 ,      135 ,      181 ,       18 ,       30 ,      150 ,      107 ,       57 ,       51 ,      119 ,       48 ,       66 ,      160 ,      108 ,       31 ,       83 ,      100 ,      192 ,      125 ,        9 ,      139 ,      172 ,       38 ,      156 ,       22 ,      166 ,      148 ,      159 ,       81 ,       76 ,       34 ,       63 ,      163 ,      101 ,        0 ,       55 ,      102 ,      186 ,       24 ,       69 ,      142 ,      174 ,       29 ,      130 ,       25 ,      111 ,      171 ,      116 ,      117 ,        7 , 
      13 ,       43 ,       84 ,      124 ,        4 ,       50 ,       28 ,       96 ,       78 ,       59 ,      141 ,       36 ,      105 ,       45 ,      133 ,       56 ,      194 ,      115 ,       60 ,      122 ,       52 ,      198 ,       67 ,      185 ,      178 ,       11 ,      121 ,       99 ,       93 ,      140 ,      182 ,      191 ,      164 ,      129 ,      113 ,       58 ,       26 ,       89 ,        1 ,      104 ,      145 ,       21 ,       54 ,      161 ,       98 ,      188 ,      155 ,      175 ,      197 ,       72 ,      120 ,       68 ,       82 ,       65 ,       70 ,       71 ,      114 ,      106 ,      157 ,       95 ,      193 ,        5 ,      183 ,       47 ,       17 ,       35 ,      152 ,       62 ,       12 ,       42 ,        6 ,      112 ,       10 ,      143 ,       87 ,      147 ,       27 ,        3 ,      195 ,      168 ,      187 ,      134 ,       88 ,      151 ,      144 ,      118 ,       90 ,      189 ,      154 ,       41 ,       33 ,      173 ,       44 ,       85 ,       92 ,       73 ,       77 ,      177 ,       97 ,      153 ,      123 ,      158 ,       53 ,        8 ,      136 ,      199 ,      196 ,       32 ,       91 ,       19 ,       23 ,       20 ,      179 ,      170 ,       86 ,      180 ,      109 ,      132 ,       94 ,      149 ,       79 ,      128 ,      131 ,       49 ,       80 ,       75 ,      127 ,       14 ,       37 ,       61 ,       74 ,       15 ,      138 ,      110 ,       64 ,      169 ,      165 ,      184 ,       39 ,       40 ,      126 ,      176 ,      137 ,       16 ,        2 ,       46 ,      190 ,      103 ,      167 ,      135 ,      146 ,      162 ,      181 ,       30 ,       18 ,      150 ,       51 ,      107 ,      119 ,       57 ,       48 ,       66 ,      108 ,      160 ,      125 ,       31 ,      100 ,      192 ,       83 ,      139 ,        9 ,      172 ,       22 ,       38 ,      156 ,      166 ,      159 ,      148 ,       76 ,       34 ,       81 ,      101 ,      163 ,       63 ,        0 ,       55 ,      186 ,      102 ,       69 ,      142 ,       29 ,       24 ,      174 ,      130 ,      111 ,       25 ,      117 ,      116 ,      171 ,        7 , 
      13 ,       84 ,       43 ,      124 ,        4 ,       50 ,       78 ,       96 ,       28 ,       59 ,      105 ,      141 ,       45 ,       36 ,      133 ,       56 ,      194 ,       60 ,      115 ,      122 ,       52 ,      185 ,      178 ,      198 ,       11 ,       67 ,      121 ,       99 ,       93 ,      140 ,      182 ,      129 ,      164 ,      191 ,       26 ,      113 ,        1 ,       89 ,       58 ,      104 ,      145 ,       21 ,       54 ,       98 ,      188 ,      161 ,      197 ,      175 ,       72 ,      155 ,       82 ,       68 ,      120 ,       65 ,      114 ,       70 ,       71 ,      157 ,      106 ,      183 ,       47 ,       95 ,       17 ,      193 ,       35 ,       62 ,      152 ,        5 ,        6 ,       12 ,      112 ,       42 ,       10 ,      143 ,      147 ,       87 ,       27 ,        3 ,      168 ,      134 ,      195 ,      187 ,      144 ,      118 ,      151 ,       88 ,       90 ,       41 ,      189 ,       33 ,      154 ,       44 ,       85 ,      173 ,       92 ,       73 ,       77 ,      177 ,       97 ,      123 ,       53 ,      153 ,      136 ,        8 ,      158 ,      196 ,      199 ,       91 ,       32 ,       20 ,       23 ,       19 ,      170 ,      180 ,       86 ,      179 ,       94 ,      132 ,      109 ,      128 ,      149 ,      131 ,       79 ,       75 ,      127 ,       80 ,       49 ,       14 ,       37 ,       61 ,       15 ,       74 ,       64 ,      110 ,      138 ,      165 ,      184 ,      169 ,       39 ,      126 ,       40 ,      176 ,        2 ,       46 ,      137 ,       16 ,      103 ,      135 ,      190 ,      167 ,      146 ,      162 ,      181 ,      150 ,       30 ,       51 ,       18 ,       57 ,      119 ,      107 ,       48 ,      108 ,      160 ,       31 ,       66 ,      125 ,       83 ,      100 ,      192 ,      139 ,        9 ,      172 ,       22 ,       38 ,      166 ,      156 ,       76 ,      159 ,      148 ,       81 ,      163 ,       34 ,      101 ,       63 ,       55 ,        0 ,      186 ,      102 ,       69 ,      142 ,       24 ,       29 ,      174 ,      130 ,       25 ,      111 ,      116 ,      171 ,        7 ,      117 , 
      43 ,      124 ,       84 ,       13 ,       50 ,       78 ,        4 ,       28 ,       96 ,      141 ,       59 ,      105 ,      133 ,       56 ,       45 ,       36 ,      194 ,      122 ,       52 ,       60 ,      178 ,      115 ,      185 ,      198 ,       67 ,       99 ,       93 ,       11 ,      182 ,      121 ,      140 ,      129 ,      113 ,      191 ,      164 ,       26 ,        1 ,       89 ,       58 ,      104 ,      145 ,       21 ,      188 ,       98 ,      197 ,       54 ,       72 ,      155 ,      161 ,      175 ,      120 ,       82 ,       68 ,       70 ,      114 ,       65 ,      157 ,       71 ,      183 ,      106 ,       47 ,       17 ,       95 ,       62 ,       35 ,      193 ,        6 ,        5 ,      152 ,       42 ,       12 ,       10 ,      143 ,      112 ,       87 ,      147 ,        3 ,       27 ,      168 ,      187 ,      144 ,      134 ,       90 ,      151 ,      195 ,       88 ,      118 ,       41 ,      189 ,       33 ,      173 ,       44 ,       85 ,      154 ,      177 ,       73 ,       92 ,       77 ,       53 ,      123 ,      136 ,      153 ,       97 ,        8 ,      158 ,      199 ,      196 ,       32 ,       91 ,       20 ,       19 ,       23 ,      170 ,      180 ,       86 ,      132 ,      179 ,      128 ,       94 ,      149 ,       75 ,      109 ,      131 ,      127 ,       79 ,       49 ,       37 ,       14 ,       80 ,       74 ,       15 ,       61 ,       64 ,      138 ,      165 ,      110 ,      169 ,      126 ,      184 ,      176 ,       39 ,       40 ,      137 ,        2 ,       16 ,       46 ,      103 ,      190 ,      135 ,      167 ,      146 ,      162 ,       30 ,      150 ,      181 ,       18 ,       51 ,      119 ,       57 ,      108 ,       48 ,      107 ,      160 ,      125 ,       83 ,       66 ,       31 ,      100 ,      139 ,      192 ,        9 ,      172 ,      166 ,      156 ,       38 ,       22 ,      148 ,       81 ,       76 ,      159 ,      101 ,       63 ,      163 ,       34 ,        0 ,      186 ,       55 ,      102 ,       69 ,       29 ,      142 ,      130 ,      174 ,       24 ,      111 ,       25 ,        7 ,      116 ,      171 ,      117 , 
