407 , 150 , 10 , 50453 , IGT
      82 ,       62 ,       60 ,       87 ,      106 ,      130 ,       15 ,      119 ,      114 ,       65 ,      100 ,       13 ,       23 ,        2 ,      135 ,       11 ,      137 ,       52 ,      127 ,       40 ,      111 ,       73 ,       34 ,       49 ,        3 ,       16 ,        0 ,        9 ,      144 ,       20 ,      108 ,      102 ,       66 ,       29 ,       50 ,       17 ,      121 ,        4 ,       81 ,       38 ,       47 ,       37 ,       70 ,      101 ,       78 ,      146 ,      105 ,       97 ,       46 ,      120 ,       80 ,      125 ,       54 ,       85 ,      116 ,      126 ,       61 ,       55 ,       94 ,       43 ,      147 ,       92 ,        1 ,      140 ,       63 ,      128 ,       26 ,      131 ,      117 ,      110 ,       77 ,      139 ,       35 ,       74 ,      118 ,       99 ,       30 ,       28 ,       56 ,        8 ,        6 ,       44 ,       59 ,      122 ,      132 ,       33 ,       96 ,       75 ,       41 ,       89 ,       19 ,      143 ,        5 ,      133 ,      149 ,       39 ,       24 ,       98 ,       42 ,       83 ,      129 ,      107 ,      134 ,       21 ,       79 ,       84 ,      112 ,      104 ,      148 ,       18 ,       27 ,       12 ,      138 ,       76 ,      109 ,       31 ,       10 ,       71 ,      103 ,       72 ,       22 ,       36 ,      115 ,      136 ,       45 ,       58 ,       25 ,       53 ,       91 ,       64 ,       68 ,       93 ,      141 ,       51 ,       32 ,       57 ,       88 ,      113 ,       86 ,       90 ,       48 ,      124 ,       69 ,       67 ,      142 ,        7 ,       14 ,      123 ,       95 ,      145 , 
      60 ,       62 ,       82 ,       87 ,       15 ,      119 ,      106 ,      130 ,      114 ,      100 ,       23 ,       13 ,       65 ,        2 ,      137 ,      135 ,       11 ,      127 ,       52 ,       73 ,       34 ,       40 ,      111 ,        3 ,        0 ,       49 ,        9 ,       20 ,       16 ,      102 ,      144 ,       66 ,       50 ,      108 ,       17 ,       29 ,        4 ,      121 ,       38 ,       81 ,       37 ,       47 ,       78 ,       70 ,      101 ,      146 ,       97 ,       46 ,      105 ,       80 ,       54 ,      120 ,       85 ,      126 ,       61 ,      125 ,       55 ,      116 ,       94 ,       43 ,      147 ,       92 ,       63 ,      140 ,        1 ,      128 ,      131 ,      110 ,       26 ,      117 ,       77 ,      139 ,      118 ,       35 ,       74 ,       30 ,       28 ,        8 ,       99 ,       56 ,        6 ,       44 ,      122 ,       59 ,       33 ,       75 ,       96 ,       89 ,      132 ,      143 ,       41 ,       19 ,        5 ,      149 ,       39 ,      133 ,       42 ,       98 ,       24 ,      107 ,      129 ,       83 ,       79 ,       21 ,      134 ,      112 ,      148 ,       84 ,      104 ,       12 ,       18 ,       76 ,       27 ,       31 ,      109 ,      138 ,       10 ,       71 ,      103 ,       72 ,       36 ,      136 ,       22 ,      115 ,       91 ,       25 ,       58 ,       45 ,       64 ,       53 ,      141 ,       68 ,       32 ,       51 ,       93 ,       88 ,       57 ,      113 ,       90 ,       48 ,       86 ,       69 ,       67 ,      124 ,       14 ,        7 ,      142 ,      123 ,      145 ,       95 , 
      62 ,       87 ,       15 ,       60 ,       82 ,      106 ,      119 ,      100 ,      130 ,      114 ,       23 ,       13 ,        2 ,      135 ,      137 ,       65 ,       11 ,      127 ,       73 ,       52 ,       34 ,       40 ,        0 ,      111 ,        3 ,        9 ,       20 ,       49 ,      144 ,      102 ,       66 ,       16 ,       50 ,      108 ,       29 ,       17 ,       38 ,        4 ,      121 ,       81 ,       37 ,       47 ,      101 ,       78 ,       70 ,       97 ,       46 ,       80 ,      105 ,      146 ,       54 ,      120 ,       85 ,       61 ,      126 ,      125 ,       55 ,       94 ,      116 ,       43 ,       63 ,      140 ,      147 ,       92 ,        1 ,      131 ,      128 ,      117 ,       26 ,      139 ,      110 ,      118 ,       77 ,       35 ,        8 ,       30 ,       74 ,       28 ,       99 ,       56 ,        6 ,      122 ,       59 ,       44 ,       75 ,       96 ,       33 ,       89 ,       41 ,      132 ,       19 ,        5 ,      143 ,      149 ,      133 ,       39 ,       98 ,       24 ,       42 ,       83 ,      107 ,       21 ,       79 ,      129 ,      134 ,       84 ,      112 ,      148 ,      104 ,       12 ,       18 ,       27 ,       76 ,       31 ,      109 ,      138 ,      103 ,       72 ,       71 ,      136 ,       10 ,      115 ,       22 ,       36 ,       25 ,       58 ,       91 ,       64 ,       53 ,       45 ,       68 ,       51 ,      141 ,       93 ,       90 ,       88 ,      113 ,       32 ,       57 ,       86 ,       48 ,       69 ,       14 ,       67 ,      124 ,      142 ,        7 ,      123 ,       95 ,      145 , 
      15 ,       87 ,       62 ,       60 ,      106 ,      114 ,       82 ,      119 ,      130 ,      100 ,       23 ,      135 ,      137 ,        2 ,       13 ,       11 ,       65 ,       73 ,       52 ,       40 ,      127 ,        0 ,        3 ,       34 ,        9 ,      102 ,       20 ,      111 ,       49 ,      144 ,       66 ,       16 ,      108 ,       17 ,       50 ,       29 ,       38 ,        4 ,      121 ,       81 ,       47 ,      101 ,       70 ,       37 ,       46 ,       78 ,      105 ,       97 ,       80 ,       54 ,      120 ,       61 ,      146 ,      125 ,       85 ,      126 ,       55 ,       94 ,      116 ,      140 ,       63 ,      147 ,       92 ,       43 ,      128 ,      131 ,        1 ,      117 ,       26 ,      139 ,      110 ,      118 ,       35 ,       77 ,        8 ,       74 ,       99 ,       28 ,       30 ,      122 ,        6 ,       56 ,       59 ,       75 ,       44 ,       89 ,       33 ,      132 ,       96 ,       19 ,       41 ,      143 ,      149 ,        5 ,      133 ,       39 ,       42 ,       83 ,       98 ,       21 ,       24 ,       79 ,      129 ,      134 ,      107 ,       84 ,      112 ,      148 ,      104 ,       12 ,       27 ,       18 ,      109 ,       76 ,       31 ,      138 ,       71 ,      103 ,       72 ,      115 ,       10 ,      136 ,       22 ,       36 ,       25 ,       58 ,       64 ,       91 ,       53 ,       68 ,      141 ,       45 ,       51 ,       88 ,       90 ,      113 ,       93 ,       32 ,       48 ,       57 ,       86 ,       67 ,       14 ,      142 ,      124 ,       69 ,        7 ,       95 ,      123 ,      145 , 
      15 ,       62 ,       60 ,       87 ,      114 ,      119 ,       82 ,      106 ,      100 ,       23 ,      130 ,        2 ,      135 ,      137 ,       11 ,       13 ,       65 ,       52 ,       73 ,       40 ,        0 ,      127 ,        9 ,      111 ,      102 ,       34 ,        3 ,       20 ,       49 ,       66 ,      144 ,       16 ,       50 ,      108 ,       38 ,       17 ,       29 ,       81 ,      121 ,        4 ,       70 ,       37 ,      101 ,       47 ,       78 ,       46 ,       97 ,       80 ,      105 ,       61 ,      146 ,      120 ,       54 ,      125 ,       85 ,       55 ,      116 ,      126 ,      140 ,      147 ,       94 ,       43 ,       63 ,      128 ,       92 ,        1 ,       26 ,      139 ,      110 ,      117 ,      131 ,       35 ,      118 ,        8 ,       77 ,       74 ,       30 ,      122 ,       28 ,       99 ,       59 ,        6 ,       56 ,       75 ,       33 ,       44 ,      132 ,       96 ,       41 ,       89 ,      149 ,       19 ,      143 ,        5 ,       42 ,       39 ,      133 ,       83 ,       24 ,       21 ,       98 ,       79 ,      129 ,      134 ,      107 ,       84 ,      112 ,      148 ,       12 ,      104 ,       27 ,      109 ,       18 ,       31 ,       71 ,      138 ,       76 ,      103 ,       72 ,      115 ,       10 ,       22 ,      136 ,       25 ,       36 ,       64 ,       58 ,       53 ,      141 ,       91 ,       68 ,       45 ,       51 ,       88 ,       90 ,       93 ,       48 ,      113 ,       32 ,       67 ,       14 ,       57 ,      142 ,      124 ,      145 ,       86 ,       95 ,        7 ,      123 ,       69 , 
      15 ,       62 ,       87 ,      114 ,      106 ,       60 ,       82 ,      119 ,       23 ,      100 ,      130 ,        2 ,      137 ,      135 ,       11 ,       13 ,       73 ,       65 ,        0 ,       40 ,       52 ,        9 ,      127 ,      102 ,      111 ,        3 ,       49 ,       34 ,       20 ,       66 ,       16 ,      144 ,       50 ,       38 ,      108 ,       17 ,       29 ,       81 ,       70 ,      121 ,        4 ,       37 ,      101 ,       46 ,       78 ,       97 ,       47 ,       61 ,       80 ,      146 ,      120 ,      105 ,       54 ,      125 ,       85 ,      116 ,       55 ,      126 ,       94 ,      147 ,      140 ,       43 ,      128 ,       63 ,       92 ,        1 ,       26 ,      139 ,      117 ,      131 ,      110 ,       35 ,      118 ,        8 ,       77 ,       30 ,      122 ,       28 ,       74 ,       99 ,       59 ,        6 ,       56 ,       33 ,       75 ,       44 ,      132 ,       96 ,       41 ,       19 ,      149 ,       89 ,       42 ,      143 ,        5 ,       39 ,      133 ,       83 ,       21 ,       98 ,       24 ,       79 ,      129 ,      107 ,      112 ,      134 ,      148 ,      104 ,       84 ,       12 ,       27 ,       18 ,      109 ,       31 ,       76 ,      138 ,      103 ,       72 ,       71 ,      115 ,       10 ,      136 ,       25 ,       36 ,       22 ,       58 ,       64 ,      141 ,       91 ,       53 ,       51 ,       45 ,       68 ,       93 ,       90 ,       88 ,       48 ,       32 ,      113 ,       57 ,       67 ,      124 ,       14 ,      142 ,       86 ,      145 ,       95 ,      123 ,       69 ,        7 , 
      15 ,       62 ,       87 ,      106 ,      114 ,      119 ,       82 ,       60 ,       23 ,      130 ,      137 ,      100 ,        2 ,       13 ,      135 ,       11 ,       73 ,       40 ,        0 ,       65 ,       52 ,      127 ,        9 ,      111 ,      102 ,       49 ,        3 ,       34 ,       20 ,       16 ,      144 ,       50 ,       66 ,       38 ,       29 ,       17 ,       70 ,      108 ,      121 ,       81 ,        4 ,       46 ,       37 ,       97 ,      101 ,       47 ,       78 ,       80 ,      146 ,       61 ,      120 ,      105 ,       54 ,      125 ,       85 ,      116 ,       55 ,      126 ,       94 ,       43 ,      147 ,      140 ,      128 ,       92 ,       63 ,      139 ,       26 ,        1 ,      110 ,      131 ,      117 ,        8 ,      118 ,       35 ,       30 ,       77 ,      122 ,       99 ,       28 ,       59 ,       74 ,       56 ,       33 ,        6 ,       44 ,       75 ,      132 ,       96 ,       41 ,       19 ,       42 ,       89 ,      149 ,       39 ,      143 ,        5 ,       21 ,      133 ,       98 ,       83 ,      129 ,       79 ,       24 ,      112 ,      134 ,      107 ,      104 ,      148 ,       84 ,       18 ,       27 ,       31 ,       76 ,       12 ,      109 ,      138 ,       72 ,      115 ,      103 ,       10 ,       71 ,       25 ,      136 ,       36 ,       22 ,      141 ,       58 ,       64 ,       91 ,       53 ,       68 ,       51 ,       90 ,       93 ,       45 ,       88 ,       48 ,       32 ,      113 ,       67 ,       57 ,      124 ,      142 ,      145 ,       86 ,       14 ,       95 ,      123 ,       69 ,        7 , 
      15 ,       62 ,      114 ,      106 ,      119 ,       87 ,       60 ,       82 ,       23 ,      137 ,      130 ,      100 ,        2 ,       13 ,       73 ,      135 ,       11 ,       40 ,        0 ,      127 ,       65 ,       52 ,        9 ,      111 ,        3 ,      102 ,       49 ,       20 ,      144 ,       34 ,       16 ,       50 ,       38 ,       66 ,       29 ,       17 ,      121 ,      108 ,       70 ,       81 ,       46 ,        4 ,       37 ,       47 ,      101 ,       97 ,      146 ,       61 ,       80 ,       78 ,      105 ,      125 ,       54 ,      120 ,      116 ,       55 ,       85 ,       43 ,      126 ,       94 ,      147 ,      128 ,      140 ,       63 ,       92 ,        1 ,       26 ,      139 ,      131 ,      110 ,      117 ,      118 ,       35 ,       77 ,        8 ,       99 ,       30 ,      122 ,       74 ,       28 ,       59 ,       56 ,       33 ,        6 ,      132 ,       44 ,       75 ,       96 ,       41 ,       89 ,      149 ,       19 ,       42 ,       39 ,        5 ,      143 ,      133 ,       21 ,       83 ,       98 ,       24 ,      129 ,      112 ,       79 ,      134 ,      104 ,      148 ,      107 ,       27 ,       18 ,       84 ,       76 ,       31 ,       12 ,       72 ,      138 ,      115 ,      109 ,      103 ,       10 ,       25 ,       71 ,       36 ,      136 ,       22 ,       58 ,      141 ,       91 ,       64 ,       68 ,       53 ,       51 ,       45 ,       90 ,       93 ,       88 ,      113 ,       48 ,       67 ,       32 ,       57 ,      142 ,      145 ,       86 ,       14 ,      124 ,       95 ,       69 ,      123 ,        7 , 
      15 ,       62 ,      106 ,      114 ,      119 ,       87 ,       82 ,      137 ,      130 ,       23 ,        2 ,      100 ,       60 ,       73 ,      135 ,       13 ,       11 ,       40 ,       65 ,        0 ,        9 ,      127 ,       52 ,        3 ,      102 ,      111 ,       20 ,      144 ,       34 ,       49 ,       50 ,       16 ,       38 ,       29 ,       66 ,       17 ,      121 ,       70 ,      108 ,       81 ,       37 ,        4 ,       46 ,       47 ,      146 ,       61 ,       97 ,      101 ,       78 ,       80 ,      125 ,       54 ,      105 ,      120 ,      116 ,       55 ,      126 ,       85 ,      147 ,       94 ,      140 ,       43 ,      128 ,       92 ,       63 ,        1 ,       26 ,      139 ,      131 ,      117 ,       35 ,      110 ,       77 ,      118 ,       30 ,        8 ,      122 ,       99 ,       59 ,       28 ,       74 ,       56 ,       33 ,      132 ,        6 ,       96 ,       44 ,       75 ,       89 ,       41 ,      149 ,       42 ,       39 ,       19 ,      133 ,      143 ,        5 ,       21 ,       83 ,       98 ,      129 ,       24 ,       79 ,      104 ,      134 ,      148 ,      112 ,      107 ,       27 ,       84 ,       18 ,       31 ,       76 ,       12 ,       72 ,      138 ,      103 ,      109 ,       25 ,       71 ,      115 ,       10 ,      136 ,       58 ,       36 ,       22 ,      141 ,       64 ,       91 ,       53 ,       45 ,       68 ,       51 ,       93 ,       88 ,       90 ,      113 ,       67 ,       48 ,      142 ,       57 ,       32 ,       86 ,      145 ,       14 ,      124 ,       95 ,       69 ,      123 ,        7 , 
      15 ,       62 ,      106 ,      114 ,      119 ,       87 ,       82 ,      130 ,        2 ,       23 ,       60 ,      100 ,      137 ,       73 ,      135 ,       40 ,       13 ,       11 ,       65 ,        0 ,        9 ,       52 ,      127 ,      102 ,        3 ,      111 ,       20 ,       50 ,       34 ,      144 ,       49 ,       16 ,       29 ,       38 ,       17 ,       66 ,      121 ,       70 ,      108 ,       81 ,       37 ,        4 ,       47 ,       46 ,      146 ,       97 ,      101 ,       61 ,      125 ,       54 ,       80 ,      105 ,       78 ,      120 ,      116 ,       55 ,       85 ,      126 ,      147 ,       94 ,       43 ,       92 ,      140 ,        1 ,      128 ,       63 ,      139 ,       26 ,      117 ,      131 ,       77 ,      110 ,       35 ,        8 ,      118 ,       30 ,       99 ,       28 ,       59 ,      122 ,       74 ,       56 ,       33 ,      132 ,       44 ,        6 ,       96 ,       41 ,       42 ,       39 ,      149 ,       89 ,        5 ,      133 ,       75 ,       19 ,      143 ,       83 ,      129 ,       21 ,       24 ,       79 ,       98 ,      104 ,      134 ,      112 ,       84 ,      148 ,      107 ,       27 ,       18 ,       31 ,       12 ,       76 ,      138 ,      103 ,      109 ,       72 ,       71 ,       25 ,       10 ,      136 ,      115 ,       58 ,       36 ,       22 ,       91 ,      141 ,       64 ,       45 ,       51 ,       68 ,       53 ,       88 ,       93 ,       90 ,      113 ,       48 ,      142 ,       57 ,       67 ,       32 ,      145 ,       14 ,       86 ,      124 ,       95 ,       69 ,      123 ,        7 , 
