763 , 200 , 10 , 138730 , ILST
      21 ,      148 ,        5 ,      113 ,       80 ,       94 ,      180 ,      140 ,      190 ,       82 ,      120 ,      131 ,       31 ,      179 ,       41 ,      110 ,       45 ,      112 ,      171 ,       14 ,      145 ,      144 ,       32 ,       77 ,       34 ,      198 ,       51 ,      101 ,       89 ,      126 ,      138 ,      165 ,       62 ,        8 ,      150 ,      124 ,      153 ,      183 ,       69 ,        9 ,      136 ,        0 ,      167 ,      187 ,      106 ,      154 ,       46 ,       16 ,      177 ,      157 ,       52 ,       87 ,       65 ,      194 ,      192 ,       39 ,       28 ,       85 ,      197 ,       40 ,      178 ,       36 ,      195 ,      132 ,      122 ,       10 ,       26 ,      108 ,       84 ,       70 ,       59 ,       50 ,      186 ,      158 ,      100 ,      104 ,       93 ,       96 ,      184 ,       37 ,      164 ,        7 ,      188 ,      103 ,       73 ,        2 ,      160 ,       78 ,      175 ,      172 ,      193 ,      181 ,       18 ,       66 ,      174 ,      163 ,       12 ,        4 ,      105 ,       22 ,       38 ,      116 ,      121 ,      123 ,       83 ,       74 ,      146 ,      166 ,      127 ,        1 ,       29 ,      170 ,       60 ,       99 ,      147 ,        3 ,       42 ,       48 ,      189 ,       64 ,       57 ,       92 ,      130 ,       88 ,       68 ,      129 ,      159 ,       61 ,       19 ,      117 ,      102 ,      149 ,       75 ,       17 ,       71 ,      152 ,       49 ,       58 ,       63 ,      151 ,       95 ,       98 ,      125 ,      137 ,      111 ,      191 ,       33 ,       53 ,      114 ,      139 ,      133 ,       86 ,       90 ,      142 ,      109 ,      135 ,      143 ,       15 ,      156 ,       43 ,      168 ,      119 ,       97 ,       30 ,       47 ,      196 ,       20 ,       81 ,       76 ,      128 ,       55 ,      141 ,      169 ,       24 ,      155 ,      107 ,        6 ,       35 ,      176 ,      162 ,      118 ,       72 ,       11 ,      161 ,      182 ,      173 ,       23 ,       79 ,       27 ,       44 ,       91 ,      199 ,      134 ,       56 ,       54 ,       25 ,      115 ,       13 ,       67 ,      185 , 
       5 ,       21 ,       80 ,       94 ,      148 ,      113 ,      180 ,      140 ,      120 ,      131 ,       82 ,      190 ,       31 ,      110 ,       41 ,      179 ,      112 ,      171 ,       14 ,       45 ,      144 ,      145 ,       32 ,       34 ,       77 ,      101 ,      198 ,       89 ,      138 ,       51 ,      126 ,       62 ,      150 ,      165 ,      153 ,      183 ,      124 ,        9 ,       69 ,        8 ,      136 ,      187 ,        0 ,      154 ,       46 ,      167 ,       16 ,      106 ,       52 ,      157 ,       65 ,      177 ,       87 ,      192 ,      194 ,       28 ,       39 ,      197 ,       85 ,       36 ,       40 ,      132 ,      195 ,      178 ,      122 ,       10 ,       84 ,      108 ,       59 ,       26 ,       70 ,       50 ,      100 ,      186 ,      158 ,       93 ,       96 ,      104 ,        2 ,       37 ,      164 ,      188 ,        7 ,      184 ,       73 ,      160 ,      103 ,      172 ,      193 ,      174 ,      175 ,      181 ,       18 ,       78 ,       12 ,       38 ,       66 ,      163 ,        4 ,       83 ,      105 ,      116 ,      121 ,      166 ,      127 ,      123 ,       22 ,       74 ,      146 ,        1 ,       29 ,       99 ,       64 ,      170 ,        3 ,       57 ,       42 ,       60 ,      147 ,       48 ,       92 ,       88 ,      189 ,      130 ,      159 ,       68 ,      129 ,       19 ,       61 ,       71 ,      117 ,      149 ,       17 ,      102 ,       75 ,       58 ,      152 ,       49 ,       98 ,      137 ,       95 ,       63 ,      151 ,      125 ,       33 ,      139 ,      111 ,      114 ,      133 ,      191 ,      142 ,       90 ,       97 ,      109 ,       86 ,      143 ,      135 ,       43 ,      168 ,       15 ,      196 ,       53 ,      119 ,      156 ,       47 ,       30 ,       76 ,       81 ,      141 ,       20 ,      169 ,      128 ,       72 ,       55 ,       24 ,      176 ,      162 ,       35 ,        6 ,      107 ,      155 ,      161 ,      173 ,       44 ,       11 ,       23 ,      182 ,       27 ,       79 ,      115 ,      134 ,       91 ,       25 ,      185 ,       67 ,       56 ,      118 ,       13 ,      199 ,       54 , 
       5 ,       21 ,       94 ,       80 ,      148 ,      180 ,      120 ,      113 ,       82 ,      140 ,       31 ,      131 ,       41 ,      190 ,      179 ,      112 ,       14 ,       45 ,      110 ,      171 ,      144 ,      145 ,       77 ,       32 ,       34 ,      198 ,      101 ,       89 ,       51 ,       62 ,      138 ,      150 ,      126 ,      165 ,      153 ,        9 ,      183 ,        8 ,      124 ,      187 ,      136 ,       69 ,        0 ,       46 ,      167 ,       16 ,      154 ,      157 ,      106 ,       52 ,       65 ,       87 ,      192 ,      177 ,       28 ,       39 ,       85 ,      194 ,       36 ,      197 ,      132 ,      195 ,       40 ,      178 ,       84 ,       10 ,      108 ,      122 ,       59 ,       26 ,       70 ,      100 ,       50 ,      158 ,       93 ,       96 ,      186 ,      104 ,      164 ,       37 ,      188 ,        7 ,       73 ,        2 ,      184 ,      103 ,      160 ,      172 ,      174 ,      175 ,      193 ,       18 ,      181 ,       78 ,       66 ,       12 ,        4 ,       38 ,      163 ,       83 ,      105 ,      121 ,      116 ,      123 ,      127 ,      166 ,       22 ,       74 ,       29 ,        1 ,      146 ,       99 ,       64 ,      170 ,       57 ,        3 ,       42 ,       60 ,      147 ,       48 ,      189 ,       92 ,       88 ,      130 ,       68 ,       19 ,      159 ,       61 ,      129 ,       71 ,      149 ,      117 ,       17 ,      102 ,       58 ,       75 ,       49 ,       98 ,      152 ,      137 ,       63 ,      125 ,       95 ,      151 ,       33 ,      111 ,      139 ,      133 ,      114 ,      142 ,       90 ,      191 ,       97 ,      143 ,       86 ,      109 ,      135 ,       15 ,      168 ,       43 ,      196 ,       53 ,      156 ,       47 ,      119 ,       81 ,       30 ,      141 ,       76 ,      128 ,       72 ,       20 ,      169 ,       55 ,      162 ,       24 ,       35 ,      176 ,        6 ,      161 ,      107 ,      173 ,      115 ,      182 ,       11 ,      155 ,       23 ,       27 ,       44 ,       91 ,       79 ,      134 ,       25 ,       67 ,      185 ,       56 ,       13 ,      199 ,      118 ,       54 , 
       5 ,       21 ,       94 ,       80 ,      148 ,      113 ,       82 ,      180 ,      140 ,       31 ,      120 ,      131 ,      190 ,       41 ,       14 ,       45 ,      179 ,      110 ,      171 ,      112 ,      144 ,      145 ,       34 ,       32 ,      198 ,       77 ,       51 ,      101 ,       89 ,      138 ,      150 ,       62 ,      165 ,      153 ,      183 ,      126 ,        8 ,        9 ,      124 ,      187 ,      136 ,       46 ,       69 ,        0 ,      154 ,       16 ,      167 ,      157 ,      106 ,       52 ,      192 ,       65 ,       87 ,       39 ,      177 ,       28 ,       85 ,      197 ,      194 ,      195 ,       36 ,      178 ,       84 ,       10 ,      132 ,      108 ,       40 ,       26 ,       70 ,       59 ,      122 ,       50 ,      100 ,       96 ,       93 ,      158 ,      104 ,      186 ,      164 ,       37 ,       73 ,        7 ,        2 ,      188 ,      103 ,      172 ,      184 ,      175 ,      160 ,      174 ,       78 ,       18 ,      193 ,      181 ,       66 ,       38 ,       12 ,        4 ,      163 ,      105 ,      116 ,      123 ,       83 ,      127 ,      121 ,      166 ,       22 ,       74 ,        1 ,       29 ,      146 ,       64 ,       57 ,        3 ,       99 ,       60 ,      170 ,      147 ,      189 ,       42 ,       48 ,       92 ,       88 ,       19 ,      130 ,       61 ,       68 ,       71 ,      159 ,      117 ,       17 ,      149 ,      129 ,       58 ,      102 ,       75 ,      152 ,       49 ,       63 ,      137 ,       98 ,      125 ,       95 ,      151 ,       33 ,      139 ,      111 ,      142 ,       90 ,      191 ,      133 ,      143 ,      114 ,       97 ,      135 ,       86 ,      109 ,       15 ,      196 ,      168 ,       43 ,      156 ,       53 ,       81 ,      119 ,       30 ,       47 ,      141 ,       72 ,      128 ,       76 ,       55 ,       20 ,       24 ,      162 ,       35 ,      169 ,        6 ,      107 ,      161 ,      176 ,      173 ,      115 ,      182 ,       23 ,      155 ,       11 ,       27 ,       44 ,      134 ,       91 ,       79 ,       67 ,      185 ,       25 ,      199 ,      118 ,       56 ,       54 ,       13 , 
       5 ,       21 ,       80 ,       94 ,      148 ,       82 ,      113 ,      180 ,      120 ,      140 ,       31 ,       41 ,      131 ,       14 ,      190 ,       45 ,      110 ,      179 ,      112 ,      171 ,       34 ,       32 ,      145 ,      144 ,       77 ,      198 ,      101 ,       89 ,      138 ,       51 ,       62 ,      165 ,      183 ,      150 ,      153 ,        8 ,      126 ,        9 ,      187 ,      124 ,       46 ,        0 ,      136 ,       69 ,       16 ,      157 ,      167 ,      154 ,      106 ,       65 ,       52 ,      192 ,       39 ,       87 ,       85 ,      177 ,      194 ,       28 ,      197 ,      195 ,      178 ,       36 ,      132 ,       84 ,       10 ,       40 ,       26 ,       59 ,      108 ,       50 ,       70 ,      122 ,      100 ,       93 ,       96 ,      104 ,      158 ,      186 ,      164 ,       73 ,        2 ,       37 ,      188 ,        7 ,      103 ,      172 ,      175 ,      184 ,      174 ,      160 ,      193 ,      181 ,       18 ,       66 ,       78 ,       12 ,        4 ,       38 ,      105 ,      163 ,      123 ,      116 ,      127 ,       83 ,      166 ,      121 ,        1 ,       74 ,       22 ,      146 ,       29 ,        3 ,       57 ,       64 ,       99 ,      147 ,      170 ,       60 ,       42 ,       48 ,       88 ,      189 ,       19 ,      130 ,       68 ,       61 ,       92 ,      117 ,       71 ,       17 ,      129 ,      159 ,       58 ,      149 ,       75 ,       49 ,       63 ,      102 ,      152 ,      137 ,       98 ,       95 ,       33 ,      151 ,      125 ,      142 ,      139 ,      191 ,      111 ,      143 ,       90 ,      133 ,      114 ,       86 ,      135 ,       97 ,      109 ,      168 ,       15 ,      156 ,      196 ,       53 ,       81 ,       43 ,       30 ,       47 ,      119 ,      141 ,       72 ,       55 ,       76 ,      128 ,       24 ,       35 ,       20 ,      169 ,      162 ,      161 ,        6 ,      107 ,      115 ,      182 ,      176 ,      173 ,       23 ,       11 ,      155 ,       27 ,       44 ,      134 ,       91 ,       79 ,      185 ,       67 ,       25 ,      118 ,       56 ,       54 ,      199 ,       13 , 
      21 ,       80 ,        5 ,       94 ,      148 ,       82 ,      120 ,      180 ,      113 ,       31 ,      140 ,       41 ,      131 ,       14 ,      190 ,       45 ,      110 ,      179 ,      112 ,       32 ,      171 ,       34 ,      144 ,      198 ,      145 ,       77 ,       89 ,      138 ,      101 ,       51 ,       62 ,      165 ,      150 ,      183 ,      153 ,        9 ,      126 ,      187 ,        8 ,      124 ,      136 ,       46 ,        0 ,       69 ,       16 ,      167 ,      157 ,      154 ,       52 ,      106 ,      192 ,       65 ,       85 ,       87 ,       39 ,      194 ,      197 ,       28 ,      177 ,      178 ,      195 ,       84 ,      132 ,       36 ,       26 ,       10 ,      108 ,       40 ,       59 ,       50 ,       70 ,       93 ,      100 ,       96 ,      122 ,      104 ,      158 ,      186 ,       73 ,       37 ,        2 ,      164 ,      188 ,        7 ,      175 ,      103 ,      184 ,      172 ,      174 ,      193 ,      160 ,      181 ,       18 ,       78 ,       12 ,       66 ,        4 ,      163 ,      123 ,      105 ,       38 ,       83 ,      166 ,      116 ,        1 ,       74 ,      127 ,      146 ,      121 ,       29 ,        3 ,       22 ,       57 ,       64 ,      147 ,      170 ,       99 ,       42 ,       48 ,       60 ,      189 ,       88 ,       68 ,       19 ,       92 ,      130 ,      117 ,       71 ,       61 ,      129 ,       58 ,       17 ,       75 ,       49 ,      159 ,       63 ,      149 ,      102 ,      152 ,      137 ,       98 ,       95 ,       33 ,      151 ,      125 ,      142 ,      111 ,      191 ,      139 ,       90 ,      143 ,       86 ,      114 ,      133 ,      135 ,      168 ,       97 ,      109 ,      156 ,      196 ,       15 ,       53 ,       81 ,       43 ,       47 ,       30 ,      141 ,       72 ,       76 ,      128 ,      119 ,       24 ,       55 ,       20 ,       35 ,      161 ,      169 ,      162 ,        6 ,      182 ,      107 ,      176 ,      115 ,       11 ,      173 ,       23 ,      155 ,       44 ,       27 ,      134 ,       91 ,       67 ,       79 ,      185 ,      118 ,       54 ,       25 ,      199 ,       56 ,       13 , 
      80 ,       94 ,       21 ,        5 ,      148 ,       82 ,      120 ,      180 ,      113 ,       41 ,      140 ,       31 ,      190 ,      131 ,       14 ,      110 ,      179 ,       32 ,       45 ,      171 ,      112 ,      144 ,      145 ,      198 ,       34 ,       77 ,      138 ,       89 ,       51 ,      165 ,      101 ,       62 ,      183 ,      150 ,      126 ,      187 ,      153 ,        9 ,      124 ,        8 ,      136 ,       69 ,       46 ,       16 ,        0 ,      167 ,       52 ,      154 ,      157 ,      106 ,      192 ,       87 ,       65 ,      194 ,      197 ,       85 ,      177 ,       39 ,      195 ,       28 ,       84 ,      132 ,      178 ,       10 ,       36 ,      108 ,       59 ,       26 ,       40 ,       50 ,      100 ,       70 ,       93 ,       96 ,      158 ,      186 ,       73 ,      104 ,       37 ,      122 ,      164 ,        2 ,      175 ,      188 ,        7 ,      103 ,      184 ,      172 ,      174 ,      181 ,      193 ,       78 ,      160 ,       12 ,       66 ,       18 ,        4 ,      123 ,      163 ,      105 ,       83 ,       38 ,      116 ,       74 ,      166 ,      146 ,      121 ,        1 ,      127 ,       29 ,       57 ,       22 ,        3 ,      170 ,      147 ,       64 ,       42 ,       99 ,       48 ,      189 ,       60 ,       88 ,       68 ,       92 ,      117 ,       19 ,       71 ,      130 ,       58 ,       61 ,       17 ,       49 ,      129 ,       75 ,      159 ,      102 ,       63 ,      149 ,      137 ,      152 ,       33 ,       98 ,       95 ,      125 ,      142 ,      151 ,      111 ,      139 ,       90 ,      191 ,      143 ,       86 ,      114 ,      133 ,      168 ,      135 ,      156 ,      196 ,       97 ,      109 ,       53 ,       15 ,       81 ,       43 ,       30 ,       47 ,      141 ,       76 ,       72 ,       24 ,      128 ,      119 ,       35 ,       55 ,       20 ,      162 ,        6 ,      161 ,      169 ,      107 ,      176 ,      182 ,       11 ,      115 ,      155 ,      173 ,       23 ,      134 ,       44 ,       27 ,       91 ,       79 ,       67 ,      185 ,      118 ,       54 ,       25 ,      199 ,       56 ,       13 , 
      80 ,       21 ,       94 ,      148 ,        5 ,       82 ,      120 ,       41 ,      140 ,      180 ,      113 ,      131 ,       14 ,      110 ,       31 ,      190 ,       32 ,      171 ,      179 ,      112 ,      144 ,       45 ,      145 ,       34 ,      198 ,      138 ,       77 ,       89 ,      165 ,       51 ,      101 ,      150 ,       62 ,      183 ,      187 ,      126 ,      124 ,      153 ,        9 ,        8 ,      136 ,       46 ,       69 ,       16 ,        0 ,      167 ,       52 ,      157 ,      106 ,      154 ,       87 ,      192 ,       65 ,       85 ,      194 ,      197 ,      177 ,       28 ,      195 ,       39 ,      178 ,       10 ,       84 ,      108 ,      132 ,       36 ,       40 ,       59 ,       50 ,      100 ,       93 ,       26 ,       70 ,      158 ,       96 ,      186 ,       73 ,      122 ,      104 ,        2 ,      164 ,       37 ,        7 ,      103 ,      175 ,      188 ,      184 ,      172 ,      174 ,      181 ,      193 ,      160 ,       78 ,       66 ,       12 ,       18 ,      163 ,      105 ,        4 ,       38 ,      123 ,      116 ,       83 ,      166 ,      146 ,      121 ,        1 ,      127 ,       74 ,       57 ,       29 ,       22 ,      147 ,       64 ,      170 ,        3 ,       99 ,      189 ,       60 ,       88 ,       42 ,       48 ,       68 ,       92 ,      117 ,       71 ,       58 ,       61 ,       19 ,       49 ,      130 ,       17 ,       75 ,      159 ,      129 ,      102 ,      149 ,       63 ,      137 ,       33 ,      152 ,       95 ,       98 ,      151 ,      125 ,      139 ,      142 ,      111 ,       90 ,      143 ,       86 ,      191 ,      133 ,      168 ,      114 ,      156 ,      135 ,       97 ,       53 ,      196 ,      109 ,       43 ,       81 ,       15 ,       30 ,       76 ,      141 ,       47 ,       72 ,       24 ,      119 ,       55 ,       35 ,      128 ,        6 ,       20 ,      162 ,      107 ,      176 ,      161 ,      115 ,       11 ,      169 ,      182 ,      155 ,      173 ,      134 ,       23 ,       44 ,       27 ,       91 ,       79 ,      118 ,       67 ,       54 ,      185 ,       25 ,       13 ,       56 ,      199 , 
      21 ,       80 ,      148 ,       94 ,        5 ,      120 ,       82 ,      140 ,      180 ,       41 ,      131 ,       14 ,      113 ,      190 ,      110 ,       31 ,      171 ,       32 ,      144 ,       45 ,      179 ,      112 ,      145 ,       34 ,       77 ,      198 ,      138 ,      165 ,       89 ,       51 ,       62 ,      101 ,      150 ,      183 ,      126 ,      187 ,      124 ,      153 ,        8 ,      136 ,        9 ,       16 ,       46 ,       69 ,        0 ,      167 ,       52 ,      157 ,      154 ,       87 ,      106 ,       85 ,      192 ,       65 ,      177 ,      194 ,      197 ,       39 ,      178 ,       28 ,      195 ,       84 ,      132 ,       10 ,      108 ,       36 ,       40 ,      100 ,       50 ,       26 ,       93 ,       59 ,       70 ,       96 ,       73 ,      122 ,      158 ,      186 ,      164 ,      104 ,        2 ,       37 ,        7 ,      103 ,      188 ,      175 ,      184 ,      174 ,      172 ,      181 ,      193 ,      160 ,       66 ,       18 ,      163 ,       78 ,       12 ,      105 ,       38 ,      123 ,      116 ,       83 ,      166 ,        4 ,      146 ,      127 ,      121 ,       74 ,       29 ,        1 ,       22 ,       57 ,      147 ,       64 ,        3 ,      189 ,      170 ,       99 ,       60 ,       88 ,       42 ,       68 ,       48 ,       71 ,      117 ,       61 ,       92 ,       19 ,      130 ,       58 ,       49 ,       75 ,       17 ,      102 ,      159 ,      149 ,      129 ,       63 ,      137 ,       33 ,       95 ,       98 ,      125 ,      139 ,      151 ,      152 ,      142 ,      111 ,       90 ,       86 ,      143 ,      191 ,      133 ,      156 ,      168 ,      114 ,      135 ,       53 ,       97 ,      109 ,      196 ,       15 ,       43 ,       81 ,       76 ,      141 ,       30 ,       47 ,      119 ,       24 ,       72 ,       35 ,      128 ,        6 ,       55 ,       20 ,      162 ,      176 ,      115 ,      107 ,      161 ,       11 ,      169 ,      155 ,      173 ,       23 ,      182 ,       27 ,      134 ,       44 ,      118 ,       79 ,       91 ,       54 ,      185 ,       67 ,       56 ,       25 ,       13 ,      199 , 
      21 ,       80 ,      148 ,       94 ,      120 ,        5 ,      180 ,       82 ,      140 ,       41 ,      131 ,       14 ,      113 ,      190 ,      110 ,       32 ,      171 ,       31 ,      179 ,       45 ,      144 ,      112 ,       34 ,       77 ,      145 ,      198 ,      138 ,      165 ,       51 ,      101 ,       89 ,       62 ,      150 ,      183 ,      126 ,      187 ,      124 ,        8 ,      153 ,        9 ,      136 ,       16 ,       46 ,        0 ,       69 ,       52 ,      167 ,      157 ,       87 ,      154 ,      192 ,      106 ,       65 ,       85 ,      177 ,      194 ,      197 ,       39 ,      195 ,      178 ,       10 ,       84 ,      132 ,       28 ,       36 ,       40 ,       50 ,      108 ,      100 ,       26 ,       59 ,       93 ,       73 ,       96 ,       70 ,      186 ,      122 ,      158 ,        2 ,      164 ,      104 ,       37 ,      103 ,        7 ,      188 ,      175 ,      174 ,      184 ,      172 ,      193 ,      181 ,       66 ,      160 ,       78 ,      163 ,       18 ,       83 ,      105 ,       38 ,      123 ,      166 ,       12 ,      116 ,      146 ,      127 ,       74 ,      121 ,        4 ,       22 ,       29 ,        1 ,       64 ,       57 ,      189 ,      147 ,      170 ,       42 ,       99 ,        3 ,       68 ,       48 ,       60 ,       88 ,       71 ,      117 ,       61 ,      130 ,       58 ,       92 ,       19 ,       49 ,       75 ,       17 ,      159 ,      129 ,      102 ,      149 ,       33 ,      137 ,       63 ,       95 ,      125 ,      139 ,      152 ,       98 ,      151 ,      111 ,       86 ,      142 ,      191 ,      156 ,       90 ,      143 ,      133 ,      114 ,      168 ,       97 ,       53 ,      135 ,      109 ,       15 ,      196 ,       76 ,       81 ,      141 ,       47 ,       43 ,      119 ,       24 ,       72 ,       30 ,       35 ,       55 ,      128 ,        6 ,      162 ,      115 ,       20 ,      176 ,       11 ,      107 ,      161 ,      155 ,       23 ,      173 ,      169 ,      182 ,       44 ,       27 ,       79 ,      134 ,       91 ,      118 ,       54 ,      185 ,       56 ,       67 ,       13 ,       25 ,      199 , 
